["add_ply",('%s',),{}]
["set_obj_matrix",('Mesh 1', array([[ -9.99992865e-01,   3.77761020e-03,   1.22463811e-16,          7.23925618e+02],       [  3.77761020e-03,   9.99992865e-01,  -4.62623844e-19,         -1.09178742e+03],       [ -1.22464685e-16,   0.00000000e+00,  -1.00000000e+00,          1.46890961e+02],       [  0.00000000e+00,   0.00000000e+00,   0.00000000e+00,          1.00000000e+00]])),{}]
["set_obj_matrix",('Mesh 1', array([[ -9.99981967e-01,   6.00543528e-03,   1.22462477e-16,          7.21491482e+02],       [  6.00543528e-03,   9.99981967e-01,  -7.35453742e-19,         -1.09339751e+03],       [ -1.22464685e-16,   0.00000000e+00,  -1.00000000e+00,          1.46890961e+02],       [  0.00000000e+00,   0.00000000e+00,   0.00000000e+00,          1.00000000e+00]])),{}]
["set_obj_matrix",('Mesh 1', array([[ -9.98563314e-01,   5.35845931e-02,   1.22288742e-16,          6.68642799e+02],       [  5.35845931e-02,   9.98563314e-01,  -6.56222033e-18,         -1.12649229e+03],       [ -1.22464685e-16,   0.00000000e+00,  -1.00000000e+00,          1.46890961e+02],       [  0.00000000e+00,   0.00000000e+00,   0.00000000e+00,          1.00000000e+00]])),{}]
["set_obj_matrix",('Mesh 1', array([[ -9.72224955e-01,   2.34048365e-01,   1.19063223e-16,          4.52934139e+02],       [  2.34048365e-01,   9.72224955e-01,  -2.86626594e-17,         -1.22919435e+03],       [ -1.22464685e-16,   0.00000000e+00,  -1.00000000e+00,          1.46890961e+02],       [  0.00000000e+00,   0.00000000e+00,   0.00000000e+00,          1.00000000e+00]])),{}]
["set_obj_matrix",('Mesh 1', array([[ -8.60111651e-01,   5.10105821e-01,   1.05333303e-16,          7.06716610e+01],       [  5.10105821e-01,   8.60111651e-01,  -6.24699488e-17,         -1.30808012e+03],       [ -1.22464685e-16,   0.00000000e+00,  -1.00000000e+00,          1.46890961e+02],       [  0.00000000e+00,   0.00000000e+00,   0.00000000e+00,          1.00000000e+00]])),{}]
["set_obj_matrix",('Mesh 1', array([[ -6.62580509e-01,   7.48990700e-01,   8.11427135e-17,         -3.33296224e+02],       [  7.48990700e-01,   6.62580509e-01,  -9.17249103e-17,         -1.26687872e+03],       [ -1.22464685e-16,   0.00000000e+00,  -1.00000000e+00,          1.46890961e+02],       [  0.00000000e+00,   0.00000000e+00,   0.00000000e+00,          1.00000000e+00]])),{}]
["set_obj_matrix",('Mesh 1', array([[ -5.77735662e-01,   8.16223930e-01,   7.07522161e-17,         -4.68287082e+02],       [  8.16223930e-01,   5.77735662e-01,  -9.99586067e-17,         -1.22342768e+03],       [ -1.22464685e-16,   0.00000000e+00,  -1.00000000e+00,          1.46890961e+02],       [  0.00000000e+00,   0.00000000e+00,   0.00000000e+00,          1.00000000e+00]])),{}]
["set_obj_matrix",('Mesh 1', array([[ -4.51380687e-01,   8.92331483e-01,   5.52781938e-17,         -6.43163708e+02],       [  8.92331483e-01,   4.51380687e-01,  -1.09279094e-16,         -1.14123114e+03],       [ -1.22464685e-16,   0.00000000e+00,  -1.00000000e+00,          1.46890961e+02],       [  0.00000000e+00,   0.00000000e+00,   0.00000000e+00,          1.00000000e+00]])),{}]
["set_obj_matrix",('Mesh 1', array([[ -3.93131653e-01,   9.19482193e-01,   4.81447442e-17,         -7.15139957e+02],       [  9.19482193e-01,   3.93131653e-01,  -1.12604097e-16,         -1.09756226e+03],       [ -1.22464685e-16,   0.00000000e+00,  -1.00000000e+00,          1.46890961e+02],       [  0.00000000e+00,   0.00000000e+00,   0.00000000e+00,          1.00000000e+00]])),{}]
["set_obj_matrix",('Mesh 1', array([[ -3.06381242e-01,   9.51908890e-01,   3.75208824e-17,         -8.13612272e+02],       [  9.51908890e-01,   3.06381242e-01,  -1.16575223e-16,         -1.02669525e+03],       [ -1.22464685e-16,   0.00000000e+00,  -1.00000000e+00,          1.46890961e+02],       [  0.00000000e+00,   0.00000000e+00,   0.00000000e+00,          1.00000000e+00]])),{}]
["set_obj_matrix",('Mesh 1', array([[ -2.30688707e-01,   9.73027605e-01,   2.82512199e-17,         -8.91719059e+02],       [  9.73027605e-01,   2.30688707e-01,  -1.19161519e-16,         -9.59638053e+02],       [ -1.22464685e-16,   0.00000000e+00,  -1.00000000e+00,          1.46890961e+02],       [  0.00000000e+00,   0.00000000e+00,   0.00000000e+00,          1.00000000e+00]])),{}]
["set_obj_matrix",('Mesh 1', array([[ -5.91420591e-02,   9.98249576e-01,   7.24281365e-18,         -1.04408056e+03],       [  9.98249576e-01,   5.91420591e-02,  -1.22250320e-16,         -7.91178772e+02],       [ -1.22464685e-16,   0.00000000e+00,  -1.00000000e+00,          1.46890961e+02],       [  0.00000000e+00,   0.00000000e+00,   0.00000000e+00,          1.00000000e+00]])),{}]
["set_obj_matrix",('Mesh 1', array([[ -7.71398410e-03,   9.99970247e-01,   9.44690634e-19,         -1.08339639e+03],       [  9.99970247e-01,   7.71398410e-03,  -1.22461042e-16,         -7.36424013e+02],       [ -1.22464685e-16,   0.00000000e+00,  -1.00000000e+00,          1.46890961e+02],       [  0.00000000e+00,   0.00000000e+00,   0.00000000e+00,          1.00000000e+00]])),{}]
["set_obj_matrix",('Mesh 1', array([[  5.64204296e-03,   9.99984084e-01,  -6.90951015e-19,         -1.09313525e+03],       [  9.99984084e-01,  -5.64204296e-03,  -1.22462736e-16,         -7.21888774e+02],       [ -1.22464685e-16,   0.00000000e+00,  -1.00000000e+00,          1.46890961e+02],       [  0.00000000e+00,   0.00000000e+00,   0.00000000e+00,          1.00000000e+00]])),{}]
["set_obj_matrix",('Mesh 1', array([[  1.13185213e-02,   9.99935943e-01,  -1.38611915e-18,         -1.09721555e+03],       [  9.99935943e-01,  -1.13185213e-02,  -1.22456841e-16,         -7.15671786e+02],       [ -1.22464685e-16,   0.00000000e+00,  -1.00000000e+00,          1.46890961e+02],       [  0.00000000e+00,   0.00000000e+00,   0.00000000e+00,          1.00000000e+00]])),{}]
["set_obj_matrix",('Mesh 1', array([[  1.99587892e-02,   9.99800804e-01,  -2.44424683e-18,         -1.10335888e+03],       [  9.99800804e-01,  -1.99587892e-02,  -1.22440291e-16,         -7.06163758e+02],       [ -1.22464685e-16,   0.00000000e+00,  -1.00000000e+00,          1.46890961e+02],       [  0.00000000e+00,   0.00000000e+00,   0.00000000e+00,          1.00000000e+00]])),{}]
["set_obj_matrix",('Mesh 1', array([[  5.59688942e-02,   9.98432513e-01,  -6.85421302e-18,         -1.12808572e+03],       [  9.98432513e-01,  -5.59688942e-02,  -1.22272723e-16,         -6.65950959e+02],       [ -1.22464685e-16,   0.00000000e+00,  -1.00000000e+00,          1.46890961e+02],       [  0.00000000e+00,   0.00000000e+00,   0.00000000e+00,          1.00000000e+00]])),{}]
["set_obj_matrix",('Mesh 1', array([[  9.79456116e-02,   9.95191769e-01,  -1.19948785e-17,         -1.15511734e+03],       [  9.95191769e-01,  -9.79456116e-02,  -1.21875847e-16,         -6.17877021e+02],       [ -1.22464685e-16,   0.00000000e+00,  -1.00000000e+00,          1.46890961e+02],       [  0.00000000e+00,   0.00000000e+00,   0.00000000e+00,          1.00000000e+00]])),{}]
["set_obj_matrix",('Mesh 1', array([[  1.04169508e-01,   9.94559558e-01,  -1.27570860e-17,         -1.15896010e+03],       [  9.94559558e-01,  -1.04169508e-01,  -1.21798423e-16,         -6.10638640e+02],       [ -1.22464685e-16,   0.00000000e+00,  -1.00000000e+00,          1.46890961e+02],       [  0.00000000e+00,   0.00000000e+00,   0.00000000e+00,          1.00000000e+00]])),{}]
["set_obj_matrix",('Mesh 1', array([[  1.17575728e-01,   9.93063919e-01,  -1.43988745e-17,         -1.16709162e+03],       [  9.93063919e-01,  -1.17575728e-01,  -1.21615260e-16,         -5.94949773e+02],       [ -1.22464685e-16,   0.00000000e+00,  -1.00000000e+00,          1.46890961e+02],       [  0.00000000e+00,   0.00000000e+00,   0.00000000e+00,          1.00000000e+00]])),{}]
["set_obj_matrix",('Mesh 1', array([[  2.05080529e-01,   9.78745103e-01,  -2.51151224e-17,         -1.21520520e+03],       [  9.78745103e-01,  -2.05080529e-01,  -1.19861711e-16,         -4.89228374e+02],       [ -1.22464685e-16,   0.00000000e+00,  -1.00000000e+00,          1.46890961e+02],       [  0.00000000e+00,   0.00000000e+00,   0.00000000e+00,          1.00000000e+00]])),{}]
["set_obj_matrix",('Mesh 1', array([[  3.20579574e-01,   9.47221588e-01,  -3.92596767e-17,         -1.26496315e+03],       [  9.47221588e-01,  -3.20579574e-01,  -1.16001194e-16,         -3.40494194e+02],       [ -1.22464685e-16,   0.00000000e+00,  -1.00000000e+00,          1.46890961e+02],       [  0.00000000e+00,   0.00000000e+00,   0.00000000e+00,          1.00000000e+00]])),{}]
["set_obj_matrix",('Mesh 1', array([[  3.27114987e-01,   9.44984542e-01,  -4.00600339e-17,         -1.26728498e+03],       [  9.44984542e-01,  -3.27114987e-01,  -1.15727235e-16,         -3.31748166e+02],       [ -1.22464685e-16,   0.00000000e+00,  -1.00000000e+00,          1.46890961e+02],       [  0.00000000e+00,   0.00000000e+00,   0.00000000e+00,          1.00000000e+00]])),{}]
["set_obj_matrix",('Mesh 1', array([[  3.30635275e-01,   9.43758611e-01,  -4.04911449e-17,         -1.26851281e+03],       [  9.43758611e-01,  -3.30635275e-01,  -1.15577101e-16,         -3.27021882e+02],       [ -1.22464685e-16,   0.00000000e+00,  -1.00000000e+00,          1.46890961e+02],       [  0.00000000e+00,   0.00000000e+00,   0.00000000e+00,          1.00000000e+00]])),{}]
["set_obj_matrix",('Mesh 1', array([[  3.34173417e-01,   9.42511606e-01,  -4.09244424e-17,         -1.26973070e+03],       [  9.42511606e-01,  -3.34173417e-01,  -1.15424387e-16,         -3.22260810e+02],       [ -1.22464685e-16,   0.00000000e+00,  -1.00000000e+00,          1.46890961e+02],       [  0.00000000e+00,   0.00000000e+00,   0.00000000e+00,          1.00000000e+00]])),{}]
["set_obj_matrix",('Mesh 1', array([[  3.41303167e-01,   9.39953269e-01,  -4.17975849e-17,         -1.27213533e+03],       [  9.39953269e-01,  -3.41303167e-01,  -1.15111081e-16,         -3.12633609e+02],       [ -1.22464685e-16,   0.00000000e+00,  -1.00000000e+00,          1.46890961e+02],       [  0.00000000e+00,   0.00000000e+00,   0.00000000e+00,          1.00000000e+00]])),{}]
["set_obj_matrix",('Mesh 1', array([[  3.38308339e-01,   9.41035317e-01,  -4.14308243e-17,         -1.27113336e+03],       [  9.41035317e-01,  -3.38308339e-01,  -1.15243594e-16,         -3.16682890e+02],       [ -1.22464685e-16,   0.00000000e+00,  -1.00000000e+00,          1.46890961e+02],       [  0.00000000e+00,   0.00000000e+00,   0.00000000e+00,          1.00000000e+00]])),{}]
["set_obj_matrix",('Mesh 1', array([[  3.35287098e-01,   9.42116002e-01,  -4.10608290e-17,         -1.27011068e+03],       [  9.42116002e-01,  -3.35287098e-01,  -1.15375940e-16,         -3.20759944e+02],       [ -1.22464685e-16,   0.00000000e+00,  -1.00000000e+00,          1.46890961e+02],       [  0.00000000e+00,   0.00000000e+00,   0.00000000e+00,          1.00000000e+00]])),{}]
["set_obj_matrix",('Mesh 1', array([[  2.71233330e-01,   9.62513626e-01,  -3.32165044e-17,         -1.24569059e+03],       [  9.62513626e-01,  -2.71233330e-01,  -1.17873928e-16,         -4.05367759e+02],       [ -1.22464685e-16,   0.00000000e+00,  -1.00000000e+00,          1.46890961e+02],       [  0.00000000e+00,   0.00000000e+00,   0.00000000e+00,          1.00000000e+00]])),{}]
["set_obj_matrix",('Mesh 1', array([[  2.05919737e-01,   9.78568885e-01,  -2.52178958e-17,         -1.21562427e+03],       [  9.78568885e-01,  -2.05919737e-01,  -1.19840130e-16,         -4.88186144e+02],       [ -1.22464685e-16,   0.00000000e+00,  -1.00000000e+00,          1.46890961e+02],       [  0.00000000e+00,   0.00000000e+00,   0.00000000e+00,          1.00000000e+00]])),{}]
["set_obj_matrix",('Mesh 1', array([[  2.02641050e-01,   9.79253085e-01,  -2.48163724e-17,         -1.21398236e+03],       [  9.79253085e-01,  -2.02641050e-01,  -1.19923921e-16,         -4.92254910e+02],       [ -1.22464685e-16,   0.00000000e+00,  -1.00000000e+00,          1.46890961e+02],       [  0.00000000e+00,   0.00000000e+00,   0.00000000e+00,          1.00000000e+00]])),{}]
["set_obj_matrix",('Mesh 1', array([[  2.06261012e-01,   9.78497008e-01,  -2.52596899e-17,         -1.21579445e+03],       [  9.78497008e-01,  -2.06261012e-01,  -1.19831328e-16,         -4.87762151e+02],       [ -1.22464685e-16,   0.00000000e+00,  -1.00000000e+00,          1.46890961e+02],       [  0.00000000e+00,   0.00000000e+00,   0.00000000e+00,          1.00000000e+00]])),{}]
["set_obj_matrix",('Mesh 1', array([[  2.09854085e-01,   9.77732716e-01,  -2.56997144e-17,         -1.21757802e+03],       [  9.77732716e-01,  -2.09854085e-01,  -1.19737729e-16,         -4.83292694e+02],       [ -1.22464685e-16,   0.00000000e+00,  -1.00000000e+00,          1.46890961e+02],       [  0.00000000e+00,   0.00000000e+00,   0.00000000e+00,          1.00000000e+00]])),{}]
["set_obj_matrix",('Mesh 1', array([[  2.13420420e-01,   9.76960452e-01,  -2.61364645e-17,         -1.21933345e+03],       [  9.76960452e-01,  -2.13420420e-01,  -1.19643154e-16,         -4.78846552e+02],       [ -1.22464685e-16,   0.00000000e+00,  -1.00000000e+00,          1.46890961e+02],       [  0.00000000e+00,   0.00000000e+00,   0.00000000e+00,          1.00000000e+00]])),{}]
["set_obj_matrix",('Mesh 1', array([[  2.54188120e-01,   9.67154796e-01,  -3.11290681e-17,         -1.23833536e+03],       [  9.67154796e-01,  -2.54188120e-01,  -1.18442308e-16,         -4.27309739e+02],       [ -1.22464685e-16,   0.00000000e+00,  -1.00000000e+00,          1.46890961e+02],       [  0.00000000e+00,   0.00000000e+00,   0.00000000e+00,          1.00000000e+00]])),{}]
["set_obj_matrix",('Mesh 1', array([[  3.37016771e-01,   9.41498644e-01,  -4.12726527e-17,         -1.27069762e+03],       [  9.41498644e-01,  -3.37016771e-01,  -1.15300335e-16,         -3.18426789e+02],       [ -1.22464685e-16,   0.00000000e+00,  -1.00000000e+00,          1.46890961e+02],       [  0.00000000e+00,   0.00000000e+00,   0.00000000e+00,          1.00000000e+00]])),{}]
["set_obj_matrix",('Mesh 1', array([[  3.61687174e-01,   9.32299517e-01,  -4.42939059e-17,         -1.27864052e+03],       [  9.32299517e-01,  -3.61687174e-01,  -1.14173767e-16,         -2.84862235e+02],       [ -1.22464685e-16,   0.00000000e+00,  -1.00000000e+00,          1.46890961e+02],       [  0.00000000e+00,   0.00000000e+00,   0.00000000e+00,          1.00000000e+00]])),{}]
["set_obj_matrix",('Mesh 1', array([[  3.73031969e-01,   9.27818490e-01,  -4.56832426e-17,         -1.28202000e+03],       [  9.27818490e-01,  -3.73031969e-01,  -1.13624999e-16,         -2.69244856e+02],       [ -1.22464685e-16,   0.00000000e+00,  -1.00000000e+00,          1.46890961e+02],       [  0.00000000e+00,   0.00000000e+00,   0.00000000e+00,          1.00000000e+00]])),{}]
["set_obj_matrix",('Mesh 1', array([[  3.88409743e-01,   9.21486772e-01,  -4.75664770e-17,         -1.28632018e+03],       [  9.21486772e-01,  -3.88409743e-01,  -1.12849588e-16,         -2.47887994e+02],       [ -1.22464685e-16,   0.00000000e+00,  -1.00000000e+00,          1.46890961e+02],       [  0.00000000e+00,   0.00000000e+00,   0.00000000e+00,          1.00000000e+00]])),{}]
["set_obj_matrix",('Mesh 1', array([[  4.21227556e-01,   9.06954986e-01,  -5.15855001e-17,         -1.29438725e+03],       [  9.06954986e-01,  -4.21227556e-01,  -1.11069957e-16,         -2.01568130e+02],       [ -1.22464685e-16,   0.00000000e+00,  -1.00000000e+00,          1.46890961e+02],       [  0.00000000e+00,   0.00000000e+00,   0.00000000e+00,          1.00000000e+00]])),{}]
["set_obj_matrix",('Mesh 1', array([[  4.33448126e-01,   9.01178518e-01,  -5.30820884e-17,         -1.29699354e+03],       [  9.01178518e-01,  -4.33448126e-01,  -1.10362544e-16,         -1.84053853e+02],       [ -1.22464685e-16,   0.00000000e+00,  -1.00000000e+00,          1.46890961e+02],       [  0.00000000e+00,   0.00000000e+00,   0.00000000e+00,          1.00000000e+00]])),{}]
["set_obj_matrix",('Mesh 1', array([[  4.34787708e-01,   9.00532980e-01,  -5.32461399e-17,         -1.29726580e+03],       [  9.00532980e-01,  -4.34787708e-01,  -1.10283488e-16,         -1.82125008e+02],       [ -1.22464685e-16,   0.00000000e+00,  -1.00000000e+00,          1.46890961e+02],       [  0.00000000e+00,   0.00000000e+00,   0.00000000e+00,          1.00000000e+00]])),{}]
["set_obj_matrix",('Mesh 1', array([[  4.54447737e-01,   8.90773402e-01,  -5.56537991e-17,         -1.30095056e+03],       [  8.90773402e-01,  -4.54447737e-01,  -1.09088284e-16,         -1.53608943e+02],       [ -1.22464685e-16,   0.00000000e+00,  -1.00000000e+00,          1.46890961e+02],       [  0.00000000e+00,   0.00000000e+00,   0.00000000e+00,          1.00000000e+00]])),{}]
["set_obj_matrix",('Mesh 1', array([[  4.90087863e-01,   8.71673039e-01,  -6.00184559e-17,         -1.30609702e+03],       [  8.71673039e-01,  -4.90087863e-01,  -1.06749164e-16,         -1.00889324e+02],       [ -1.22464685e-16,   0.00000000e+00,  -1.00000000e+00,          1.46890961e+02],       [  0.00000000e+00,   0.00000000e+00,   0.00000000e+00,          1.00000000e+00]])),{}]
["set_obj_matrix",('Mesh 1', array([[  5.01002900e-01,   8.65445605e-01,  -6.13551624e-17,         -1.30726170e+03],       [  8.65445605e-01,  -5.01002900e-01,  -1.05986524e-16,         -8.44685082e+01],       [ -1.22464685e-16,   0.00000000e+00,  -1.00000000e+00,          1.46890961e+02],       [  0.00000000e+00,   0.00000000e+00,   0.00000000e+00,          1.00000000e+00]])),{}]
["set_obj_matrix",('Mesh 1', array([[  5.05547889e-01,   8.62798547e-01,  -6.19117631e-17,         -1.30768789e+03],       [  8.62798547e-01,  -5.05547889e-01,  -1.05662352e-16,         -7.75916338e+01],       [ -1.22464685e-16,   0.00000000e+00,  -1.00000000e+00,          1.46890961e+02],       [  0.00000000e+00,   0.00000000e+00,   0.00000000e+00,          1.00000000e+00]])),{}]
["set_obj_matrix",('Mesh 1', array([[  5.10105821e-01,   8.60111651e-01,  -6.24699488e-17,         -1.30808012e+03],       [  8.60111651e-01,  -5.10105821e-01,  -1.05333303e-16,         -7.06716610e+01],       [ -1.22464685e-16,   0.00000000e+00,  -1.00000000e+00,          1.46890961e+02],       [  0.00000000e+00,   0.00000000e+00,   0.00000000e+00,          1.00000000e+00]])),{}]
["set_obj_matrix",('Mesh 1', array([[  5.51640409e-01,   8.34082046e-01,  -6.75564691e-17,         -1.30997175e+03],       [  8.34082046e-01,  -5.51640409e-01,  -1.02145595e-16,         -6.48791002e+00],       [ -1.22464685e-16,   0.00000000e+00,  -1.00000000e+00,          1.46890961e+02],       [  0.00000000e+00,   0.00000000e+00,   0.00000000e+00,          1.00000000e+00]])),{}]
["set_obj_matrix",('Mesh 1', array([[  5.68144168e-01,   8.22929040e-01,  -6.95775967e-17,         -1.30984110e+03],       [  8.22929040e-01,  -5.68144168e-01,  -1.00779746e-16,          1.96053135e+01],       [ -1.22464685e-16,   0.00000000e+00,  -1.00000000e+00,          1.46890961e+02],       [  0.00000000e+00,   0.00000000e+00,   0.00000000e+00,          1.00000000e+00]])),{}]
["set_obj_matrix",('Mesh 1', array([[  5.63428742e-01,   8.26164664e-01,  -6.90001235e-17,         -1.30993180e+03],       [  8.26164664e-01,  -5.63428742e-01,  -1.01175996e-16,          1.21143224e+01],       [ -1.22464685e-16,   0.00000000e+00,  -1.00000000e+00,          1.46890961e+02],       [  0.00000000e+00,   0.00000000e+00,   0.00000000e+00,          1.00000000e+00]])),{}]
["set_obj_matrix",('Mesh 1', array([[  5.58720545e-01,   8.29355986e-01,  -6.84235357e-17,         -1.30997951e+03],       [  8.29355986e-01,  -5.58720545e-01,  -1.01566820e-16,          4.66345956e+00],       [ -1.22464685e-16,   0.00000000e+00,  -1.00000000e+00,          1.46890961e+02],       [  0.00000000e+00,   0.00000000e+00,   0.00000000e+00,          1.00000000e+00]])),{}]
["set_obj_matrix",('Mesh 1', array([[  5.60975619e-01,   8.27832323e-01,  -6.86997027e-17,         -1.30996197e+03],       [  8.27832323e-01,  -5.60975619e-01,  -1.01380225e-16,          8.22863188e+00],       [ -1.22464685e-16,   0.00000000e+00,  -1.00000000e+00,          1.46890961e+02],       [  0.00000000e+00,   0.00000000e+00,   0.00000000e+00,          1.00000000e+00]])),{}]
["add_polygon_ray",(array([ 851.95648193,  108.48621368, -919.5267334 ], dtype=float32), array([  851.95648193,   108.48621368,  1213.30871582], dtype=float32), array([  2.61197016e-13,   0.00000000e+00,   2.13283545e+03], dtype=float32)),{}]
["add_polygon_ray",(array([ 1068.55090332,   276.03436279,  -919.5267334 ], dtype=float32), array([ 1068.55090332,   276.03436279,  1213.30871582], dtype=float32), array([  2.61197016e-13,   0.00000000e+00,   2.13283545e+03], dtype=float32)),{}]
["add_polygon_ray",(array([ 1284.14782715,   624.60705566,  -919.5267334 ], dtype=float32), array([ 1284.14782715,   624.60705566,  1213.30871582], dtype=float32), array([  2.61197016e-13,   0.00000000e+00,   2.13283545e+03], dtype=float32)),{}]
["add_polygon_ray",(array([ 1199.23876953,  1130.44055176,  -919.5267334 ], dtype=float32), array([ 1199.23876953,  1130.44055176,  1213.30871582], dtype=float32), array([  2.61197016e-13,   0.00000000e+00,   2.13283545e+03], dtype=float32)),{}]
["add_polygon_ray",(array([  925.03051758,  1166.82434082,  -919.5267334 ], dtype=float32), array([  925.03051758,  1166.82434082,  1213.30871582], dtype=float32), array([  2.61197016e-13,   0.00000000e+00,   2.13283545e+03], dtype=float32)),{}]
["add_polygon_ray",(array([  828.05841064,  1016.11846924,  -919.5267334 ], dtype=float32), array([  828.05841064,  1016.11846924,  1213.30871582], dtype=float32), array([  2.61197016e-13,   0.00000000e+00,   2.13283545e+03], dtype=float32)),{}]
["add_polygon_ray",(array([  631.09729004,  1098.05981445,  -919.5267334 ], dtype=float32), array([  631.09729004,  1098.05981445,  1213.30871582], dtype=float32), array([  2.61197016e-13,   0.00000000e+00,   2.13283545e+03], dtype=float32)),{}]
["add_polygon_ray",(array([  458.04092407,  1055.59301758,  -919.5267334 ], dtype=float32), array([  458.04092407,  1055.59301758,  1213.30871582], dtype=float32), array([  2.61197016e-13,   0.00000000e+00,   2.13283545e+03], dtype=float32)),{}]
["add_polygon_ray",(array([  339.32440186,  1002.06719971,  -919.5267334 ], dtype=float32), array([  339.32440186,  1002.06719971,  1213.30871582], dtype=float32), array([  2.61197016e-13,   0.00000000e+00,   2.13283545e+03], dtype=float32)),{}]
["add_polygon_ray",(array([ 212.49873352,  814.91040039, -919.5267334 ], dtype=float32), array([  212.49873352,   814.91040039,  1213.30871582], dtype=float32), array([  2.61197016e-13,   0.00000000e+00,   2.13283545e+03], dtype=float32)),{}]
["add_polygon_ray",(array([ 156.7230072 ,  543.60583496, -922.56359863], dtype=float32), array([  172.39369202,   515.78527832,  1210.03283691], dtype=float32), array([   15.67069626,   -27.82052994,  2132.59643555], dtype=float32)),{}]
["add_polygon_ray",(array([ 271.41729736,  267.12713623, -927.01318359], dtype=float32), array([  287.08798218,   239.30657959,  1205.58337402], dtype=float32), array([   15.67069626,   -27.82052994,  2132.59643555], dtype=float32)),{}]
["add_polygon_ray",(array([ 583.3125    ,   35.74525833, -932.32348633], dtype=float32), array([  598.98327637,     7.92475128,  1200.27294922], dtype=float32), array([   15.67069626,   -27.82052994,  2132.59643555], dtype=float32)),{}]
["select_region_polygon",(),{}]
["crop_selection",(),{}]
["save_ply",('%s',),{}]