["add_ply",('%s',),{}]
["add_polygon_ray",(array([ 359.34246826,  308.76702881, -125.77999878], dtype=float32), array([ 359.34246826,  308.76702881,  326.25888062], dtype=float32), array([  5.53588005e-14,   0.00000000e+00,   4.52038879e+02], dtype=float32)),{}]
["add_polygon_ray",(array([ 226.4430542 ,  393.75030518, -125.77999878], dtype=float32), array([ 226.4430542 ,  393.75030518,  326.25888062], dtype=float32), array([  5.53588005e-14,   0.00000000e+00,   4.52038879e+02], dtype=float32)),{}]
["add_polygon_ray",(array([  47.43566895,  345.834198  , -125.77999878], dtype=float32), array([  47.43566895,  345.834198  ,  326.25888062], dtype=float32), array([  5.53588005e-14,   0.00000000e+00,   4.52038879e+02], dtype=float32)),{}]
["add_polygon_ray",(array([  38.3948822 ,  241.86526489, -125.77999878], dtype=float32), array([  38.3948822 ,  241.86526489,  326.25888062], dtype=float32), array([  5.53588005e-14,   0.00000000e+00,   4.52038879e+02], dtype=float32)),{}]
["add_polygon_ray",(array([ 105.29663849,  162.30641174, -125.77999878], dtype=float32), array([ 105.29663849,  162.30641174,  326.25888062], dtype=float32), array([  5.53588005e-14,   0.00000000e+00,   4.52038879e+02], dtype=float32)),{}]
["add_polygon_ray",(array([ 151.23684692,  143.56988525,  -13.44670868], dtype=float32), array([ 151.23684692,  143.56988525,  213.92559814], dtype=float32), array([  2.78450765e-14,   0.00000000e+00,   2.27372299e+02], dtype=float32)),{}]
["add_polygon_ray",(array([ 100.7602005 ,   94.91221619,  -13.44670868], dtype=float32), array([ 100.7602005 ,   94.91221619,  213.92559814], dtype=float32), array([  2.78450765e-14,   0.00000000e+00,   2.27372299e+02], dtype=float32)),{}]
["add_polygon_ray",(array([ 159.54130554,   20.36621094, -125.77999878], dtype=float32), array([ 159.54130554,   20.36621094,  326.25888062], dtype=float32), array([  5.53588005e-14,   0.00000000e+00,   4.52038879e+02], dtype=float32)),{}]
["add_polygon_ray",(array([ 315.94674683,   12.22950745, -125.77999878], dtype=float32), array([ 315.94674683,   12.22950745,  326.25888062], dtype=float32), array([  5.53588005e-14,   0.00000000e+00,   4.52038879e+02], dtype=float32)),{}]
["add_polygon_ray",(array([ 383.75256348,  174.05941772, -125.77999878], dtype=float32), array([ 383.75256348,  174.05941772,  326.25888062], dtype=float32), array([  5.53588005e-14,   0.00000000e+00,   4.52038879e+02], dtype=float32)),{}]
["select_region_polygon",(),{}]
["crop_selection",(),{}]
["transform_mesh",(array([[ 0.,  1.,  0.],       [ 1.,  0.,  0.],       [ 0.,  0.,  1.]], dtype=float32), array([ 0.,  0.,  0.], dtype=float32)),{'reverse': True}]
["set_obj_matrix",('Mesh 1', array([[ -9.99999654e-01,   8.32038762e-04,   1.22464643e-16,          1.79283120e+02],       [  8.32038762e-04,   9.99999654e-01,  -1.01895365e-19,         -1.77824968e+02],       [ -1.22464685e-16,   0.00000000e+00,  -1.00000000e+00,          1.00239441e+02],       [  0.00000000e+00,   0.00000000e+00,   0.00000000e+00,          1.00000000e+00]])),{}]
["set_obj_matrix",('Mesh 1', array([[ -9.99936820e-01,   1.12408447e-02,   1.22456948e-16,          1.77422453e+02],       [  1.12408447e-02,   9.99936820e-01,  -1.37660651e-18,         -1.79681466e+02],       [ -1.22464685e-16,   0.00000000e+00,  -1.00000000e+00,          1.00239441e+02],       [  0.00000000e+00,   0.00000000e+00,   0.00000000e+00,          1.00000000e+00]])),{}]
["set_obj_matrix",('Mesh 1', array([[ -9.98035479e-01,   6.26512825e-02,   1.22224101e-16,          1.67946906e+02],       [  6.26512825e-02,   9.98035479e-01,  -7.67256960e-18,         -1.88568271e+02],       [ -1.22464685e-16,   0.00000000e+00,  -1.00000000e+00,          1.00239441e+02],       [  0.00000000e+00,   0.00000000e+00,   0.00000000e+00,          1.00000000e+00]])),{}]
["set_obj_matrix",('Mesh 1', array([[ -9.92632334e-01,   1.21165380e-01,   1.21562406e-16,          1.56580879e+02],       [  1.21165380e-01,   9.92632334e-01,  -1.48384801e-17,         -1.98107507e+02],       [ -1.22464685e-16,   0.00000000e+00,  -1.00000000e+00,          1.00239441e+02],       [  0.00000000e+00,   0.00000000e+00,   0.00000000e+00,          1.00000000e+00]])),{}]
["set_obj_matrix",('Mesh 1', array([[ -9.88172107e-01,   1.53348907e-01,   1.21016186e-16,          1.50062344e+02],       [  1.53348907e-01,   9.88172107e-01,  -1.87798257e-17,         -2.03089756e+02],       [ -1.22464685e-16,   0.00000000e+00,  -1.00000000e+00,          1.00239441e+02],       [  0.00000000e+00,   0.00000000e+00,   0.00000000e+00,          1.00000000e+00]])),{}]
["set_obj_matrix",('Mesh 1', array([[ -9.81983828e-01,   1.88964975e-01,   1.20258340e-16,          1.42623864e+02],       [  1.88964975e-01,   9.81983828e-01,  -2.31415362e-17,         -2.08380876e+02],       [ -1.22464685e-16,   0.00000000e+00,  -1.00000000e+00,          1.00239441e+02],       [  0.00000000e+00,   0.00000000e+00,   0.00000000e+00,          1.00000000e+00]])),{}]
["set_obj_matrix",('Mesh 1', array([[ -9.78687481e-01,   2.05355339e-01,   1.19854654e-16,          1.39120227e+02],       [  2.05355339e-01,   9.78687481e-01,  -2.51487770e-17,         -2.10736135e+02],       [ -1.22464685e-16,   0.00000000e+00,  -1.00000000e+00,          1.00239441e+02],       [  0.00000000e+00,   0.00000000e+00,   0.00000000e+00,          1.00000000e+00]])),{}]
["set_obj_matrix",('Mesh 1', array([[ -9.65645644e-01,   2.59862444e-01,   1.18257490e-16,          1.27095527e+02],       [  2.59862444e-01,   9.65645644e-01,  -3.18239724e-17,         -2.18199182e+02],       [ -1.22464685e-16,   0.00000000e+00,  -1.00000000e+00,          1.00239441e+02],       [  0.00000000e+00,   0.00000000e+00,   0.00000000e+00,          1.00000000e+00]])),{}]
["set_obj_matrix",('Mesh 1', array([[ -9.64511506e-01,   2.64040819e-01,   1.18118598e-16,          1.26149632e+02],       [  2.64040819e-01,   9.64511506e-01,  -3.23356757e-17,         -2.18747403e+02],       [ -1.22464685e-16,   0.00000000e+00,  -1.00000000e+00,          1.00239441e+02],       [  0.00000000e+00,   0.00000000e+00,   0.00000000e+00,          1.00000000e+00]])),{}]
["set_obj_matrix",('Mesh 1', array([[ -9.62202855e-01,   2.72333739e-01,   1.17835870e-16,          1.24261938e+02],       [  2.72333739e-01,   9.62202855e-01,  -3.33512656e-17,         -2.19825219e+02],       [ -1.22464685e-16,   0.00000000e+00,  -1.00000000e+00,          1.00239441e+02],       [  0.00000000e+00,   0.00000000e+00,   0.00000000e+00,          1.00000000e+00]])),{}]
["set_obj_matrix",('Mesh 1', array([[ -9.57430988e-01,   2.88662267e-01,   1.17251485e-16,          1.20504533e+02],       [  2.88662267e-01,   9.57430988e-01,  -3.53509336e-17,         -2.21907218e+02],       [ -1.22464685e-16,   0.00000000e+00,  -1.00000000e+00,          1.00239441e+02],       [  0.00000000e+00,   0.00000000e+00,   0.00000000e+00,          1.00000000e+00]])),{}]
["set_obj_matrix",('Mesh 1', array([[ -9.54346336e-01,   2.98702313e-01,   1.16873724e-16,          1.18167179e+02],       [  2.98702313e-01,   9.54346336e-01,  -3.65804847e-17,         -2.23160646e+02],       [ -1.22464685e-16,   0.00000000e+00,  -1.00000000e+00,          1.00239441e+02],       [  0.00000000e+00,   0.00000000e+00,   0.00000000e+00,          1.00000000e+00]])),{}]
["set_obj_matrix",('Mesh 1', array([[ -9.54339973e-01,   2.98722641e-01,   1.16872944e-16,          1.18162425e+02],       [  2.98722641e-01,   9.54339973e-01,  -3.65829742e-17,         -2.23163163e+02],       [ -1.22464685e-16,   0.00000000e+00,  -1.00000000e+00,          1.00239441e+02],       [  0.00000000e+00,   0.00000000e+00,   0.00000000e+00,          1.00000000e+00]])),{}]
["set_obj_matrix",('Mesh 1', array([[ -9.57930662e-01,   2.86999734e-01,   1.17312677e-16,          1.20889582e+02],       [  2.86999734e-01,   9.57930662e-01,  -3.51473321e-17,         -2.21697688e+02],       [ -1.22464685e-16,   0.00000000e+00,  -1.00000000e+00,          1.00239441e+02],       [  0.00000000e+00,   0.00000000e+00,   0.00000000e+00,          1.00000000e+00]])),{}]
["set_obj_matrix",('Mesh 1', array([[ -9.58496440e-01,   2.85104496e-01,   1.17381965e-16,          1.21327838e+02],       [  2.85104496e-01,   9.58496440e-01,  -3.49152324e-17,         -2.21458149e+02],       [ -1.22464685e-16,   0.00000000e+00,  -1.00000000e+00,          1.00239441e+02],       [  0.00000000e+00,   0.00000000e+00,   0.00000000e+00,          1.00000000e+00]])),{}]
["set_obj_matrix",('Mesh 1', array([[ -9.60813999e-01,   2.77193902e-01,   1.17665784e-16,          1.23149201e+02],       [  2.77193902e-01,   9.60813999e-01,  -3.39464640e-17,         -2.20450517e+02],       [ -1.22464685e-16,   0.00000000e+00,  -1.00000000e+00,          1.00239441e+02],       [  0.00000000e+00,   0.00000000e+00,   0.00000000e+00,          1.00000000e+00]])),{}]
["set_obj_matrix",('Mesh 1', array([[ -9.62478240e-01,   2.71358871e-01,   1.17869595e-16,          1.24484561e+02],       [  2.71358871e-01,   9.62478240e-01,  -3.32318787e-17,         -2.19699227e+02],       [ -1.22464685e-16,   0.00000000e+00,  -1.00000000e+00,          1.00239441e+02],       [  0.00000000e+00,   0.00000000e+00,   0.00000000e+00,          1.00000000e+00]])),{}]
["set_obj_matrix",('Mesh 1', array([[ -9.63595592e-01,   2.67364050e-01,   1.18006431e-16,          1.25394831e+02],       [  2.67364050e-01,   9.63595592e-01,  -3.27426543e-17,         -2.19180958e+02],       [ -1.22464685e-16,   0.00000000e+00,  -1.00000000e+00,          1.00239441e+02],       [  0.00000000e+00,   0.00000000e+00,   0.00000000e+00,          1.00000000e+00]])),{}]
["set_obj_matrix",('Mesh 1', array([[ -9.64099889e-01,   2.65539836e-01,   1.18068189e-16,          1.25809436e+02],       [  2.65539836e-01,   9.64099889e-01,  -3.25192524e-17,         -2.18943239e+02],       [ -1.22464685e-16,   0.00000000e+00,  -1.00000000e+00,          1.00239441e+02],       [  0.00000000e+00,   0.00000000e+00,   0.00000000e+00,          1.00000000e+00]])),{}]
["save_ply",('%s',),{}]