["add_ply",('%s',),{}]
["add_polygon_ray",(array([ 802.6829834 ,  913.05273438, -641.73852539], dtype=float32), array([ 802.6829834 ,  913.05273438,  730.39758301], dtype=float32), array([  1.68038218e-13,   0.00000000e+00,   1.37213611e+03], dtype=float32)),{}]
["add_polygon_ray",(array([ 646.25946045,  896.58709717, -641.73852539], dtype=float32), array([ 646.25946045,  896.58709717,  730.39758301], dtype=float32), array([  1.68038218e-13,   0.00000000e+00,   1.37213611e+03], dtype=float32)),{}]
["add_polygon_ray",(array([ 470.6260376 ,  830.72454834, -641.73852539], dtype=float32), array([ 470.6260376 ,  830.72454834,  730.39758301], dtype=float32), array([  1.68038218e-13,   0.00000000e+00,   1.37213611e+03], dtype=float32)),{}]
["add_polygon_ray",(array([ 377.32077026,  718.20941162, -641.73852539], dtype=float32), array([ 377.32080078,  718.20941162,  730.39758301], dtype=float32), array([  1.68038218e-13,   0.00000000e+00,   1.37213611e+03], dtype=float32)),{}]
["add_polygon_ray",(array([ 371.83224487,  559.04156494, -641.73852539], dtype=float32), array([ 371.83224487,  559.04156494,  730.39758301], dtype=float32), array([  1.68038218e-13,   0.00000000e+00,   1.37213611e+03], dtype=float32)),{}]
["add_polygon_ray",(array([ 155.034729  ,  545.32025146, -641.73852539], dtype=float32), array([ 155.034729  ,  545.32025146,  730.39758301], dtype=float32), array([  1.68038218e-13,   0.00000000e+00,   1.37213611e+03], dtype=float32)),{}]
["add_polygon_ray",(array([  45.26385498,  446.52642822, -641.73852539], dtype=float32), array([  45.26385498,  446.52642822,  730.39758301], dtype=float32), array([  1.68038218e-13,   0.00000000e+00,   1.37213611e+03], dtype=float32)),{}]
["add_polygon_ray",(array([ 149.5461731 ,  254.42736816, -641.73852539], dtype=float32), array([ 149.5461731 ,  254.42736816,  730.39758301], dtype=float32), array([  1.68038218e-13,   0.00000000e+00,   1.37213611e+03], dtype=float32)),{}]
["add_polygon_ray",(array([ 470.6260376 ,  106.2366333 , -641.73852539], dtype=float32), array([ 470.6260376 ,  106.2366333 ,  730.39758301], dtype=float32), array([  1.68038218e-13,   0.00000000e+00,   1.37213611e+03], dtype=float32)),{}]
["add_polygon_ray",(array([ 805.42724609,   62.32830811, -641.73852539], dtype=float32), array([ 805.42730713,   62.32830811,  730.39758301], dtype=float32), array([  1.68038218e-13,   0.00000000e+00,   1.37213611e+03], dtype=float32)),{}]
["add_polygon_ray",(array([ 1093.57592773,   191.30911255,  -641.73852539], dtype=float32), array([ 1093.57592773,   191.30911255,   730.39758301], dtype=float32), array([  1.68038218e-13,   0.00000000e+00,   1.37213611e+03], dtype=float32)),{}]
["add_polygon_ray",(array([ 1208.83532715,   575.50720215,  -641.73852539], dtype=float32), array([ 1208.83532715,   575.50720215,   730.39758301], dtype=float32), array([  1.68038218e-13,   0.00000000e+00,   1.37213611e+03], dtype=float32)),{}]
["add_polygon_ray",(array([ 1013.99194336,   882.86572266,  -641.73852539], dtype=float32), array([ 1013.99200439,   882.86572266,   730.39758301], dtype=float32), array([  1.68038218e-13,   0.00000000e+00,   1.37213611e+03], dtype=float32)),{}]
["select_region_polygon",(),{}]
["crop_selection",(),{}]
["transform_mesh",(array([[ 0.,  1.,  0.],       [ 1.,  0.,  0.],       [ 0.,  0.,  1.]], dtype=float32), array([ 0.,  0.,  0.], dtype=float32)),{'reverse': True}]
["set_obj_matrix",('Mesh 1', array([[ -9.99989203e-01,  -4.64689041e-03,   1.22463363e-16,          5.75125569e+02],       [ -4.64689041e-03,   9.99989203e-01,   5.69079972e-19,         -6.35959809e+02],       [ -1.22464685e-16,   0.00000000e+00,  -1.00000000e+00,          4.43295364e+01],       [  0.00000000e+00,   0.00000000e+00,   0.00000000e+00,          1.00000000e+00]])),{}]
["set_obj_matrix",('Mesh 1', array([[ -9.99719225e-01,  -2.36954013e-02,   1.22430300e-16,          5.87135961e+02],       [ -2.36954013e-02,   9.99719225e-01,   2.90184986e-18,         -6.24888519e+02],       [ -1.22464685e-16,   0.00000000e+00,  -1.00000000e+00,          4.43295364e+01],       [  0.00000000e+00,   0.00000000e+00,   0.00000000e+00,          1.00000000e+00]])),{}]
["set_obj_matrix",('Mesh 1', array([[ -9.92456402e-01,  -1.22598086e-01,   1.21540861e-16,          6.46142210e+02],       [ -1.22598086e-01,   9.92456402e-01,   1.50139360e-17,         -5.63661728e+02],       [ -1.22464685e-16,   0.00000000e+00,  -1.00000000e+00,          4.43295364e+01],       [  0.00000000e+00,   0.00000000e+00,   0.00000000e+00,          1.00000000e+00]])),{}]
["set_obj_matrix",('Mesh 1', array([[ -9.25393525e-01,  -3.79007683e-01,   1.13328027e-16,          7.71520942e+02],       [ -3.79007683e-01,   9.25393525e-01,   4.64150566e-17,         -3.74125293e+02],       [ -1.22464685e-16,   0.00000000e+00,  -1.00000000e+00,          4.43295364e+01],       [  0.00000000e+00,   0.00000000e+00,   0.00000000e+00,          1.00000000e+00]])),{}]
["set_obj_matrix",('Mesh 1', array([[ -8.54398020e-01,  -5.19619113e-01,   1.04633585e-16,          8.20697904e+02],       [ -5.19619113e-01,   8.54398020e-01,   6.36349911e-17,         -2.48332938e+02],       [ -1.22464685e-16,   0.00000000e+00,  -1.00000000e+00,          4.43295364e+01],       [  0.00000000e+00,   0.00000000e+00,   0.00000000e+00,          1.00000000e+00]])),{}]
["set_obj_matrix",('Mesh 1', array([[ -7.64128785e-01,  -6.45063718e-01,   9.35787911e-17,          8.49161208e+02],       [ -6.45063718e-01,   7.64128785e-01,   7.89975252e-17,         -1.18909801e+02],       [ -1.22464685e-16,   0.00000000e+00,  -1.00000000e+00,          4.43295364e+01],       [  0.00000000e+00,   0.00000000e+00,   0.00000000e+00,          1.00000000e+00]])),{}]
["set_obj_matrix",('Mesh 1', array([[ -6.31584609e-01,  -7.75306960e-01,   7.73468104e-17,          8.56500840e+02],       [ -7.75306960e-01,   6.31584609e-01,   9.49477228e-17,          4.02567976e+01],       [ -1.22464685e-16,   0.00000000e+00,  -1.00000000e+00,          4.43295364e+01],       [  0.00000000e+00,   0.00000000e+00,   0.00000000e+00,          1.00000000e+00]])),{}]
["set_obj_matrix",('Mesh 1', array([[ -5.88783808e-01,  -8.08290559e-01,   7.21052238e-17,          8.53075924e+02],       [ -8.08290559e-01,   5.88783808e-01,   9.89870488e-17,          8.64625119e+01],       [ -1.22464685e-16,   0.00000000e+00,  -1.00000000e+00,          4.43295364e+01],       [  0.00000000e+00,   0.00000000e+00,   0.00000000e+00,          1.00000000e+00]])),{}]
["set_obj_matrix",('Mesh 1', array([[ -5.41820732e-01,  -8.40494077e-01,   6.63539054e-17,          8.46771325e+02],       [ -8.40494077e-01,   5.41820732e-01,   1.02930843e-16,          1.34880027e+02],       [ -1.22464685e-16,   0.00000000e+00,  -1.00000000e+00,          4.43295364e+01],       [  0.00000000e+00,   0.00000000e+00,   0.00000000e+00,          1.00000000e+00]])),{}]
["set_obj_matrix",('Mesh 1', array([[ -5.15545941e-01,  -8.56861939e-01,   6.31361715e-17,          8.42190766e+02],       [ -8.56861939e-01,   5.15545941e-01,   1.04935328e-16,          1.61024882e+02],       [ -1.22464685e-16,   0.00000000e+00,  -1.00000000e+00,          4.43295364e+01],       [  0.00000000e+00,   0.00000000e+00,   0.00000000e+00,          1.00000000e+00]])),{}]
["set_obj_matrix",('Mesh 1', array([[ -4.59701767e-01,  -8.88073356e-01,   5.62972322e-17,          8.30171139e+02],       [ -8.88073356e-01,   4.59701767e-01,   1.08757624e-16,          2.14546448e+02],       [ -1.22464685e-16,   0.00000000e+00,  -1.00000000e+00,          4.43295364e+01],       [  0.00000000e+00,   0.00000000e+00,   0.00000000e+00,          1.00000000e+00]])),{}]
["set_obj_matrix",('Mesh 1', array([[ -3.83670321e-01,  -9.23470132e-01,   4.69860651e-17,          8.09273957e+02],       [ -9.23470132e-01,   3.83670321e-01,   1.13092479e-16,          2.83354833e+02],       [ -1.22464685e-16,   0.00000000e+00,  -1.00000000e+00,          4.43295364e+01],       [  0.00000000e+00,   0.00000000e+00,   0.00000000e+00,          1.00000000e+00]])),{}]
["set_obj_matrix",('Mesh 1', array([[ -3.26477208e-01,  -9.45205074e-01,   3.99819285e-17,          7.90430598e+02],       [ -9.45205074e-01,   3.26477208e-01,   1.15754242e-16,          3.32315767e+02],       [ -1.22464685e-16,   0.00000000e+00,  -1.00000000e+00,          4.43295364e+01],       [  0.00000000e+00,   0.00000000e+00,   0.00000000e+00,          1.00000000e+00]])),{}]
["set_obj_matrix",('Mesh 1', array([[ -2.81951298e-01,  -9.59428718e-01,   3.45290769e-17,          7.74038051e+02],       [ -9.59428718e-01,   2.81951298e-01,   1.17496136e-16,          3.68889407e+02],       [ -1.22464685e-16,   0.00000000e+00,  -1.00000000e+00,          4.43295364e+01],       [  0.00000000e+00,   0.00000000e+00,   0.00000000e+00,          1.00000000e+00]])),{}]
["set_obj_matrix",('Mesh 1', array([[ -2.43462876e-01,  -9.69910216e-01,   2.98156045e-17,          7.58710109e+02],       [ -9.69910216e-01,   2.43462876e-01,   1.18779749e-16,          3.99466231e+02],       [ -1.22464685e-16,   0.00000000e+00,  -1.00000000e+00,          4.43295364e+01],       [  0.00000000e+00,   0.00000000e+00,   0.00000000e+00,          1.00000000e+00]])),{}]
["set_obj_matrix",('Mesh 1', array([[ -1.99238938e-01,  -9.79950940e-01,   2.43997339e-17,          7.39819020e+02],       [ -9.79950940e-01,   1.99238938e-01,   1.20009383e-16,          4.33453707e+02],       [ -1.22464685e-16,   0.00000000e+00,  -1.00000000e+00,          4.43295364e+01],       [  0.00000000e+00,   0.00000000e+00,   0.00000000e+00,          1.00000000e+00]])),{}]
["set_obj_matrix",('Mesh 1', array([[ -1.82575968e-01,  -9.83191749e-01,   2.23591085e-17,          7.32354730e+02],       [ -9.83191749e-01,   1.82575968e-01,   1.20406268e-16,          4.45949379e+02],       [ -1.22464685e-16,   0.00000000e+00,  -1.00000000e+00,          4.43295364e+01],       [  0.00000000e+00,   0.00000000e+00,   0.00000000e+00,          1.00000000e+00]])),{}]
["set_obj_matrix",('Mesh 1', array([[ -1.64990352e-01,  -9.86295181e-01,   2.02054915e-17,          7.24274802e+02],       [ -9.86295181e-01,   1.64990352e-01,   1.20786329e-16,          4.58955674e+02],       [ -1.22464685e-16,   0.00000000e+00,  -1.00000000e+00,          4.43295364e+01],       [  0.00000000e+00,   0.00000000e+00,   0.00000000e+00,          1.00000000e+00]])),{}]
["set_obj_matrix",('Mesh 1', array([[ -1.53065074e-01,  -9.88216112e-01,   1.87450661e-17,          7.18678341e+02],       [ -9.88216112e-01,   1.53065074e-01,   1.21021575e-16,          4.67670548e+02],       [ -1.22464685e-16,   0.00000000e+00,  -1.00000000e+00,          4.43295364e+01],       [  0.00000000e+00,   0.00000000e+00,   0.00000000e+00,          1.00000000e+00]])),{}]
["set_obj_matrix",('Mesh 1', array([[ -1.52362224e-01,  -9.88324720e-01,   1.86589919e-17,          7.18345556e+02],       [ -9.88324720e-01,   1.52362224e-01,   1.21034876e-16,          4.68181547e+02],       [ -1.22464685e-16,   0.00000000e+00,  -1.00000000e+00,          4.43295364e+01],       [  0.00000000e+00,   0.00000000e+00,   0.00000000e+00,          1.00000000e+00]])),{}]
["set_obj_matrix",('Mesh 1', array([[ -1.51667163e-01,  -9.88431622e-01,   1.85738713e-17,          7.18016137e+02],       [ -9.88431622e-01,   1.51667163e-01,   1.21047968e-16,          4.68686597e+02],       [ -1.22464685e-16,   0.00000000e+00,  -1.00000000e+00,          4.43295364e+01],       [  0.00000000e+00,   0.00000000e+00,   0.00000000e+00,          1.00000000e+00]])),{}]
["set_obj_matrix",('Mesh 1', array([[ -1.40583474e-01,  -9.90068829e-01,   1.72165109e-17,          7.12720010e+02],       [ -9.90068829e-01,   1.40583474e-01,   1.21248468e-16,          4.76701674e+02],       [ -1.22464685e-16,   0.00000000e+00,  -1.00000000e+00,          4.43295364e+01],       [  0.00000000e+00,   0.00000000e+00,   0.00000000e+00,          1.00000000e+00]])),{}]
["set_obj_matrix",('Mesh 1', array([[ -1.05755001e-01,  -9.94392216e-01,   1.29512530e-17,          6.95553432e+02],       [ -9.94392216e-01,   1.05755001e-01,   1.21777930e-16,          5.01417711e+02],       [ -1.22464685e-16,   0.00000000e+00,  -1.00000000e+00,          4.43295364e+01],       [  0.00000000e+00,   0.00000000e+00,   0.00000000e+00,          1.00000000e+00]])),{}]
["set_obj_matrix",('Mesh 1', array([[ -6.65053816e-02,  -9.97786066e-01,   8.14456062e-18,          6.75263607e+02],       [ -9.97786066e-01,   6.65053816e-02,   1.22193557e-16,          5.28425358e+02],       [ -1.22464685e-16,   0.00000000e+00,  -1.00000000e+00,          4.43295364e+01],       [  0.00000000e+00,   0.00000000e+00,   0.00000000e+00,          1.00000000e+00]])),{}]
["set_obj_matrix",('Mesh 1', array([[ -6.08172793e-02,  -9.98148916e-01,   7.44796897e-18,          6.72240804e+02],       [ -9.98148916e-01,   6.08172793e-02,   1.22237993e-16,          5.32265535e+02],       [ -1.22464685e-16,   0.00000000e+00,  -1.00000000e+00,          4.43295364e+01],       [  0.00000000e+00,   0.00000000e+00,   0.00000000e+00,          1.00000000e+00]])),{}]
["set_obj_matrix",('Mesh 1', array([[ -6.62936708e-02,  -9.97800155e-01,   8.11863352e-18,          6.75151471e+02],       [ -9.97800155e-01,   6.62936708e-02,   1.22195282e-16,          5.28568623e+02],       [ -1.22464685e-16,   0.00000000e+00,  -1.00000000e+00,          4.43295364e+01],       [  0.00000000e+00,   0.00000000e+00,   0.00000000e+00,          1.00000000e+00]])),{}]
["set_obj_matrix",('Mesh 1', array([[ -8.26950555e-02,  -9.96574898e-01,   1.01272239e-17,          6.83753275e+02],       [ -9.96574898e-01,   8.26950555e-02,   1.22045231e-16,          5.17393233e+02],       [ -1.22464685e-16,   0.00000000e+00,  -1.00000000e+00,          4.43295364e+01],       [  0.00000000e+00,   0.00000000e+00,   0.00000000e+00,          1.00000000e+00]])),{}]
["set_obj_matrix",('Mesh 1', array([[ -9.90445463e-02,  -9.95083000e-01,   1.21294592e-17,          6.92155103e+02],       [ -9.95083000e-01,   9.90445463e-02,   1.21862526e-16,          5.06098421e+02],       [ -1.22464685e-16,   0.00000000e+00,  -1.00000000e+00,          4.43295364e+01],       [  0.00000000e+00,   0.00000000e+00,   0.00000000e+00,          1.00000000e+00]])),{}]
["set_obj_matrix",('Mesh 1', array([[ -9.94352269e-02,  -9.95044037e-01,   1.21773038e-17,          6.92353753e+02],       [ -9.95044037e-01,   9.94352269e-02,   1.21857755e-16,          5.05826629e+02],       [ -1.22464685e-16,   0.00000000e+00,  -1.00000000e+00,          4.43295364e+01],       [  0.00000000e+00,   0.00000000e+00,   0.00000000e+00,          1.00000000e+00]])),{}]
["set_obj_matrix",('Mesh 1', array([[ -1.04900753e-01,  -9.94482696e-01,   1.28466376e-17,          6.95122444e+02],       [ -9.94482696e-01,   1.04900753e-01,   1.21789010e-16,          5.02015026e+02],       [ -1.22464685e-16,   0.00000000e+00,  -1.00000000e+00,          4.43295364e+01],       [  0.00000000e+00,   0.00000000e+00,   0.00000000e+00,          1.00000000e+00]])),{}]
["set_obj_matrix",('Mesh 1', array([[ -1.10358474e-01,  -9.93891849e-01,   1.35150158e-17,          6.97867827e+02],       [ -9.93891849e-01,   1.10358474e-01,   1.21716652e-16,          4.98191524e+02],       [ -1.22464685e-16,   0.00000000e+00,  -1.00000000e+00,          4.43295364e+01],       [  0.00000000e+00,   0.00000000e+00,   0.00000000e+00,          1.00000000e+00]])),{}]
["set_obj_matrix",('Mesh 1', array([[ -1.15807913e-01,  -9.93271628e-01,   1.41823797e-17,          7.00589712e+02],       [ -9.93271628e-01,   1.15807913e-01,   1.21640697e-16,          4.94356505e+02],       [ -1.22464685e-16,   0.00000000e+00,  -1.00000000e+00,          4.43295364e+01],       [  0.00000000e+00,   0.00000000e+00,   0.00000000e+00,          1.00000000e+00]])),{}]
["set_obj_matrix",('Mesh 1', array([[ -1.32673517e-01,  -9.91159794e-01,   1.62478205e-17,          7.08890934e+02],       [ -9.91159794e-01,   1.32673517e-01,   1.21382072e-16,          4.82377385e+02],       [ -1.22464685e-16,   0.00000000e+00,  -1.00000000e+00,          4.43295364e+01],       [  0.00000000e+00,   0.00000000e+00,   0.00000000e+00,          1.00000000e+00]])),{}]
["set_obj_matrix",('Mesh 1', array([[ -1.49627439e-01,  -9.88742449e-01,   1.83240772e-17,          7.17047581e+02],       [ -9.88742449e-01,   1.49627439e-01,   1.21086033e-16,          4.70167060e+02],       [ -1.22464685e-16,   0.00000000e+00,  -1.00000000e+00,          4.43295364e+01],       [  0.00000000e+00,   0.00000000e+00,   0.00000000e+00,          1.00000000e+00]])),{}]
["set_obj_matrix",('Mesh 1', array([[ -1.50299893e-01,  -9.88640451e-01,   1.84064291e-17,          7.17367198e+02],       [ -9.88640451e-01,   1.50299893e-01,   1.21073542e-16,          4.69679254e+02],       [ -1.22464685e-16,   0.00000000e+00,  -1.00000000e+00,          4.43295364e+01],       [  0.00000000e+00,   0.00000000e+00,   0.00000000e+00,          1.00000000e+00]])),{}]
["save_ply",('%s',),{}]