["add_ply",('%s',),{}]
["add_polygon_ray",(array([ 576.99328613,  561.66589355, -256.7696228 ], dtype=float32), array([ 576.99328613,  561.66589355,  509.24807739], dtype=float32), array([  9.38101186e-14,   0.00000000e+00,   7.66017700e+02], dtype=float32)),{}]
["add_polygon_ray",(array([ 410.00146484,  629.07543945, -256.7696228 ], dtype=float32), array([ 410.00146484,  629.07543945,  509.24807739], dtype=float32), array([  9.38101186e-14,   0.00000000e+00,   7.66017700e+02], dtype=float32)),{}]
["add_polygon_ray",(array([ 221.56109619,  584.64642334, -256.7696228 ], dtype=float32), array([ 221.56109619,  584.64642334,  509.24807739], dtype=float32), array([  9.38101186e-14,   0.00000000e+00,   7.66017700e+02], dtype=float32)),{}]
["add_polygon_ray",(array([ 197.04852295,  472.80780029, -256.7696228 ], dtype=float32), array([ 197.04853821,  472.80780029,  509.24807739], dtype=float32), array([  9.38101186e-14,   0.00000000e+00,   7.66017700e+02], dtype=float32)),{}]
["add_polygon_ray",(array([ 267.52215576,  445.23117065, -256.7696228 ], dtype=float32), array([ 267.52215576,  445.23117065,  509.24807739], dtype=float32), array([  9.38101186e-14,   0.00000000e+00,   7.66017700e+02], dtype=float32)),{}]
["add_polygon_ray",(array([ 238.41348267,  350.24499512, -256.7696228 ], dtype=float32), array([ 238.41349792,  350.24499512,  509.24807739], dtype=float32), array([  9.38101186e-14,   0.00000000e+00,   7.66017700e+02], dtype=float32)),{}]
["add_polygon_ray",(array([ 197.04852295,  301.21984863, -256.7696228 ], dtype=float32), array([ 197.04853821,  301.21984863,  509.24807739], dtype=float32), array([  9.38101186e-14,   0.00000000e+00,   7.66017700e+02], dtype=float32)),{}]
["add_polygon_ray",(array([ 227.6892395 ,  193.97737122, -256.7696228 ], dtype=float32), array([ 227.6892395 ,  193.97737122,  509.24807739], dtype=float32), array([  9.38101186e-14,   0.00000000e+00,   7.66017700e+02], dtype=float32)),{}]
["add_polygon_ray",(array([ 324.2074585 ,  138.82409668, -256.7696228 ], dtype=float32), array([ 324.2074585 ,  138.82409668,  509.24807739], dtype=float32), array([  9.38101186e-14,   0.00000000e+00,   7.66017700e+02], dtype=float32)),{}]
["add_polygon_ray",(array([ 508.05172729,  149.54833984, -256.7696228 ], dtype=float32), array([ 508.05172729,  149.54833984,  509.24807739], dtype=float32), array([  9.38101186e-14,   0.00000000e+00,   7.66017700e+02], dtype=float32)),{}]
["add_polygon_ray",(array([ 613.76220703,  224.61807251, -256.7696228 ], dtype=float32), array([ 613.76220703,  224.61807251,  509.24807739], dtype=float32), array([  9.38101186e-14,   0.00000000e+00,   7.66017700e+02], dtype=float32)),{}]
["add_polygon_ray",(array([ 676.57562256,  344.11685181, -256.7696228 ], dtype=float32), array([ 676.57562256,  344.11685181,  509.24807739], dtype=float32), array([  9.38101186e-14,   0.00000000e+00,   7.66017700e+02], dtype=float32)),{}]
["add_polygon_ray",(array([ 644.40289307,  494.25631714, -256.7696228 ], dtype=float32), array([ 644.40289307,  494.25631714,  509.24807739], dtype=float32), array([  9.38101186e-14,   0.00000000e+00,   7.66017700e+02], dtype=float32)),{}]
["select_region_polygon",(),{}]
["crop_selection",(),{}]
["set_obj_matrix",('Mesh 1', array([[ -9.99989656e-01,   4.54836101e-03,   1.22463419e-16,          3.19505230e+02],       [  4.54836101e-03,   9.99989656e-01,  -5.57013599e-19,         -3.60894153e+02],       [ -1.22464685e-16,   0.00000000e+00,  -1.00000000e+00,          1.26239220e+02],       [  0.00000000e+00,   0.00000000e+00,   0.00000000e+00,          1.00000000e+00]])),{}]
["set_obj_matrix",('Mesh 1', array([[ -9.99692117e-01,   2.48127371e-02,   1.22426980e-16,          3.12125907e+02],       [  2.48127371e-02,   9.99692117e-01,  -3.03868403e-18,         -3.67294977e+02],       [ -1.22464685e-16,   0.00000000e+00,  -1.00000000e+00,          1.26239220e+02],       [  0.00000000e+00,   0.00000000e+00,   0.00000000e+00,          1.00000000e+00]])),{}]
["set_obj_matrix",('Mesh 1', array([[ -9.94210878e-01,   1.07446406e-01,   1.21755722e-16,          2.80664029e+02],       [  1.07446406e-01,   9.94210878e-01,  -1.31583903e-17,         -3.91862073e+02],       [ -1.22464685e-16,   0.00000000e+00,  -1.00000000e+00,          1.26239220e+02],       [  0.00000000e+00,   0.00000000e+00,   0.00000000e+00,          1.00000000e+00]])),{}]
["set_obj_matrix",('Mesh 1', array([[ -9.68277324e-01,   2.49878019e-01,   1.18579778e-16,          2.21140420e+02],       [  2.49878019e-01,   9.68277324e-01,  -3.06012330e-17,         -4.28281562e+02],       [ -1.22464685e-16,   0.00000000e+00,  -1.00000000e+00,          1.26239220e+02],       [  0.00000000e+00,   0.00000000e+00,   0.00000000e+00,          1.00000000e+00]])),{}]
["set_obj_matrix",('Mesh 1', array([[ -9.29806613e-01,   3.68048451e-01,   1.13868474e-16,          1.66310956e+02],       [  3.68048451e-01,   9.29806613e-01,  -4.50729377e-17,         -4.52403412e+02],       [ -1.22464685e-16,   0.00000000e+00,  -1.00000000e+00,          1.26239220e+02],       [  0.00000000e+00,   0.00000000e+00,   0.00000000e+00,          1.00000000e+00]])),{}]
["set_obj_matrix",('Mesh 1', array([[ -8.94793159e-01,   4.46480909e-01,   1.09580563e-16,          1.26875074e+02],       [  4.46480909e-01,   8.94793159e-01,  -5.46781440e-17,         -4.65006341e+02],       [ -1.22464685e-16,   0.00000000e+00,  -1.00000000e+00,          1.26239220e+02],       [  0.00000000e+00,   0.00000000e+00,   0.00000000e+00,          1.00000000e+00]])),{}]
["set_obj_matrix",('Mesh 1', array([[ -8.56003741e-01,   5.16969627e-01,   1.04830229e-16,          8.90818413e+01],       [  5.16969627e-01,   8.56003741e-01,  -6.33105226e-17,         -4.73700968e+02],       [ -1.22464685e-16,   0.00000000e+00,  -1.00000000e+00,          1.26239220e+02],       [  0.00000000e+00,   0.00000000e+00,   0.00000000e+00,          1.00000000e+00]])),{}]
["set_obj_matrix",('Mesh 1', array([[ -8.26401395e-01,   5.63081463e-01,   1.01204987e-16,          6.30009341e+01],       [  5.63081463e-01,   8.26401395e-01,  -6.89575941e-17,         -4.77869296e+02],       [ -1.22464685e-16,   0.00000000e+00,  -1.00000000e+00,          1.26239220e+02],       [  0.00000000e+00,   0.00000000e+00,   0.00000000e+00,          1.00000000e+00]])),{}]
["set_obj_matrix",('Mesh 1', array([[ -8.12558567e-01,   5.82879555e-01,   9.95097291e-17,          5.14392305e+01],       [  5.82879555e-01,   8.12558567e-01,  -7.13821612e-17,         -4.79251695e+02],       [ -1.22464685e-16,   0.00000000e+00,  -1.00000000e+00,          1.26239220e+02],       [  0.00000000e+00,   0.00000000e+00,   0.00000000e+00,          1.00000000e+00]])),{}]
["set_obj_matrix",('Mesh 1', array([[ -7.85585509e-01,   6.18753107e-01,   9.62064821e-17,          2.98827218e+01],       [  6.18753107e-01,   7.85585509e-01,  -7.57754046e-17,         -4.81077130e+02],       [ -1.22464685e-16,   0.00000000e+00,  -1.00000000e+00,          1.26239220e+02],       [  0.00000000e+00,   0.00000000e+00,   0.00000000e+00,          1.00000000e+00]])),{}]
["set_obj_matrix",('Mesh 1', array([[ -6.66509177e-01,   7.45496825e-01,   8.16238366e-17,         -5.39142630e+01],       [  7.45496825e-01,   6.66509177e-01,  -9.12970341e-17,         -4.78979576e+02],       [ -1.22464685e-16,   0.00000000e+00,  -1.00000000e+00,          1.26239220e+02],       [  0.00000000e+00,   0.00000000e+00,   0.00000000e+00,          1.00000000e+00]])),{}]
["set_obj_matrix",('Mesh 1', array([[ -5.82790059e-01,   8.12622758e-01,   7.13712011e-17,         -1.04927662e+02],       [  8.12622758e-01,   5.82790059e-01,  -9.95175903e-17,         -4.70444861e+02],       [ -1.22464685e-16,   0.00000000e+00,  -1.00000000e+00,          1.26239220e+02],       [  0.00000000e+00,   0.00000000e+00,   0.00000000e+00,          1.00000000e+00]])),{}]
["set_obj_matrix",('Mesh 1', array([[ -5.52228773e-01,   8.33692619e-01,   6.76285229e-17,         -1.22315509e+02],       [  8.33692619e-01,   5.52228773e-01,  -1.02097904e-16,         -4.66226445e+02],       [ -1.22464685e-16,   0.00000000e+00,  -1.00000000e+00,          1.26239220e+02],       [  0.00000000e+00,   0.00000000e+00,   0.00000000e+00,          1.00000000e+00]])),{}]
["set_obj_matrix",('Mesh 1', array([[ -4.84708956e-01,   8.74675499e-01,   5.93597298e-17,         -1.58729824e+02],       [  8.74675499e-01,   4.84708956e-01,  -1.07116860e-16,         -4.55118693e+02],       [ -1.22464685e-16,   0.00000000e+00,  -1.00000000e+00,          1.26239220e+02],       [  0.00000000e+00,   0.00000000e+00,   0.00000000e+00,          1.00000000e+00]])),{}]
["set_obj_matrix",('Mesh 1', array([[ -9.75031850e-02,   9.95235213e-01,   1.19406969e-17,         -3.26412049e+02],       [  9.95235213e-01,   9.75031850e-02,  -1.21881167e-16,         -3.54659493e+02],       [ -1.22464685e-16,   0.00000000e+00,  -1.00000000e+00,          1.26239220e+02],       [  0.00000000e+00,   0.00000000e+00,   0.00000000e+00,          1.00000000e+00]])),{}]
["set_obj_matrix",('Mesh 1', array([[  6.04693463e-02,   9.98170055e-01,  -7.40535946e-18,         -3.78198776e+02],       [  9.98170055e-01,  -6.04693463e-02,  -1.22240582e-16,         -2.98820795e+02],       [ -1.22464685e-16,   0.00000000e+00,  -1.00000000e+00,          1.26239220e+02],       [  0.00000000e+00,   0.00000000e+00,   0.00000000e+00,          1.00000000e+00]])),{}]
["set_obj_matrix",('Mesh 1', array([[  5.45959384e-02,   9.98508530e-01,  -6.68607441e-18,         -3.76434230e+02],       [  9.98508530e-01,  -5.45959384e-02,  -1.22282033e-16,         -3.01040615e+02],       [ -1.22464685e-16,   0.00000000e+00,  -1.00000000e+00,          1.26239220e+02],       [  0.00000000e+00,   0.00000000e+00,   0.00000000e+00,          1.00000000e+00]])),{}]
["set_obj_matrix",('Mesh 1', array([[  3.38788457e-02,   9.99425947e-01,  -4.14896217e-18,         -3.70110827e+02],       [  9.99425947e-01,  -3.38788457e-02,  -1.22394384e-16,         -3.08781732e+02],       [ -1.22464685e-16,   0.00000000e+00,  -1.00000000e+00,          1.26239220e+02],       [  0.00000000e+00,   0.00000000e+00,   0.00000000e+00,          1.00000000e+00]])),{}]
["set_obj_matrix",('Mesh 1', array([[  2.93218877e-02,   9.99570021e-01,  -3.59089574e-18,         -3.68699175e+02],       [  9.99570021e-01,  -2.93218877e-02,  -1.22412028e-16,         -3.10465940e+02],       [ -1.22464685e-16,   0.00000000e+00,  -1.00000000e+00,          1.26239220e+02],       [  0.00000000e+00,   0.00000000e+00,   0.00000000e+00,          1.00000000e+00]])),{}]
["set_obj_matrix",('Mesh 1', array([[  2.32291534e-02,   9.99730167e-01,  -2.84475096e-18,         -3.66800096e+02],       [  9.99730167e-01,  -2.32291534e-02,  -1.22431640e-16,         -3.12707325e+02],       [ -1.22464685e-16,   0.00000000e+00,  -1.00000000e+00,          1.26239220e+02],       [  0.00000000e+00,   0.00000000e+00,   0.00000000e+00,          1.00000000e+00]])),{}]
["set_obj_matrix",('Mesh 1', array([[ -2.61319679e-02,   9.99658502e-01,   3.20024323e-18,         -3.50922339e+02],       [  9.99658502e-01,   2.61319679e-02,  -1.22422864e-16,         -3.30426533e+02],       [ -1.22464685e-16,   0.00000000e+00,  -1.00000000e+00,          1.26239220e+02],       [  0.00000000e+00,   0.00000000e+00,   0.00000000e+00,          1.00000000e+00]])),{}]
["set_obj_matrix",('Mesh 1', array([[ -1.71302924e-01,   9.85218406e-01,   2.09785587e-17,         -2.99111336e+02],       [  9.85218406e-01,   1.71302924e-01,  -1.20654462e-16,         -3.77969033e+02],       [ -1.22464685e-16,   0.00000000e+00,  -1.00000000e+00,          1.26239220e+02],       [  0.00000000e+00,   0.00000000e+00,   0.00000000e+00,          1.00000000e+00]])),{}]
["set_obj_matrix",('Mesh 1', array([[ -2.35348579e-01,   9.71911028e-01,   2.88218897e-17,         -2.73760330e+02],       [  9.71911028e-01,   2.35348579e-01,  -1.19024778e-16,         -3.96715847e+02],       [ -1.22464685e-16,   0.00000000e+00,  -1.00000000e+00,          1.26239220e+02],       [  0.00000000e+00,   0.00000000e+00,   0.00000000e+00,          1.00000000e+00]])),{}]
["set_obj_matrix",('Mesh 1', array([[ -2.41988102e-01,   9.70279217e-01,   2.96349968e-17,         -2.71041558e+02],       [  9.70279217e-01,   2.41988102e-01,  -1.18824939e-16,         -3.98578293e+02],       [ -1.22464685e-16,   0.00000000e+00,  -1.00000000e+00,          1.26239220e+02],       [  0.00000000e+00,   0.00000000e+00,   0.00000000e+00,          1.00000000e+00]])),{}]
["set_obj_matrix",('Mesh 1', array([[ -2.88390389e-01,   9.57512916e-01,   3.53176382e-17,         -2.51551086e+02],       [  9.57512916e-01,   2.88390389e-01,  -1.17261518e-16,         -4.11157188e+02],       [ -1.22464685e-16,   0.00000000e+00,  -1.00000000e+00,          1.26239220e+02],       [  0.00000000e+00,   0.00000000e+00,   0.00000000e+00,          1.00000000e+00]])),{}]
["set_obj_matrix",('Mesh 1', array([[ -2.81909799e-01,   9.59440913e-01,   3.45239948e-17,         -2.54325278e+02],       [  9.59440913e-01,   2.81909799e-01,  -1.17497629e-16,         -4.09446986e+02],       [ -1.22464685e-16,   0.00000000e+00,  -1.00000000e+00,          1.26239220e+02],       [  0.00000000e+00,   0.00000000e+00,   0.00000000e+00,          1.00000000e+00]])),{}]
["save_ply",('%s',),{}]