["add_ply",('%s',),{}]
["add_polygon_ray",(array([ 1228.12451172,  1244.13354492,  -753.67401123], dtype=float32), array([ 1228.12451172,  1244.13354492,   903.28668213], dtype=float32), array([  2.02919170e-13,   0.00000000e+00,   1.65696069e+03], dtype=float32)),{}]
["add_polygon_ray",(array([  856.965271  ,  1184.48291016,  -753.67401123], dtype=float32), array([  856.965271  ,  1184.48291016,   903.28668213], dtype=float32), array([  2.02919170e-13,   0.00000000e+00,   1.65696069e+03], dtype=float32)),{}]
["add_polygon_ray",(array([  740.97802734,  1061.86779785,  -753.67401123], dtype=float32), array([  740.97802734,  1061.86779785,   903.28668213], dtype=float32), array([  2.02919170e-13,   0.00000000e+00,   1.65696069e+03], dtype=float32)),{}]
["add_polygon_ray",(array([  648.18823242,  1078.43737793,  -753.67401123], dtype=float32), array([  648.18823242,  1078.43737793,   903.28668213], dtype=float32), array([  2.02919170e-13,   0.00000000e+00,   1.65696069e+03], dtype=float32)),{}]
["add_polygon_ray",(array([  449.35290527,  1151.34375   ,  -753.67401123], dtype=float32), array([  449.35293579,  1151.34375   ,   903.28668213], dtype=float32), array([  2.02919170e-13,   0.00000000e+00,   1.65696069e+03], dtype=float32)),{}]
["add_polygon_ray",(array([  204.1227417 ,  1008.84509277,  -753.67401123], dtype=float32), array([  204.1227417 ,  1008.84509277,   903.28668213], dtype=float32), array([  2.02919170e-13,   0.00000000e+00,   1.65696069e+03], dtype=float32)),{}]
["add_polygon_ray",(array([  54.99627686,  876.28820801, -753.67401123], dtype=float32), array([  54.99627686,  876.28820801,  903.28668213], dtype=float32), array([  2.02919170e-13,   0.00000000e+00,   1.65696069e+03], dtype=float32)),{}]
["add_polygon_ray",(array([  -4.65429688,  766.92877197, -753.67401123], dtype=float32), array([  -4.65429688,  766.92877197,  903.28668213], dtype=float32), array([  2.02919170e-13,   0.00000000e+00,   1.65696069e+03], dtype=float32)),{}]
["add_polygon_ray",(array([  35.11273193,  346.0607605 , -753.67401123], dtype=float32), array([  35.11273193,  346.0607605 ,  903.28668213], dtype=float32), array([  2.02919170e-13,   0.00000000e+00,   1.65696069e+03], dtype=float32)),{}]
["add_polygon_ray",(array([ 184.23919678,  104.14453125, -753.67401123], dtype=float32), array([ 184.23919678,  104.14453125,  903.28668213], dtype=float32), array([  2.02919170e-13,   0.00000000e+00,   1.65696069e+03], dtype=float32)),{}]
["add_polygon_ray",(array([ 422.84155273,  -25.09844971, -753.67401123], dtype=float32), array([ 422.84155273,  -25.09844971,  903.28668213], dtype=float32), array([  2.02919170e-13,   0.00000000e+00,   1.65696069e+03], dtype=float32)),{}]
["add_polygon_ray",(array([ 797.31463623,  -35.04022217, -753.67401123], dtype=float32), array([ 797.31469727,  -35.04022217,  903.28668213], dtype=float32), array([  2.02919170e-13,   0.00000000e+00,   1.65696069e+03], dtype=float32)),{}]
["add_polygon_ray",(array([ 1138.64855957,   180.36468506,  -753.67401123], dtype=float32), array([ 1138.64855957,   180.36468506,   903.28668213], dtype=float32), array([  2.02919170e-13,   0.00000000e+00,   1.65696069e+03], dtype=float32)),{}]
["add_polygon_ray",(array([ 1334.16992188,   601.23272705,  -753.67401123], dtype=float32), array([ 1334.16992188,   601.23272705,   903.28668213], dtype=float32), array([  2.02919170e-13,   0.00000000e+00,   1.65696069e+03], dtype=float32)),{}]
["add_polygon_ray",(array([ 1317.6003418 ,  1032.04248047,  -753.67401123], dtype=float32), array([ 1317.6003418 ,  1032.04248047,   903.28668213], dtype=float32), array([  2.02919170e-13,   0.00000000e+00,   1.65696069e+03], dtype=float32)),{}]
["select_region_polygon",(),{}]
["crop_selection",(),{}]
["set_obj_matrix",('Mesh 1', array([[ -9.99999460e-01,  -1.03890051e-03,   1.22464619e-16,          6.42339566e+02],       [ -1.03890051e-03,   9.99999460e-01,   1.27228624e-19,         -7.49692270e+02],       [ -1.22464685e-16,   0.00000000e+00,  -1.00000000e+00,          7.48063202e+01],       [  0.00000000e+00,   0.00000000e+00,   0.00000000e+00,          1.00000000e+00]])),{}]
["set_obj_matrix",('Mesh 1', array([[ -9.99994766e-01,   3.23548110e-03,   1.22464044e-16,          6.39129233e+02],       [  3.23548110e-03,   9.99994766e-01,  -3.96232175e-19,         -7.52431021e+02],       [ -1.22464685e-16,   0.00000000e+00,  -1.00000000e+00,          7.48063202e+01],       [  0.00000000e+00,   0.00000000e+00,   0.00000000e+00,          1.00000000e+00]])),{}]
["set_obj_matrix",('Mesh 1', array([[ -9.98793405e-01,   4.91094034e-02,   1.22316920e-16,          6.03936568e+02],       [  4.91094034e-02,   9.98793405e-01,  -6.01416763e-18,         -7.80960459e+02],       [ -1.22464685e-16,   0.00000000e+00,  -1.00000000e+00,          7.48063202e+01],       [  0.00000000e+00,   0.00000000e+00,   0.00000000e+00,          1.00000000e+00]])),{}]
["set_obj_matrix",('Mesh 1', array([[ -9.93480072e-01,   1.14005910e-01,   1.21666224e-16,          5.51832054e+02],       [  1.14005910e-01,   9.93480072e-01,  -1.39616979e-17,         -8.18608577e+02],       [ -1.22464685e-16,   0.00000000e+00,  -1.00000000e+00,          7.48063202e+01],       [  0.00000000e+00,   0.00000000e+00,   0.00000000e+00,          1.00000000e+00]])),{}]
["set_obj_matrix",('Mesh 1', array([[ -9.70552560e-01,   2.40889452e-01,   1.18858414e-16,          4.41914439e+02],       [  2.40889452e-01,   9.70552560e-01,  -2.95004509e-17,         -8.82808159e+02],       [ -1.22464685e-16,   0.00000000e+00,  -1.00000000e+00,          7.48063202e+01],       [  0.00000000e+00,   0.00000000e+00,   0.00000000e+00,          1.00000000e+00]])),{}]
["set_obj_matrix",('Mesh 1', array([[ -9.22264401e-01,   3.86559666e-01,   1.12944820e-16,          3.01629686e+02],       [  3.86559666e-01,   9.22264401e-01,  -4.73399079e-17,         -9.40030930e+02],       [ -1.22464685e-16,   0.00000000e+00,  -1.00000000e+00,          7.48063202e+01],       [  0.00000000e+00,   0.00000000e+00,   0.00000000e+00,          1.00000000e+00]])),{}]
["set_obj_matrix",('Mesh 1', array([[ -8.52404293e-01,   5.22883276e-01,   1.04389423e-16,          1.54518536e+02],       [  5.22883276e-01,   8.52404293e-01,  -6.40347359e-17,         -9.75070582e+02],       [ -1.22464685e-16,   0.00000000e+00,  -1.00000000e+00,          7.48063202e+01],       [  0.00000000e+00,   0.00000000e+00,   0.00000000e+00,          1.00000000e+00]])),{}]
["set_obj_matrix",('Mesh 1', array([[ -7.65995158e-01,   6.42846340e-01,   9.38073560e-17,          9.06647208e+00],       [  6.42846340e-01,   7.65995158e-01,  -7.87259747e-17,         -9.87196240e+02],       [ -1.22464685e-16,   0.00000000e+00,  -1.00000000e+00,          7.48063202e+01],       [  0.00000000e+00,   0.00000000e+00,   0.00000000e+00,          1.00000000e+00]])),{}]
["set_obj_matrix",('Mesh 1', array([[ -5.70748664e-01,   8.21124816e-01,   6.98965555e-17,         -2.49968833e+02],       [  8.21124816e-01,   5.70748664e-01,  -1.00558792e-16,         -9.55067642e+02],       [ -1.22464685e-16,   0.00000000e+00,  -1.00000000e+00,          7.48063202e+01],       [  0.00000000e+00,   0.00000000e+00,   0.00000000e+00,          1.00000000e+00]])),{}]
["set_obj_matrix",('Mesh 1', array([[ -3.31561243e-01,   9.43433698e-01,   4.06045433e-17,         -4.95197595e+02],       [  9.43433698e-01,   3.31561243e-01,  -1.15537311e-16,         -8.54059693e+02],       [ -1.22464685e-16,   0.00000000e+00,  -1.00000000e+00,          7.48063202e+01],       [  0.00000000e+00,   0.00000000e+00,   0.00000000e+00,          1.00000000e+00]])),{}]
["set_obj_matrix",('Mesh 1', array([[ -1.48364717e-01,   9.88932713e-01,   1.81694384e-17,         -6.46869829e+02],       [  9.88932713e-01,   1.48364717e-01,  -1.21109333e-16,         -7.45786860e+02],       [ -1.22464685e-16,   0.00000000e+00,  -1.00000000e+00,          7.48063202e+01],       [  0.00000000e+00,   0.00000000e+00,   0.00000000e+00,          1.00000000e+00]])),{}]
["set_obj_matrix",('Mesh 1', array([[ -1.29222209e-01,   9.91615662e-01,   1.58251572e-17,         -6.61164079e+02],       [  9.91615662e-01,   1.29222209e-01,  -1.21437900e-16,         -7.33144377e+02],       [ -1.22464685e-16,   0.00000000e+00,  -1.00000000e+00,          7.48063202e+01],       [  0.00000000e+00,   0.00000000e+00,   0.00000000e+00,          1.00000000e+00]])),{}]
["set_obj_matrix",('Mesh 1', array([[ -6.16330513e-02,   9.98098876e-01,   7.54787223e-18,         -7.09391343e+02],       [  9.98098876e-01,   6.16330513e-02,  -1.22231865e-16,         -6.86587605e+02],       [ -1.22464685e-16,   0.00000000e+00,  -1.00000000e+00,          7.48063202e+01],       [  0.00000000e+00,   0.00000000e+00,   0.00000000e+00,          1.00000000e+00]])),{}]
["set_obj_matrix",('Mesh 1', array([[  7.42326351e-02,   9.97240952e-01,  -9.09087630e-18,         -7.95913631e+02],       [  9.97240952e-01,  -7.42326351e-02,  -1.22126799e-16,         -5.84089128e+02],       [ -1.22464685e-16,   0.00000000e+00,  -1.00000000e+00,          7.48063202e+01],       [  0.00000000e+00,   0.00000000e+00,   0.00000000e+00,          1.00000000e+00]])),{}]
["set_obj_matrix",('Mesh 1', array([[  1.53544785e-01,   9.88141690e-01,  -1.88038138e-17,         -8.39969448e+02],       [  9.88141690e-01,  -1.53544785e-01,  -1.21012461e-16,         -5.18738801e+02],       [ -1.22464685e-16,   0.00000000e+00,  -1.00000000e+00,          7.48063202e+01],       [  0.00000000e+00,   0.00000000e+00,   0.00000000e+00,          1.00000000e+00]])),{}]
["set_obj_matrix",('Mesh 1', array([[  1.58321770e-01,   9.87387572e-01,  -1.93888257e-17,         -8.42468313e+02],       [  9.87387572e-01,  -1.58321770e-01,  -1.20920108e-16,         -5.14670535e+02],       [ -1.22464685e-16,   0.00000000e+00,  -1.00000000e+00,          7.48063202e+01],       [  0.00000000e+00,   0.00000000e+00,   0.00000000e+00,          1.00000000e+00]])),{}]
["set_obj_matrix",('Mesh 1', array([[  1.63149825e-01,   9.86601305e-01,  -1.99800920e-17,         -8.44975819e+02],       [  9.86601305e-01,  -1.63149825e-01,  -1.20823818e-16,         -5.10543321e+02],       [ -1.22464685e-16,   0.00000000e+00,  -1.00000000e+00,          7.48063202e+01],       [  0.00000000e+00,   0.00000000e+00,   0.00000000e+00,          1.00000000e+00]])),{}]
["set_obj_matrix",('Mesh 1', array([[  2.09430040e-01,   9.77823634e-01,  -2.56477839e-17,         -8.68080964e+02],       [  9.77823634e-01,  -2.09430040e-01,  -1.19748864e-16,         -4.70185131e+02],       [ -1.22464685e-16,   0.00000000e+00,  -1.00000000e+00,          7.48063202e+01],       [  0.00000000e+00,   0.00000000e+00,   0.00000000e+00,          1.00000000e+00]])),{}]
["set_obj_matrix",('Mesh 1', array([[  3.53027042e-01,   9.35613119e-01,  -4.32333456e-17,         -9.28534061e+02],       [  9.35613119e-01,  -3.53027042e-01,  -1.14579566e-16,         -3.35355207e+02],       [ -1.22464685e-16,   0.00000000e+00,  -1.00000000e+00,          7.48063202e+01],       [  0.00000000e+00,   0.00000000e+00,   0.00000000e+00,          1.00000000e+00]])),{}]
["set_obj_matrix",('Mesh 1', array([[  3.87539457e-01,   9.21853117e-01,  -4.74598976e-17,         -9.40350915e+02],       [  9.21853117e-01,  -3.87539457e-01,  -1.12894452e-16,         -3.00630627e+02],       [ -1.22464685e-16,   0.00000000e+00,  -1.00000000e+00,          7.48063202e+01],       [  0.00000000e+00,   0.00000000e+00,   0.00000000e+00,          1.00000000e+00]])),{}]
["set_obj_matrix",('Mesh 1', array([[  3.98190948e-01,   9.17302551e-01,  -4.87643291e-17,         -9.43769930e+02],       [  9.17302551e-01,  -3.98190948e-01,  -1.12337168e-16,         -2.89718720e+02],       [ -1.22464685e-16,   0.00000000e+00,  -1.00000000e+00,          7.48063202e+01],       [  0.00000000e+00,   0.00000000e+00,   0.00000000e+00,          1.00000000e+00]])),{}]
["set_obj_matrix",('Mesh 1', array([[  4.10707357e-01,   9.11767222e-01,  -5.02971472e-17,         -9.47646477e+02],       [  9.11767222e-01,  -4.10707357e-01,  -1.11659286e-16,         -2.76775670e+02],       [ -1.22464685e-16,   0.00000000e+00,  -1.00000000e+00,          7.48063202e+01],       [  0.00000000e+00,   0.00000000e+00,   0.00000000e+00,          1.00000000e+00]])),{}]
["set_obj_matrix",('Mesh 1', array([[  4.16002039e-01,   9.09363681e-01,  -5.09455588e-17,         -9.49239816e+02],       [  9.09363681e-01,  -4.16002039e-01,  -1.11364937e-16,         -2.71260740e+02],       [ -1.22464685e-16,   0.00000000e+00,  -1.00000000e+00,          7.48063202e+01],       [  0.00000000e+00,   0.00000000e+00,   0.00000000e+00,          1.00000000e+00]])),{}]
["set_obj_matrix",('Mesh 1', array([[  4.49195417e-01,   8.93433533e-01,  -5.50105753e-17,         -9.58582039e+02],       [  8.93433533e-01,  -4.49195417e-01,  -1.09414056e-16,         -2.36133632e+02],       [ -1.22464685e-16,   0.00000000e+00,  -1.00000000e+00,          7.48063202e+01],       [  0.00000000e+00,   0.00000000e+00,   0.00000000e+00,          1.00000000e+00]])),{}]
["set_obj_matrix",('Mesh 1', array([[  4.55739297e-01,   8.90113304e-01,  -5.58119695e-17,         -9.60288968e+02],       [  8.90113304e-01,  -4.55739297e-01,  -1.09007446e-16,         -2.29093245e+02],       [ -1.22464685e-16,   0.00000000e+00,  -1.00000000e+00,          7.48063202e+01],       [  0.00000000e+00,   0.00000000e+00,   0.00000000e+00,          1.00000000e+00]])),{}]
["set_obj_matrix",('Mesh 1', array([[  4.67591568e-01,   8.83944639e-01,  -5.72634542e-17,         -9.63264202e+02],       [  8.83944639e-01,  -4.67591568e-01,  -1.08252002e-16,         -2.16242213e+02],       [ -1.22464685e-16,   0.00000000e+00,  -1.00000000e+00,          7.48063202e+01],       [  0.00000000e+00,   0.00000000e+00,   0.00000000e+00,          1.00000000e+00]])),{}]
["set_obj_matrix",('Mesh 1', array([[  4.82251426e-01,   8.76032855e-01,  -5.90587691e-17,         -9.66732705e+02],       [  8.76032855e-01,  -4.82251426e-01,  -1.07283088e-16,         -2.00166167e+02],       [ -1.22464685e-16,   0.00000000e+00,  -1.00000000e+00,          7.48063202e+01],       [  0.00000000e+00,   0.00000000e+00,   0.00000000e+00,          1.00000000e+00]])),{}]
["set_obj_matrix",('Mesh 1', array([[  4.99396506e-01,   8.66373551e-01,  -6.11584359e-17,         -9.70484362e+02],       [  8.66373551e-01,  -4.99396506e-01,  -1.06100164e-16,         -1.81104172e+02],       [ -1.22464685e-16,   0.00000000e+00,  -1.00000000e+00,          7.48063202e+01],       [  0.00000000e+00,   0.00000000e+00,   0.00000000e+00,          1.00000000e+00]])),{}]
["set_obj_matrix",('Mesh 1', array([[  5.06107546e-01,   8.62470378e-01,  -6.19803013e-17,         -9.71861117e+02],       [  8.62470378e-01,  -5.06107546e-01,  -1.05622163e-16,         -1.73564360e+02],       [ -1.22464685e-16,   0.00000000e+00,  -1.00000000e+00,          7.48063202e+01],       [  0.00000000e+00,   0.00000000e+00,   0.00000000e+00,          1.00000000e+00]])),{}]
["set_obj_matrix",('Mesh 1', array([[  5.12844193e-01,   8.58481702e-01,  -6.28053027e-17,         -9.73190144e+02],       [  8.58481702e-01,  -5.12844193e-01,  -1.05133691e-16,         -1.65950479e+02],       [ -1.22464685e-16,   0.00000000e+00,  -1.00000000e+00,          7.48063202e+01],       [  0.00000000e+00,   0.00000000e+00,   0.00000000e+00,          1.00000000e+00]])),{}]
["set_obj_matrix",('Mesh 1', array([[  5.14446914e-01,   8.57522229e-01,  -6.30015794e-17,         -9.73498436e+02],       [  8.57522229e-01,  -5.14446914e-01,  -1.05016190e-16,         -1.64132302e+02],       [ -1.22464685e-16,   0.00000000e+00,  -1.00000000e+00,          7.48063202e+01],       [  0.00000000e+00,   0.00000000e+00,   0.00000000e+00,          1.00000000e+00]])),{}]
["save_ply",('%s',),{}]