["add_ply",('%s',),{}]
["add_polygon_ray",(array([ 507.45440674,  180.47848511, -766.43841553], dtype=float32), array([ 507.45440674,  180.47848511,  991.39324951], dtype=float32), array([  2.15272299e-13,   0.00000000e+00,   1.75783167e+03], dtype=float32)),{}]
["add_polygon_ray",(array([ 714.87854004,  162.900177  , -766.43841553], dtype=float32), array([ 714.87854004,  162.900177  ,  991.39324951], dtype=float32), array([  2.15272299e-13,   0.00000000e+00,   1.75783167e+03], dtype=float32)),{}]
["add_polygon_ray",(array([ 918.78704834,  419.54360962, -766.43841553], dtype=float32), array([ 918.78704834,  419.54360962,  991.39324951], dtype=float32), array([  2.15272299e-13,   0.00000000e+00,   1.75783167e+03], dtype=float32)),{}]
["add_polygon_ray",(array([ 978.55328369,  532.0447998 , -766.43841553], dtype=float32), array([ 978.55328369,  532.0447998 ,  991.39324951], dtype=float32), array([  2.15272299e-13,   0.00000000e+00,   1.75783167e+03], dtype=float32)),{}]
["add_polygon_ray",(array([ 1105.1171875 ,   711.34362793,  -766.43841553], dtype=float32), array([ 1105.1171875 ,   711.34362793,   991.39324951], dtype=float32), array([  2.15272299e-13,   0.00000000e+00,   1.75783167e+03], dtype=float32)),{}]
["add_polygon_ray",(array([ 809.80145264,  922.28344727, -766.43841553], dtype=float32), array([ 809.80145264,  922.28344727,  991.39324951], dtype=float32), array([  2.15272299e-13,   0.00000000e+00,   1.75783167e+03], dtype=float32)),{}]
["add_polygon_ray",(array([ 384.40618896,  975.01843262, -766.43841553], dtype=float32), array([ 384.40618896,  975.01843262,  991.39324951], dtype=float32), array([  2.15272299e-13,   0.00000000e+00,   1.75783167e+03], dtype=float32)),{}]
["add_polygon_ray",(array([ 134.79412842,  700.79663086, -766.43841553], dtype=float32), array([ 134.79412842,  700.79663086,  991.39324951], dtype=float32), array([  2.15272299e-13,   0.00000000e+00,   1.75783167e+03], dtype=float32)),{}]
["add_polygon_ray",(array([ 148.85675049,  307.0423584 , -766.43841553], dtype=float32), array([ 148.85675049,  307.0423584 ,  991.39324951], dtype=float32), array([  2.15272299e-13,   0.00000000e+00,   1.75783167e+03], dtype=float32)),{}]
["add_polygon_ray",(array([ 394.95318604,  162.900177  , -766.43841553], dtype=float32), array([ 394.95318604,  162.900177  ,  991.39324951], dtype=float32), array([  2.15272299e-13,   0.00000000e+00,   1.75783167e+03], dtype=float32)),{}]
["select_region_polygon",(),{}]
["crop_selection",(),{}]
["transform_mesh",(array([[ 0.,  1.,  0.],       [ 1.,  0.,  0.],       [ 0.,  0.,  1.]], dtype=float32), array([ 0.,  0.,  0.], dtype=float32)),{'reverse': True}]
["set_obj_matrix",('Mesh 1', array([[ -9.99997727e-01,   2.13199924e-03,   1.22464407e-16,          8.19324697e+02],       [  2.13199924e-03,   9.99997727e-01,  -2.61094616e-19,         -4.81057768e+02],       [ -1.22464685e-16,   0.00000000e+00,  -1.00000000e+00,          1.12477417e+02],       [  0.00000000e+00,   0.00000000e+00,   0.00000000e+00,          1.00000000e+00]])),{}]
["set_obj_matrix",('Mesh 1', array([[ -9.99990850e-01,   4.27784240e-03,   1.22463565e-16,          8.18290531e+02],       [  4.27784240e-03,   9.99990850e-01,  -5.23884623e-19,         -4.82814811e+02],       [ -1.22464685e-16,   0.00000000e+00,  -1.00000000e+00,          1.12477417e+02],       [  0.00000000e+00,   0.00000000e+00,   0.00000000e+00,          1.00000000e+00]])),{}]
["set_obj_matrix",('Mesh 1', array([[ -9.99886066e-01,   1.50948983e-02,   1.22450732e-16,          8.13019850e+02],       [  1.50948983e-02,   9.99886066e-01,  -1.84859197e-18,         -4.91638342e+02],       [ -1.22464685e-16,   0.00000000e+00,  -1.00000000e+00,          1.12477417e+02],       [  0.00000000e+00,   0.00000000e+00,   0.00000000e+00,          1.00000000e+00]])),{}]
["set_obj_matrix",('Mesh 1', array([[ -9.99401506e-01,   3.45923435e-02,   1.22391391e-16,          8.03277024e+02],       [  3.45923435e-02,   9.99401506e-01,  -4.23634046e-18,         -5.07400787e+02],       [ -1.22464685e-16,   0.00000000e+00,  -1.00000000e+00,          1.12477417e+02],       [  0.00000000e+00,   0.00000000e+00,   0.00000000e+00,          1.00000000e+00]])),{}]
["set_obj_matrix",('Mesh 1', array([[ -9.95776222e-01,   9.18134876e-02,   1.21947422e-16,          7.72876368e+02],       [  9.18134876e-02,   9.95776222e-01,  -1.12439099e-17,         -5.52604429e+02],       [ -1.22464685e-16,   0.00000000e+00,  -1.00000000e+00,          1.12477417e+02],       [  0.00000000e+00,   0.00000000e+00,   0.00000000e+00,          1.00000000e+00]])),{}]
["set_obj_matrix",('Mesh 1', array([[ -9.90799192e-01,   1.35340168e-01,   1.21337911e-16,          7.47930702e+02],       [  1.35340168e-01,   9.90799192e-01,  -1.65743910e-17,         -5.85925934e+02],       [ -1.22464685e-16,   0.00000000e+00,  -1.00000000e+00,          1.12477417e+02],       [  0.00000000e+00,   0.00000000e+00,   0.00000000e+00,          1.00000000e+00]])),{}]
["set_obj_matrix",('Mesh 1', array([[ -9.76848766e-01,   2.13931038e-01,   1.19629477e-16,          6.98817111e+02],       [  2.13931038e-01,   9.76848766e-01,  -2.61989973e-17,         -6.43711256e+02],       [ -1.22464685e-16,   0.00000000e+00,  -1.00000000e+00,          1.12477417e+02],       [  0.00000000e+00,   0.00000000e+00,   0.00000000e+00,          1.00000000e+00]])),{}]
["set_obj_matrix",('Mesh 1', array([[ -9.53016929e-01,   3.02917039e-01,   1.16710918e-16,          6.36614833e+02],       [  3.02917039e-01,   9.53016929e-01,  -3.70966398e-17,         -7.05287949e+02],       [ -1.22464685e-16,   0.00000000e+00,  -1.00000000e+00,          1.12477417e+02],       [  0.00000000e+00,   0.00000000e+00,   0.00000000e+00,          1.00000000e+00]])),{}]
["set_obj_matrix",('Mesh 1', array([[ -9.29885878e-01,   3.67848139e-01,   1.13878181e-16,          5.86517193e+02],       [  3.67848139e-01,   9.29885878e-01,  -4.50484066e-17,         -7.47467135e+02],       [ -1.22464685e-16,   0.00000000e+00,  -1.00000000e+00,          1.12477417e+02],       [  0.00000000e+00,   0.00000000e+00,   0.00000000e+00,          1.00000000e+00]])),{}]
["set_obj_matrix",('Mesh 1', array([[ -8.85401117e-01,   4.64827777e-01,   1.08430369e-16,          5.03540890e+02],       [  4.64827777e-01,   8.85401117e-01,  -5.69249874e-17,         -8.05702245e+02],       [ -1.22464685e-16,   0.00000000e+00,  -1.00000000e+00,          1.12477417e+02],       [  0.00000000e+00,   0.00000000e+00,   0.00000000e+00,          1.00000000e+00]])),{}]
["set_obj_matrix",('Mesh 1', array([[ -7.10672907e-01,   7.03522579e-01,   8.70323339e-17,          2.45794098e+02],       [  7.03522579e-01,   7.10672907e-01,  -8.61566712e-17,         -9.17766200e+02],       [ -1.22464685e-16,   0.00000000e+00,  -1.00000000e+00,          1.12477417e+02],       [  0.00000000e+00,   0.00000000e+00,   0.00000000e+00,          1.00000000e+00]])),{}]
["set_obj_matrix",('Mesh 1', array([[ -5.66834912e-01,   8.23831405e-01,   6.94172590e-17,          7.01316130e+01],       [  8.23831405e-01,   5.66834912e-01,  -1.00890254e-16,         -9.47518386e+02],       [ -1.22464685e-16,   0.00000000e+00,  -1.00000000e+00,          1.12477417e+02],       [  0.00000000e+00,   0.00000000e+00,   0.00000000e+00,          1.00000000e+00]])),{}]
["set_obj_matrix",('Mesh 1', array([[ -5.45860330e-01,   8.37876184e-01,   6.68486135e-17,          4.61933462e+01],       [  8.37876184e-01,   5.45860330e-01,  -1.02610243e-16,         -9.48986676e+02],       [ -1.22464685e-16,   0.00000000e+00,  -1.00000000e+00,          1.12477417e+02],       [  0.00000000e+00,   0.00000000e+00,   0.00000000e+00,          1.00000000e+00]])),{}]
["set_obj_matrix",('Mesh 1', array([[ -5.14509790e-01,   8.57484505e-01,   6.30092796e-17,          1.10765179e+01],       [  8.57484505e-01,   5.14509790e-01,  -1.05011570e-16,         -9.50045708e+02],       [ -1.22464685e-16,   0.00000000e+00,  -1.00000000e+00,          1.12477417e+02],       [  0.00000000e+00,   0.00000000e+00,   0.00000000e+00,          1.00000000e+00]])),{}]
["set_obj_matrix",('Mesh 1', array([[ -4.06272163e-01,   9.13752116e-01,   4.97539926e-17,         -1.04685673e+02],       [  9.13752116e-01,   4.06272163e-01,  -1.11902365e-16,         -9.44325392e+02],       [ -1.22464685e-16,   0.00000000e+00,  -1.00000000e+00,          1.12477417e+02],       [  0.00000000e+00,   0.00000000e+00,   0.00000000e+00,          1.00000000e+00]])),{}]
["set_obj_matrix",('Mesh 1', array([[ -3.62568457e-01,   9.31957142e-01,   4.44018320e-17,         -1.49263789e+02],       [  9.31957142e-01,   3.62568457e-01,  -1.14131838e-16,         -9.38312238e+02],       [ -1.22464685e-16,   0.00000000e+00,  -1.00000000e+00,          1.12477417e+02],       [  0.00000000e+00,   0.00000000e+00,   0.00000000e+00,          1.00000000e+00]])),{}]
["set_obj_matrix",('Mesh 1', array([[ -2.31015885e-01,   9.72949979e-01,   2.82912876e-17,         -2.76831010e+02],       [  9.72949979e-01,   2.31015885e-01,  -1.19152013e-16,         -9.08886202e+02],       [ -1.22464685e-16,   0.00000000e+00,  -1.00000000e+00,          1.12477417e+02],       [  0.00000000e+00,   0.00000000e+00,   0.00000000e+00,          1.00000000e+00]])),{}]
["set_obj_matrix",('Mesh 1', array([[  2.50969244e-02,   9.99685023e-01,  -3.07348695e-18,         -4.99747127e+02],       [  9.99685023e-01,  -2.50969244e-02,  -1.22426112e-16,         -8.08060855e+02],       [ -1.22464685e-16,   0.00000000e+00,  -1.00000000e+00,          1.12477417e+02],       [  0.00000000e+00,   0.00000000e+00,   0.00000000e+00,          1.00000000e+00]])),{}]
["set_obj_matrix",('Mesh 1', array([[  4.92764445e-02,   9.98785178e-01,  -6.03462427e-18,         -5.19151454e+02],       [  9.98785178e-01,  -4.92764445e-02,  -1.22315912e-16,         -7.95733186e+02],       [ -1.22464685e-16,   0.00000000e+00,  -1.00000000e+00,          1.12477417e+02],       [  0.00000000e+00,   0.00000000e+00,   0.00000000e+00,          1.00000000e+00]])),{}]
["set_obj_matrix",('Mesh 1', array([[  5.21021056e-02,   9.98641763e-01,  -6.38066796e-18,         -5.21400741e+02],       [  9.98641763e-01,  -5.21021056e-02,  -1.22298349e-16,         -7.94261168e+02],       [ -1.22464685e-16,   0.00000000e+00,  -1.00000000e+00,          1.12477417e+02],       [  0.00000000e+00,   0.00000000e+00,   0.00000000e+00,          1.00000000e+00]])),{}]
["set_obj_matrix",('Mesh 1', array([[  8.54713201e-02,   9.96340631e-01,  -1.04672183e-17,         -5.47672169e+02],       [  9.96340631e-01,  -8.54713201e-02,  -1.22016542e-16,         -7.76379244e+02],       [ -1.22464685e-16,   0.00000000e+00,  -1.00000000e+00,          1.12477417e+02],       [  0.00000000e+00,   0.00000000e+00,   0.00000000e+00,          1.00000000e+00]])),{}]
["set_obj_matrix",('Mesh 1', array([[  8.27443509e-02,   9.96570807e-01,  -1.01332609e-17,         -5.45545429e+02],       [  9.96570807e-01,  -8.27443509e-02,  -1.22044730e-16,         -7.77875132e+02],       [ -1.22464685e-16,   0.00000000e+00,  -1.00000000e+00,          1.12477417e+02],       [  0.00000000e+00,   0.00000000e+00,   0.00000000e+00,          1.00000000e+00]])),{}]
["set_obj_matrix",('Mesh 1', array([[  7.32016114e-02,   9.97317163e-01,  -8.96461230e-18,         -5.38074794e+02],       [  9.97317163e-01,  -7.32016114e-02,  -1.22136132e-16,         -7.83061334e+02],       [ -1.22464685e-16,   0.00000000e+00,  -1.00000000e+00,          1.12477417e+02],       [  0.00000000e+00,   0.00000000e+00,   0.00000000e+00,          1.00000000e+00]])),{}]
["set_obj_matrix",('Mesh 1', array([[  6.11800790e-02,   9.98126744e-01,  -7.49239911e-18,         -5.28600989e+02],       [  9.98126744e-01,  -6.11800790e-02,  -1.22235278e-16,         -7.89487511e+02],       [ -1.22464685e-16,   0.00000000e+00,  -1.00000000e+00,          1.12477417e+02],       [  0.00000000e+00,   0.00000000e+00,   0.00000000e+00,          1.00000000e+00]])),{}]
["set_obj_matrix",('Mesh 1', array([[  5.09656273e-02,   9.98700408e-01,  -6.24148950e-18,         -5.20496541e+02],       [  9.98700408e-01,  -5.09656273e-02,  -1.22305531e-16,         -7.94854003e+02],       [ -1.22464685e-16,   0.00000000e+00,  -1.00000000e+00,          1.12477417e+02],       [  0.00000000e+00,   0.00000000e+00,   0.00000000e+00,          1.00000000e+00]])),{}]
["set_obj_matrix",('Mesh 1', array([[ -3.91681915e-02,   9.99232632e-01,   4.79672025e-18,         -4.46810503e+02],       [  9.99232632e-01,   3.91681915e-02,  -1.22370710e-16,         -8.38492642e+02],       [ -1.22464685e-16,   0.00000000e+00,  -1.00000000e+00,          1.12477417e+02],       [  0.00000000e+00,   0.00000000e+00,   0.00000000e+00,          1.00000000e+00]])),{}]
["set_obj_matrix",('Mesh 1', array([[ -6.76479038e-02,   9.97709257e-01,   8.28447925e-18,         -4.22717047e+02],       [  9.97709257e-01,   6.76479038e-02,  -1.22184150e-16,         -8.50893550e+02],       [ -1.22464685e-16,   0.00000000e+00,  -1.00000000e+00,          1.12477417e+02],       [  0.00000000e+00,   0.00000000e+00,   0.00000000e+00,          1.00000000e+00]])),{}]
["set_obj_matrix",('Mesh 1', array([[ -6.57432150e-02,   9.97836575e-01,   8.05122213e-18,         -4.24340580e+02],       [  9.97836575e-01,   6.57432150e-02,  -1.22199742e-16,         -8.50085059e+02],       [ -1.22464685e-16,   0.00000000e+00,  -1.00000000e+00,          1.12477417e+02],       [  0.00000000e+00,   0.00000000e+00,   0.00000000e+00,          1.00000000e+00]])),{}]
["set_obj_matrix",('Mesh 1', array([[ -6.91203069e-02,   9.97608332e-01,   8.46479663e-18,         -4.21460789e+02],       [  9.97608332e-01,   6.91203069e-02,  -1.22171790e-16,         -8.51516494e+02],       [ -1.22464685e-16,   0.00000000e+00,  -1.00000000e+00,          1.12477417e+02],       [  0.00000000e+00,   0.00000000e+00,   0.00000000e+00,          1.00000000e+00]])),{}]
["set_obj_matrix",('Mesh 1', array([[ -6.57432150e-02,   9.97836575e-01,   8.05122213e-18,         -4.24340580e+02],       [  9.97836575e-01,   6.57432150e-02,  -1.22199742e-16,         -8.50085059e+02],       [ -1.22464685e-16,   0.00000000e+00,  -1.00000000e+00,          1.12477417e+02],       [  0.00000000e+00,   0.00000000e+00,   0.00000000e+00,          1.00000000e+00]])),{}]
["set_obj_matrix",('Mesh 1', array([[ -5.90255693e-02,   9.98256471e-01,   7.22854776e-18,         -4.30052651e+02],       [  9.98256471e-01,   5.90255693e-02,  -1.22251165e-16,         -8.47209687e+02],       [ -1.22464685e-16,   0.00000000e+00,  -1.00000000e+00,          1.12477417e+02],       [  0.00000000e+00,   0.00000000e+00,   0.00000000e+00,          1.00000000e+00]])),{}]
["set_obj_matrix",('Mesh 1', array([[ -5.42931830e-02,   9.98525037e-01,   6.64899757e-18,         -4.34063583e+02],       [  9.98525037e-01,   5.42931830e-02,  -1.22284054e-16,         -8.45161725e+02],       [ -1.22464685e-16,   0.00000000e+00,  -1.00000000e+00,          1.12477417e+02],       [  0.00000000e+00,   0.00000000e+00,   0.00000000e+00,          1.00000000e+00]])),{}]
["set_obj_matrix",('Mesh 1', array([[ -5.09849224e-02,   9.98699423e-01,   6.24385248e-18,         -4.36861094e+02],       [  9.98699423e-01,   5.09849224e-02,  -1.22305411e-16,         -8.43719100e+02],       [ -1.22464685e-16,   0.00000000e+00,  -1.00000000e+00,          1.12477417e+02],       [  0.00000000e+00,   0.00000000e+00,   0.00000000e+00,          1.00000000e+00]])),{}]
["set_obj_matrix",('Mesh 1', array([[ -4.96271149e-02,   9.98767816e-01,   6.07756900e-18,         -4.38007751e+02],       [  9.98767816e-01,   4.96271149e-02,  -1.22313786e-16,         -8.43124395e+02],       [ -1.22464685e-16,   0.00000000e+00,  -1.00000000e+00,          1.12477417e+02],       [  0.00000000e+00,   0.00000000e+00,   0.00000000e+00,          1.00000000e+00]])),{}]
["set_obj_matrix",('Mesh 1', array([[ -5.29156951e-02,   9.98598983e-01,   6.48030394e-18,         -4.35229046e+02],       [  9.98598983e-01,   5.29156951e-02,  -1.22293110e-16,         -8.44562143e+02],       [ -1.22464685e-16,   0.00000000e+00,  -1.00000000e+00,          1.12477417e+02],       [  0.00000000e+00,   0.00000000e+00,   0.00000000e+00,          1.00000000e+00]])),{}]
["set_obj_matrix",('Mesh 1', array([[ -5.62163967e-02,   9.98418608e-01,   6.88452333e-18,         -4.32434865e+02],       [  9.98418608e-01,   5.62163967e-02,  -1.22271021e-16,         -8.45996231e+02],       [ -1.22464685e-16,   0.00000000e+00,  -1.00000000e+00,          1.12477417e+02],       [  0.00000000e+00,   0.00000000e+00,   0.00000000e+00,          1.00000000e+00]])),{}]
["set_obj_matrix",('Mesh 1', array([[ -5.95291781e-02,   9.98226566e-01,   7.29022205e-18,         -4.29625182e+02],       [  9.98226566e-01,   5.95291781e-02,  -1.22247502e-16,         -8.47426539e+02],       [ -1.22464685e-16,   0.00000000e+00,  -1.00000000e+00,          1.12477417e+02],       [  0.00000000e+00,   0.00000000e+00,   0.00000000e+00,          1.00000000e+00]])),{}]
["set_obj_matrix",('Mesh 1', array([[ -6.28539952e-02,   9.98022733e-01,   7.69739474e-18,         -4.26799974e+02],       [  9.98022733e-01,   6.28539952e-02,  -1.22222540e-16,         -8.48852942e+02],       [ -1.22464685e-16,   0.00000000e+00,  -1.00000000e+00,          1.12477417e+02],       [  0.00000000e+00,   0.00000000e+00,   0.00000000e+00,          1.00000000e+00]])),{}]
["set_obj_matrix",('Mesh 1', array([[ -6.76479038e-02,   9.97709257e-01,   8.28447925e-18,         -4.22717047e+02],       [  9.97709257e-01,   6.76479038e-02,  -1.22184150e-16,         -8.50893550e+02],       [ -1.22464685e-16,   0.00000000e+00,  -1.00000000e+00,          1.12477417e+02],       [  0.00000000e+00,   0.00000000e+00,   0.00000000e+00,          1.00000000e+00]])),{}]
["set_obj_matrix",('Mesh 1', array([[ -7.10167723e-02,   9.97475122e-01,   8.69704667e-18,         -4.19841177e+02],       [  9.97475122e-01,   7.10167723e-02,  -1.22155477e-16,         -8.52316210e+02],       [ -1.22464685e-16,   0.00000000e+00,  -1.00000000e+00,          1.12477417e+02],       [  0.00000000e+00,   0.00000000e+00,   0.00000000e+00,          1.00000000e+00]])),{}]
["set_obj_matrix",('Mesh 1', array([[ -7.43976165e-02,   9.97228657e-01,   9.11108069e-18,         -4.16949574e+02],       [  9.97228657e-01,   7.43976165e-02,  -1.22125294e-16,         -8.53734495e+02],       [ -1.22464685e-16,   0.00000000e+00,  -1.00000000e+00,          1.12477417e+02],       [  0.00000000e+00,   0.00000000e+00,   0.00000000e+00,          1.00000000e+00]])),{}]
["set_obj_matrix",('Mesh 1', array([[ -8.46114570e-02,   9.96414021e-01,   1.03619154e-17,         -4.08180203e+02],       [  9.96414021e-01,   8.46114570e-02,  -1.22025529e-16,         -8.57961804e+02],       [ -1.22464685e-16,   0.00000000e+00,  -1.00000000e+00,          1.12477417e+02],       [  0.00000000e+00,   0.00000000e+00,   0.00000000e+00,          1.00000000e+00]])),{}]
["set_obj_matrix",('Mesh 1', array([[ -9.14795240e-02,   9.95806958e-01,   1.12030111e-17,         -4.02255023e+02],       [  9.95806958e-01,   9.14795240e-02,  -1.21951186e-16,         -8.60755733e+02],       [ -1.22464685e-16,   0.00000000e+00,  -1.00000000e+00,          1.12477417e+02],       [  0.00000000e+00,   0.00000000e+00,   0.00000000e+00,          1.00000000e+00]])),{}]
["set_obj_matrix",('Mesh 1', array([[ -8.80396472e-02,   9.96116971e-01,   1.07817477e-17,         -4.05225513e+02],       [  9.96116971e-01,   8.80396472e-02,  -1.21989151e-16,         -8.59361285e+02],       [ -1.22464685e-16,   0.00000000e+00,  -1.00000000e+00,          1.12477417e+02],       [  0.00000000e+00,   0.00000000e+00,   0.00000000e+00,          1.00000000e+00]])),{}]
["set_obj_matrix",('Mesh 1', array([[ -8.98799017e-02,   9.95952611e-01,   1.10071139e-17,         -4.03637084e+02],       [  9.95952611e-01,   8.98799017e-02,  -1.21969023e-16,         -8.60108505e+02],       [ -1.22464685e-16,   0.00000000e+00,  -1.00000000e+00,          1.12477417e+02],       [  0.00000000e+00,   0.00000000e+00,   0.00000000e+00,          1.00000000e+00]])),{}]
["save_ply",('%s',),{}]