["add_ply",('%s',),{}]
["add_polygon_ray",(array([ 992.25628662,  842.69665527, -795.74743652], dtype=float32), array([ 1007.25152588,   843.46228027,  1105.10693359], dtype=float32), array([  1.49952145e+01,   7.65673757e-01,   1.90085437e+03], dtype=float32)),{}]
["add_polygon_ray",(array([ 946.34442139,  987.07385254, -795.44348145], dtype=float32), array([  961.33966064,   987.83953857,  1105.41101074], dtype=float32), array([  1.49952145e+01,   7.65673757e-01,   1.90085437e+03], dtype=float32)),{}]
["add_polygon_ray",(array([  645.52679443,  1225.98339844,  -793.16662598], dtype=float32), array([  660.52203369,  1226.74914551,  1107.68774414], dtype=float32), array([  1.49952145e+01,   7.65673757e-01,   1.90085437e+03], dtype=float32)),{}]
["add_polygon_ray",(array([  147.61895752,  1167.95288086,  -789.21539307], dtype=float32), array([  162.61419678,  1168.71850586,  1111.63903809], dtype=float32), array([  1.49952145e+01,   7.65673757e-01,   1.90085437e+03], dtype=float32)),{}]
["add_polygon_ray",(array([ 140.72888184,  814.3684082 , -789.01861572], dtype=float32), array([  155.72412109,   815.1340332 ,  1111.83581543], dtype=float32), array([  1.49952145e+01,   7.65673757e-01,   1.90085437e+03], dtype=float32)),{}]
["add_polygon_ray",(array([ 236.5614624 ,  422.97247314, -789.61694336], dtype=float32), array([  251.55670166,   423.73812866,  1111.23742676], dtype=float32), array([  1.49952145e+01,   7.65673757e-01,   1.90085437e+03], dtype=float32)),{}]
["add_polygon_ray",(array([ 513.48828125,  206.6701355 , -788.93823242], dtype=float32), array([  543.19177246,   209.73492432,  1111.7409668 ], dtype=float32), array([   29.70345497,     3.06480265,  1900.67919922], dtype=float32)),{}]
["add_polygon_ray",(array([ 620.02490234,  282.56585693, -790.72546387], dtype=float32), array([  649.72839355,   285.63064575,  1109.95361328], dtype=float32), array([   29.70345497,     3.06480265,  1900.67919922], dtype=float32)),{}]
["add_polygon_ray",(array([ 724.80651855,  382.04510498, -244.60903931], dtype=float32), array([ 737.38879395,  383.34335327,  560.51171875], dtype=float32), array([  12.58227539,    1.29823923,  805.12078857], dtype=float32)),{}]
["add_polygon_ray",(array([ 905.6350708 ,  595.60046387, -262.66870117], dtype=float32), array([ 966.79711914,  446.76208496,  526.30895996], dtype=float32), array([  61.16204834, -148.83836365,  788.97766113], dtype=float32)),{}]
["select_region_polygon",(),{}]
["crop_selection",(),{}]
["set_obj_matrix",('Mesh 1', array([[ -9.99998800e-01,  -1.54901341e-03,   1.22464538e-16,          8.22490577e+02],       [ -1.54901341e-03,   9.99998800e-01,   1.89699440e-19,         -6.01931568e+02],       [ -1.22464685e-16,   0.00000000e+00,  -1.00000000e+00,          1.56182098e+02],       [  0.00000000e+00,   0.00000000e+00,   0.00000000e+00,          1.00000000e+00]])),{}]
["set_obj_matrix",('Mesh 1', array([[ -9.90893738e-01,  -1.34646204e-01,   1.21349490e-16,          8.95295124e+02],       [ -1.34646204e-01,   9.90893738e-01,   1.64894050e-17,         -4.87092396e+02],       [ -1.22464685e-16,   0.00000000e+00,  -1.00000000e+00,          1.56182098e+02],       [  0.00000000e+00,   0.00000000e+00,   0.00000000e+00,          1.00000000e+00]])),{}]
["set_obj_matrix",('Mesh 1', array([[ -6.84891610e-01,  -7.28644964e-01,   8.38750354e-17,          1.00219984e+03],       [ -7.28644964e-01,   6.84891610e-01,   8.92332761e-17,          1.85493537e+02],       [ -1.22464685e-16,   0.00000000e+00,  -1.00000000e+00,          1.56182098e+02],       [  0.00000000e+00,   0.00000000e+00,   0.00000000e+00,          1.00000000e+00]])),{}]
["set_obj_matrix",('Mesh 1', array([[ -3.06668583e-01,  -9.51816359e-01,   3.75560715e-17,          8.26086066e+02],       [ -9.51816359e-01,   3.06668583e-01,   1.16563891e-16,          5.96987583e+02],       [ -1.22464685e-16,   0.00000000e+00,  -1.00000000e+00,          1.56182098e+02],       [  0.00000000e+00,   0.00000000e+00,   0.00000000e+00,          1.00000000e+00]])),{}]
["set_obj_matrix",('Mesh 1', array([[ -1.61016964e-01,  -9.86951639e-01,   1.97188918e-17,          7.27618704e+02],       [ -9.86951639e-01,   1.61016964e-01,   1.20866722e-16,          7.13710994e+02],       [ -1.22464685e-16,   0.00000000e+00,  -1.00000000e+00,          1.56182098e+02],       [  0.00000000e+00,   0.00000000e+00,   0.00000000e+00,          1.00000000e+00]])),{}]
["set_obj_matrix",('Mesh 1', array([[ -1.16271210e-02,  -9.99932403e-01,   1.42391171e-18,          6.12716465e+02],       [ -9.99932403e-01,   1.16271210e-02,   1.22456407e-16,          8.14488119e+02],       [ -1.22464685e-16,   0.00000000e+00,  -1.00000000e+00,          1.56182098e+02],       [  0.00000000e+00,   0.00000000e+00,   0.00000000e+00,          1.00000000e+00]])),{}]
["set_obj_matrix",('Mesh 1', array([[  5.82032434e-02,  -9.98304754e-01,  -7.12784189e-18,          5.54365021e+02],       [ -9.98304754e-01,  -5.82032434e-02,   1.22257078e-16,          8.55272930e+02],       [ -1.22464685e-16,   0.00000000e+00,  -1.00000000e+00,          1.56182098e+02],       [  0.00000000e+00,   0.00000000e+00,   0.00000000e+00,          1.00000000e+00]])),{}]
["set_obj_matrix",('Mesh 1', array([[  5.97251818e-02,  -9.98214858e-01,  -7.31422559e-18,          5.53060436e+02],       [ -9.98214858e-01,  -5.97251818e-02,   1.22246068e-16,          8.56117116e+02],       [ -1.22464685e-16,   0.00000000e+00,  -1.00000000e+00,          1.56182098e+02],       [  0.00000000e+00,   0.00000000e+00,   0.00000000e+00,          1.00000000e+00]])),{}]
["set_obj_matrix",('Mesh 1', array([[  7.07984634e-02,  -9.97490640e-01,  -8.67031154e-18,          5.43526250e+02],       [ -9.97490640e-01,  -7.07984634e-02,   1.22157377e-16,          8.62201587e+02],       [ -1.22464685e-16,   0.00000000e+00,  -1.00000000e+00,          1.56182098e+02],       [  0.00000000e+00,   0.00000000e+00,   0.00000000e+00,          1.00000000e+00]])),{}]
["set_obj_matrix",('Mesh 1', array([[  1.14305374e-01,  -9.93445661e-01,  -1.39983717e-17,          5.05342883e+02],       [ -9.93445661e-01,  -1.14305374e-01,   1.21662010e-16,          8.85121987e+02],       [ -1.22464685e-16,   0.00000000e+00,  -1.00000000e+00,          1.56182098e+02],       [  0.00000000e+00,   0.00000000e+00,   0.00000000e+00,          1.00000000e+00]])),{}]
["set_obj_matrix",('Mesh 1', array([[  1.27034398e-01,  -9.91898312e-01,  -1.55572276e-17,          4.93951894e+02],       [ -9.91898312e-01,  -1.27034398e-01,   1.21472515e-16,          8.91528961e+02],       [ -1.22464685e-16,   0.00000000e+00,  -1.00000000e+00,          1.56182098e+02],       [  0.00000000e+00,   0.00000000e+00,   0.00000000e+00,          1.00000000e+00]])),{}]
["set_obj_matrix",('Mesh 1', array([[  1.32444290e-01,  -9.91190451e-01,  -1.62197483e-17,          4.89080373e+02],       [ -9.91190451e-01,  -1.32444290e-01,   1.21385827e-16,          8.94210686e+02],       [ -1.22464685e-16,   0.00000000e+00,  -1.00000000e+00,          1.56182098e+02],       [  0.00000000e+00,   0.00000000e+00,   0.00000000e+00,          1.00000000e+00]])),{}]
["set_obj_matrix",('Mesh 1', array([[  1.80274711e-01,  -9.83616301e-01,  -2.20772858e-17,          4.45216183e+02],       [ -9.83616301e-01,  -1.80274711e-01,   1.20458261e-16,          9.16839633e+02],       [ -1.22464685e-16,   0.00000000e+00,  -1.00000000e+00,          1.56182098e+02],       [  0.00000000e+00,   0.00000000e+00,   0.00000000e+00,          1.00000000e+00]])),{}]
["set_obj_matrix",('Mesh 1', array([[  1.87807910e-01,  -9.82205777e-01,  -2.29998365e-17,          4.38176394e+02],       [ -9.82205777e-01,  -1.87807910e-01,   1.20285521e-16,          9.20224869e+02],       [ -1.22464685e-16,   0.00000000e+00,  -1.00000000e+00,          1.56182098e+02],       [  0.00000000e+00,   0.00000000e+00,   0.00000000e+00,          1.00000000e+00]])),{}]
["set_obj_matrix",('Mesh 1', array([[  1.93109566e-01,  -9.81177199e-01,  -2.36491022e-17,          4.33200337e+02],       [ -9.81177199e-01,  -1.93109566e-01,   1.20159557e-16,          9.22577818e+02],       [ -1.22464685e-16,   0.00000000e+00,  -1.00000000e+00,          1.56182098e+02],       [  0.00000000e+00,   0.00000000e+00,   0.00000000e+00,          1.00000000e+00]])),{}]
["set_obj_matrix",('Mesh 1', array([[  2.54343859e-01,  -9.67113851e-01,  -3.11481406e-17,          3.74409783e+02],       [ -9.67113851e-01,  -2.54343859e-01,   1.18437293e-16,          9.47960799e+02],       [ -1.22464685e-16,   0.00000000e+00,  -1.00000000e+00,          1.56182098e+02],       [  0.00000000e+00,   0.00000000e+00,   0.00000000e+00,          1.00000000e+00]])),{}]
["set_obj_matrix",('Mesh 1', array([[  2.59243394e-01,  -9.65812022e-01,  -3.17481607e-17,          3.69599265e+02],       [ -9.65812022e-01,  -2.59243394e-01,   1.18277865e-16,          9.49846696e+02],       [ -1.22464685e-16,   0.00000000e+00,  -1.00000000e+00,          1.56182098e+02],       [  0.00000000e+00,   0.00000000e+00,   0.00000000e+00,          1.00000000e+00]])),{}]
["set_obj_matrix",('Mesh 1', array([[  2.54343859e-01,  -9.67113851e-01,  -3.11481406e-17,          3.74409783e+02],       [ -9.67113851e-01,  -2.54343859e-01,   1.18437293e-16,          9.47960799e+02],       [ -1.22464685e-16,   0.00000000e+00,  -1.00000000e+00,          1.56182098e+02],       [  0.00000000e+00,   0.00000000e+00,   0.00000000e+00,          1.00000000e+00]])),{}]
["set_obj_matrix",('Mesh 1', array([[  2.49412612e-01,  -9.68397309e-01,  -3.05442371e-17,          3.79235272e+02],       [ -9.68397309e-01,  -2.49412612e-01,   1.18594472e-16,          9.46040681e+02],       [ -1.22464685e-16,   0.00000000e+00,  -1.00000000e+00,          1.56182098e+02],       [  0.00000000e+00,   0.00000000e+00,   0.00000000e+00,          1.00000000e+00]])),{}]
["set_obj_matrix",('Mesh 1', array([[  2.16821995e-01,  -9.76211157e-01,  -2.65530374e-17,          4.10723679e+02],       [ -9.76211157e-01,  -2.16821995e-01,   1.19551392e-16,          9.32801384e+02],       [ -1.22464685e-16,   0.00000000e+00,  -1.00000000e+00,          1.56182098e+02],       [  0.00000000e+00,   0.00000000e+00,   0.00000000e+00,          1.00000000e+00]])),{}]
["set_obj_matrix",('Mesh 1', array([[  1.70644213e-01,  -9.85332712e-01,  -2.08978898e-17,          4.54163535e+02],       [ -9.85332712e-01,  -1.70644213e-01,   1.20668460e-16,          9.12440598e+02],       [ -1.22464685e-16,   0.00000000e+00,  -1.00000000e+00,          1.56182098e+02],       [  0.00000000e+00,   0.00000000e+00,   0.00000000e+00,          1.00000000e+00]])),{}]
["set_obj_matrix",('Mesh 1', array([[  1.57903384e-01,  -9.87454567e-01,  -1.93375882e-17,          4.65910768e+02],       [ -9.87454567e-01,  -1.57903384e-01,   1.20928313e-16,          9.06498493e+02],       [ -1.22464685e-16,   0.00000000e+00,  -1.00000000e+00,          1.56182098e+02],       [  0.00000000e+00,   0.00000000e+00,   0.00000000e+00,          1.00000000e+00]])),{}]
["set_obj_matrix",('Mesh 1', array([[  1.63231082e-01,  -9.86587864e-01,  -1.99900431e-17,          4.61010960e+02],       [ -9.86587864e-01,  -1.63231082e-01,   1.20822172e-16,          9.09000141e+02],       [ -1.22464685e-16,   0.00000000e+00,  -1.00000000e+00,          1.56182098e+02],       [  0.00000000e+00,   0.00000000e+00,   0.00000000e+00,          1.00000000e+00]])),{}]
["set_obj_matrix",('Mesh 1', array([[  1.68531644e-01,  -9.85696244e-01,  -2.06391747e-17,          4.56118416e+02],       [ -9.85696244e-01,  -1.68531644e-01,   1.20712980e-16,          9.11464949e+02],       [ -1.22464685e-16,   0.00000000e+00,  -1.00000000e+00,          1.56182098e+02],       [  0.00000000e+00,   0.00000000e+00,   0.00000000e+00,          1.00000000e+00]])),{}]
["set_obj_matrix",('Mesh 1', array([[  1.84268008e-01,  -9.82876036e-01,  -2.25663236e-17,          4.41488929e+02],       [ -9.82876036e-01,  -1.84268008e-01,   1.20367604e-16,          9.18640238e+02],       [ -1.22464685e-16,   0.00000000e+00,  -1.00000000e+00,          1.56182098e+02],       [  0.00000000e+00,   0.00000000e+00,   0.00000000e+00,          1.00000000e+00]])),{}]
["set_obj_matrix",('Mesh 1', array([[  1.94618839e-01,  -9.80878946e-01,  -2.38339348e-17,          4.31780476e+02],       [ -9.80878946e-01,  -1.94618839e-01,   1.20123031e-16,          9.23243187e+02],       [ -1.22464685e-16,   0.00000000e+00,  -1.00000000e+00,          1.56182098e+02],       [  0.00000000e+00,   0.00000000e+00,   0.00000000e+00,          1.00000000e+00]])),{}]
["set_obj_matrix",('Mesh 1', array([[  2.04855647e-01,  -9.78792196e-01,  -2.50875824e-17,          4.22111614e+02],       [ -9.78792196e-01,  -2.04855647e-01,   1.19867478e-16,          9.27703696e+02],       [ -1.22464685e-16,   0.00000000e+00,  -1.00000000e+00,          1.56182098e+02],       [  0.00000000e+00,   0.00000000e+00,   0.00000000e+00,          1.00000000e+00]])),{}]
["set_obj_matrix",('Mesh 1', array([[  2.14976943e-01,  -9.76619124e-01,  -2.63270837e-17,          4.12485583e+02],       [ -9.76619124e-01,  -2.14976943e-01,   1.19601354e-16,          9.32023608e+02],       [ -1.22464685e-16,   0.00000000e+00,  -1.00000000e+00,          1.56182098e+02],       [  0.00000000e+00,   0.00000000e+00,   0.00000000e+00,          1.00000000e+00]])),{}]
["set_obj_matrix",('Mesh 1', array([[  2.19993853e-01,  -9.75501258e-01,  -2.69414779e-17,          4.07689603e+02],       [ -9.75501258e-01,  -2.19993853e-01,   1.19464455e-16,          9.34131441e+02],       [ -1.22464685e-16,   0.00000000e+00,  -1.00000000e+00,          1.56182098e+02],       [  0.00000000e+00,   0.00000000e+00,   0.00000000e+00,          1.00000000e+00]])),{}]
["save_ply",('%s',),{}]