["add_ply",('%s',),{}]
["add_polygon_ray",(array([ 485.91882324,  417.82290649, -227.795578  ], dtype=float32), array([ 485.91882324,  417.82290649,  441.04321289], dtype=float32), array([  8.19091363e-14,   0.00000000e+00,   6.68838806e+02], dtype=float32)),{}]
["add_polygon_ray",(array([ 332.08587646,  432.53735352, -227.795578  ], dtype=float32), array([ 332.08587646,  432.53735352,  441.04321289], dtype=float32), array([  8.19091363e-14,   0.00000000e+00,   6.68838806e+02], dtype=float32)),{}]
["add_polygon_ray",(array([ 271.78399658,  362.74694824, -227.39332581], dtype=float32), array([ 281.77059937,  362.92059326,  441.37091064], dtype=float32), array([  9.98661041e+00,   1.73667014e-01,   6.68764221e+02], dtype=float32)),{}]
["add_polygon_ray",(array([ 213.15213013,  323.62362671, -226.50761414], dtype=float32), array([ 223.13874817,  323.79730225,  442.2565918 ], dtype=float32), array([  9.98661041e+00,   1.73667014e-01,   6.68764221e+02], dtype=float32)),{}]
["add_polygon_ray",(array([ 204.77302551,  386.44830322, -226.39881897], dtype=float32), array([ 214.75964355,  386.62197876,  442.36541748], dtype=float32), array([  9.98661041e+00,   1.73667014e-01,   6.68764221e+02], dtype=float32)),{}]
["add_polygon_ray",(array([ 112.19877625,  436.75976562, -225.02946472], dtype=float32), array([ 122.18539429,  436.93347168,  443.73474121], dtype=float32), array([  9.98661041e+00,   1.73667014e-01,   6.68764221e+02], dtype=float32)),{}]
["add_polygon_ray",(array([  27.02767944,  360.03155518, -223.73768616], dtype=float32), array([  37.01431274,  360.2052002 ,  445.02655029], dtype=float32), array([  9.98661041e+00,   1.73667014e-01,   6.68764221e+02], dtype=float32)),{}]
["add_polygon_ray",(array([   6.53152466,  199.39230347, -223.38990784], dtype=float32), array([  16.51815796,  199.565979  ,  445.37432861], dtype=float32), array([  9.98661041e+00,   1.73667014e-01,   6.68764221e+02], dtype=float32)),{}]
["add_polygon_ray",(array([ 103.87161255,   15.33779907, -224.79570007], dtype=float32), array([ 113.85821533,   15.51144409,  443.96856689], dtype=float32), array([  9.98661041e+00,   1.73667014e-01,   6.68764221e+02], dtype=float32)),{}]
["add_polygon_ray",(array([ 344.86398315,  -26.11206055, -228.38365173], dtype=float32), array([ 354.85058594,  -25.93838501,  440.3805542 ], dtype=float32), array([  9.98661041e+00,   1.73667014e-01,   6.68764221e+02], dtype=float32)),{}]
["add_polygon_ray",(array([ 546.14959717,   95.41383362, -231.42100525], dtype=float32), array([ 556.13623047,   95.58750916,  437.3432312 ], dtype=float32), array([  9.98661041e+00,   1.73667014e-01,   6.68764221e+02], dtype=float32)),{}]
["add_polygon_ray",(array([ 577.44580078,  299.46032715, -229.74009705], dtype=float32), array([ 581.66418457,  305.96496582,  439.05374146], dtype=float32), array([   4.21834373,    6.50463724,  668.79388428], dtype=float32)),{}]
["select_region_polygon",(),{}]
["crop_selection",(),{}]
["transform_mesh",(array([[ 0.,  1.,  0.],       [ 1.,  0.,  0.],       [ 0.,  0.,  1.]], dtype=float32), array([ 0.,  0.,  0.], dtype=float32)),{'reverse': True}]
["set_obj_matrix",('Mesh 1', array([[ -9.99999016e-01,  -1.40252316e-03,   1.22464565e-16,          3.03049450e+02],       [ -1.40252316e-03,   9.99999016e-01,   1.71759558e-19,         -2.79617355e+02],       [ -1.22464685e-16,   0.00000000e+00,  -1.00000000e+00,          1.06623825e+02],       [  0.00000000e+00,   0.00000000e+00,   0.00000000e+00,          1.00000000e+00]])),{}]
["set_obj_matrix",('Mesh 1', array([[ -9.99984197e-01,  -5.62187825e-03,   1.22462750e-16,          3.04226562e+02],       [ -5.62187825e-03,   9.99984197e-01,   6.88481551e-19,         -2.78336188e+02],       [ -1.22464685e-16,   0.00000000e+00,  -1.00000000e+00,          1.06623825e+02],       [  0.00000000e+00,   0.00000000e+00,   0.00000000e+00,          1.00000000e+00]])),{}]
["set_obj_matrix",('Mesh 1', array([[ -9.99856183e-01,  -1.69591540e-02,   1.22447073e-16,          3.07362733e+02],       [ -1.69591540e-02,   9.99856183e-01,   2.07689746e-18,         -2.74869033e+02],       [ -1.22464685e-16,   0.00000000e+00,  -1.00000000e+00,          1.06623825e+02],       [  0.00000000e+00,   0.00000000e+00,   0.00000000e+00,          1.00000000e+00]])),{}]
["set_obj_matrix",('Mesh 1', array([[ -9.97532851e-01,  -7.02012236e-02,   1.22162547e-16,          3.21569582e+02],       [ -7.02012236e-02,   9.97532851e-01,   8.59717075e-18,         -2.58104318e+02],       [ -1.22464685e-16,   0.00000000e+00,  -1.00000000e+00,          1.06623825e+02],       [  0.00000000e+00,   0.00000000e+00,   0.00000000e+00,          1.00000000e+00]])),{}]
["set_obj_matrix",('Mesh 1', array([[ -9.92722649e-01,  -1.20423176e-01,   1.21573467e-16,          3.34178002e+02],       [ -1.20423176e-01,   9.92722649e-01,   1.47475863e-17,         -2.41557235e+02],       [ -1.22464685e-16,   0.00000000e+00,  -1.00000000e+00,          1.06623825e+02],       [  0.00000000e+00,   0.00000000e+00,   0.00000000e+00,          1.00000000e+00]])),{}]
["set_obj_matrix",('Mesh 1', array([[ -9.69627795e-01,  -2.44585241e-01,   1.18745163e-16,          3.61958790e+02],       [ -2.44585241e-01,   9.69627795e-01,   2.99530546e-17,         -1.97511187e+02],       [ -1.22464685e-16,   0.00000000e+00,  -1.00000000e+00,          1.06623825e+02],       [  0.00000000e+00,   0.00000000e+00,   0.00000000e+00,          1.00000000e+00]])),{}]
["set_obj_matrix",('Mesh 1', array([[ -8.72513301e-01,  -4.88590360e-01,   1.06852067e-16,          4.00898120e+02],       [ -4.88590360e-01,   8.72513301e-01,   5.98350646e-17,         -9.64651855e+01],       [ -1.22464685e-16,   0.00000000e+00,  -1.00000000e+00,          1.06623825e+02],       [  0.00000000e+00,   0.00000000e+00,   0.00000000e+00,          1.00000000e+00]])),{}]
["set_obj_matrix",('Mesh 1', array([[ -6.83412693e-01,  -7.30032253e-01,   8.36939204e-17,          4.11279399e+02],       [ -7.30032253e-01,   6.83412693e-01,   8.94031701e-17,          2.95650232e+01],       [ -1.22464685e-16,   0.00000000e+00,  -1.00000000e+00,          1.06623825e+02],       [  0.00000000e+00,   0.00000000e+00,   0.00000000e+00,          1.00000000e+00]])),{}]
["set_obj_matrix",('Mesh 1', array([[ -4.82611081e-01,  -8.75834770e-01,   5.91028141e-17,          3.91336234e+02],       [ -8.75834770e-01,   4.82611081e-01,   1.07258829e-16,          1.29926081e+02],       [ -1.22464685e-16,   0.00000000e+00,  -1.00000000e+00,          1.06623825e+02],       [  0.00000000e+00,   0.00000000e+00,   0.00000000e+00,          1.00000000e+00]])),{}]
["set_obj_matrix",('Mesh 1', array([[ -3.73488514e-01,  -9.27634804e-01,   4.57391533e-17,          3.72815718e+02],       [ -9.27634804e-01,   3.73488514e-01,   1.13602504e-16,          1.76162638e+02],       [ -1.22464685e-16,   0.00000000e+00,  -1.00000000e+00,          1.06623825e+02],       [  0.00000000e+00,   0.00000000e+00,   0.00000000e+00,          1.00000000e+00]])),{}]
["set_obj_matrix",('Mesh 1', array([[ -2.08673608e-01,  -9.77985340e-01,   2.55551478e-17,          3.37033607e+02],       [ -9.77985340e-01,   2.08673608e-01,   1.19768667e-16,          2.37556693e+02],       [ -1.22464685e-16,   0.00000000e+00,  -1.00000000e+00,          1.06623825e+02],       [  0.00000000e+00,   0.00000000e+00,   0.00000000e+00,          1.00000000e+00]])),{}]
["set_obj_matrix",('Mesh 1', array([[ -2.97444813e-02,  -9.99557535e-01,   3.64264854e-18,          2.88920580e+02],       [ -9.99557535e-01,   2.97444813e-02,   1.22410499e-16,          2.94193360e+02],       [ -1.22464685e-16,   0.00000000e+00,  -1.00000000e+00,          1.06623825e+02],       [  0.00000000e+00,   0.00000000e+00,   0.00000000e+00,          1.00000000e+00]])),{}]
["set_obj_matrix",('Mesh 1', array([[  5.36706006e-02,  -9.98558695e-01,  -6.57275321e-18,          2.63394706e+02],       [ -9.98558695e-01,  -5.36706006e-02,   1.22288176e-16,          3.17250790e+02],       [ -1.22464685e-16,   0.00000000e+00,  -1.00000000e+00,          1.06623825e+02],       [  0.00000000e+00,   0.00000000e+00,   0.00000000e+00,          1.00000000e+00]])),{}]
["set_obj_matrix",('Mesh 1', array([[  1.35378063e-01,  -9.90794015e-01,  -1.65790319e-17,          2.36490935e+02],       [ -9.90794015e-01,  -1.35378063e-01,   1.21337277e-16,          3.37782286e+02],       [ -1.22464685e-16,   0.00000000e+00,  -1.00000000e+00,          1.06623825e+02],       [  0.00000000e+00,   0.00000000e+00,   0.00000000e+00,          1.00000000e+00]])),{}]
["set_obj_matrix",('Mesh 1', array([[  1.63201256e-01,  -9.86592798e-01,  -1.99863905e-17,          2.26893533e+02],       [ -9.86592798e-01,  -1.63201256e-01,   1.20822777e-16,          3.44302424e+02],       [ -1.22464685e-16,   0.00000000e+00,  -1.00000000e+00,          1.06623825e+02],       [  0.00000000e+00,   0.00000000e+00,   0.00000000e+00,          1.00000000e+00]])),{}]
["set_obj_matrix",('Mesh 1', array([[  1.66855249e-01,  -9.85981402e-01,  -2.04338756e-17,          2.25616410e+02],       [ -9.85981402e-01,  -1.66855249e-01,   1.20747902e-16,          3.45140653e+02],       [ -1.22464685e-16,   0.00000000e+00,  -1.00000000e+00,          1.06623825e+02],       [  0.00000000e+00,   0.00000000e+00,   0.00000000e+00,          1.00000000e+00]])),{}]
["set_obj_matrix",('Mesh 1', array([[  1.70492651e-01,  -9.85358948e-01,  -2.08793288e-17,          2.24341212e+02],       [ -9.85358948e-01,  -1.70492651e-01,   1.20671673e-16,          3.45970888e+02],       [ -1.22464685e-16,   0.00000000e+00,  -1.00000000e+00,          1.06623825e+02],       [  0.00000000e+00,   0.00000000e+00,   0.00000000e+00,          1.00000000e+00]])),{}]
["set_obj_matrix",('Mesh 1', array([[  1.98990698e-01,  -9.80001379e-01,  -2.43693332e-17,          2.14215734e+02],       [ -9.80001379e-01,  -1.98990698e-01,   1.20015560e-16,          3.52330036e+02],       [ -1.22464685e-16,   0.00000000e+00,  -1.00000000e+00,          1.06623825e+02],       [  0.00000000e+00,   0.00000000e+00,   0.00000000e+00,          1.00000000e+00]])),{}]
["set_obj_matrix",('Mesh 1', array([[  2.18299369e-01,  -9.75881850e-01,  -2.67339636e-17,          2.07218188e+02],       [ -9.75881850e-01,  -2.18299369e-01,   1.19511064e-16,          3.56490473e+02],       [ -1.22464685e-16,   0.00000000e+00,  -1.00000000e+00,          1.06623825e+02],       [  0.00000000e+00,   0.00000000e+00,   0.00000000e+00,          1.00000000e+00]])),{}]
["set_obj_matrix",('Mesh 1', array([[  2.20356255e-01,  -9.75419459e-01,  -2.69858595e-17,          2.06466168e+02],       [ -9.75419459e-01,  -2.20356255e-01,   1.19454437e-16,          3.56926542e+02],       [ -1.22464685e-16,   0.00000000e+00,  -1.00000000e+00,          1.06623825e+02],       [  0.00000000e+00,   0.00000000e+00,   0.00000000e+00,          1.00000000e+00]])),{}]
["set_obj_matrix",('Mesh 1', array([[  2.16924673e-01,  -9.76188346e-01,  -2.65656118e-17,          2.07720081e+02],       [ -9.76188346e-01,  -2.16924673e-01,   1.19548599e-16,          3.56198263e+02],       [ -1.22464685e-16,   0.00000000e+00,  -1.00000000e+00,          1.06623825e+02],       [  0.00000000e+00,   0.00000000e+00,   0.00000000e+00,          1.00000000e+00]])),{}]
["set_obj_matrix",('Mesh 1', array([[  2.13475895e-01,  -9.76948332e-01,  -2.61432582e-17,          2.08976706e+02],       [ -9.76948332e-01,  -2.13475895e-01,   1.19641670e-16,          3.55462475e+02],       [ -1.22464685e-16,   0.00000000e+00,  -1.00000000e+00,          1.06623825e+02],       [  0.00000000e+00,   0.00000000e+00,   0.00000000e+00,          1.00000000e+00]])),{}]
["set_obj_matrix",('Mesh 1', array([[  1.95974278e-01,  -9.80609036e-01,  -2.39999283e-17,          2.15298844e+02],       [ -9.80609036e-01,  -1.95974278e-01,   1.20089977e-16,          3.51669223e+02],       [ -1.22464685e-16,   0.00000000e+00,  -1.00000000e+00,          1.06623825e+02],       [  0.00000000e+00,   0.00000000e+00,   0.00000000e+00,          1.00000000e+00]])),{}]
["set_obj_matrix",('Mesh 1', array([[  1.55967414e-01,  -9.87762201e-01,  -1.91005003e-17,          2.29410388e+02],       [ -9.87762201e-01,  -1.55967414e-01,   1.20965987e-16,          3.42630571e+02],       [ -1.22464685e-16,   0.00000000e+00,  -1.00000000e+00,          1.06623825e+02],       [  0.00000000e+00,   0.00000000e+00,   0.00000000e+00,          1.00000000e+00]])),{}]
["set_obj_matrix",('Mesh 1', array([[  1.48473720e-01,  -9.88916354e-01,  -1.81827873e-17,          2.32001619e+02],       [ -9.88916354e-01,  -1.48473720e-01,   1.21107330e-16,          3.40881334e+02],       [ -1.22464685e-16,   0.00000000e+00,  -1.00000000e+00,          1.06623825e+02],       [  0.00000000e+00,   0.00000000e+00,   0.00000000e+00,          1.00000000e+00]])),{}]
["save_ply",('%s',),{}]