["add_ply",('%s',),{}]
["add_polygon_ray",(array([ -65.59332275,  273.82067871, -204.72706604], dtype=float32), array([  14.26359558,  196.65690613,  389.44985962], dtype=float32), array([  79.85690308,  -77.16378784,  594.17694092], dtype=float32)),{}]
["add_polygon_ray",(array([  34.51052856,   97.07852173, -241.13386536], dtype=float32), array([ 114.36743164,   19.91471863,  353.0430603 ], dtype=float32), array([  79.85690308,  -77.16378784,  594.17694092], dtype=float32)),{}]
["add_polygon_ray",(array([ 219.03843689,   18.4617157 , -272.15896606], dtype=float32), array([ 297.50872803,  -49.81698608,  323.28878784], dtype=float32), array([  78.47028351,  -68.27870178,  595.44775391], dtype=float32)),{}]
["add_polygon_ray",(array([ 384.015625  ,  164.05517578, -275.69888306], dtype=float32), array([ 457.59259033,   95.58486938,  320.35131836], dtype=float32), array([  73.57696533,  -68.4703064 ,  596.05023193], dtype=float32)),{}]
["add_polygon_ray",(array([ 385.01916504,  232.98268127, -267.90484619], dtype=float32), array([ 458.59613037,  164.51235962,  328.14535522], dtype=float32), array([  73.57696533,  -68.4703064 ,  596.05023193], dtype=float32)),{}]
["add_polygon_ray",(array([ 314.2020874 ,  393.80111694, -240.68934631], dtype=float32), array([ 387.77905273,  325.33081055,  355.36083984], dtype=float32), array([  73.57696533,  -68.4703064 ,  596.05023193], dtype=float32)),{}]
["add_polygon_ray",(array([ 126.87117004,  430.29162598, -213.37324524], dtype=float32), array([ 200.44813538,  361.82131958,  382.67694092], dtype=float32), array([  73.57696533,  -68.4703064 ,  596.05023193], dtype=float32)),{}]
["add_polygon_ray",(array([  11.11268616,  359.27630615, -207.24168396], dtype=float32), array([  84.68965149,  290.80599976,  388.8085022 ], dtype=float32), array([  73.57696533,  -68.4703064 ,  596.05023193], dtype=float32)),{}]
["select_region_polygon",(),{}]
["crop_selection",(),{}]
["set_obj_matrix",('Mesh 1', array([[ -9.99949229e-01,  -4.62041863e-03,  -8.95496287e-03,          2.40335705e+02],       [ -4.65944150e-03,   9.99979719e-01,   4.34172726e-03,         -2.39998872e+02],       [  8.93472066e-03,   4.38323195e-03,  -9.99950478e-01,          5.43676400e+01],       [  0.00000000e+00,   0.00000000e+00,   0.00000000e+00,          1.00000000e+00]])),{}]
["set_obj_matrix",('Mesh 1', array([[ -9.99731359e-01,  -2.26692879e-02,  -4.82843853e-03,          2.44393537e+02],       [ -2.25736388e-02,   9.99564247e-01,  -1.90196285e-02,         -2.34277671e+02],       [  5.25749596e-03,  -1.89055237e-02,  -9.99807451e-01,          6.08467056e+01],       [  0.00000000e+00,   0.00000000e+00,   0.00000000e+00,          1.00000000e+00]])),{}]
["set_obj_matrix",('Mesh 1', array([[ -9.80945795e-01,  -9.49738442e-02,   1.69485443e-01,          2.47291418e+02],       [ -1.39649471e-01,   9.51174063e-01,  -2.75256113e-01,         -1.79925076e+02],       [ -1.35068026e-01,  -2.93679879e-01,  -9.46313245e-01,          1.57449901e+02],       [  0.00000000e+00,   0.00000000e+00,   0.00000000e+00,          1.00000000e+00]])),{}]
["set_obj_matrix",('Mesh 1', array([[ -8.33763598e-01,  -4.45360128e-02,   5.50322456e-01,          1.78086737e+02],       [ -4.58060666e-01,   6.12280082e-01,  -6.44432717e-01,         -1.03653861e+00],       [ -3.08251015e-01,  -7.89385612e-01,  -5.30897040e-01,          2.94279781e+02],       [  0.00000000e+00,   0.00000000e+00,   0.00000000e+00,          1.00000000e+00]])),{}]
["set_obj_matrix",('Mesh 1', array([[ -7.80331965e-01,  -6.59248848e-02,   6.21880964e-01,          1.66364574e+02],       [ -5.82433888e-01,   4.38711354e-01,  -6.84326760e-01,          7.27568711e+01],       [ -2.27712077e-01,  -8.96206593e-01,  -3.80737380e-01,          2.92140062e+02],       [  0.00000000e+00,   0.00000000e+00,   0.00000000e+00,          1.00000000e+00]])),{}]
["set_obj_matrix",('Mesh 1', array([[ -7.53445810e-01,  -9.03533414e-02,   6.51272359e-01,          1.64138569e+02],       [ -6.37742178e-01,   3.41477929e-01,  -6.90418524e-01,          1.09730915e+02],       [ -1.60013516e-01,  -9.35536797e-01,  -3.14907252e-01,          2.81663285e+02],       [  0.00000000e+00,   0.00000000e+00,   0.00000000e+00,          1.00000000e+00]])),{}]
["set_obj_matrix",('Mesh 1', array([[ -7.12715922e-01,  -6.48131277e-02,   6.98452054e-01,          1.45548155e+02],       [ -6.92243989e-01,   2.25803839e-01,  -6.85427521e-01,          1.50316254e+02],       [ -1.13288454e-01,  -9.72014344e-01,  -2.05800489e-01,          2.73015216e+02],       [  0.00000000e+00,   0.00000000e+00,   0.00000000e+00,          1.00000000e+00]])),{}]
["set_obj_matrix",('Mesh 1', array([[ -6.78364000e-01,  -3.35472515e-02,   7.33959717e-01,          1.27772999e+02],       [ -7.31080129e-01,   1.30214024e-01,  -6.69750814e-01,          1.81709210e+02],       [ -7.31035489e-02,  -9.90918205e-01,  -1.12858235e-01,          2.62625919e+02],       [  0.00000000e+00,   0.00000000e+00,   0.00000000e+00,          1.00000000e+00]])),{}]
["set_obj_matrix",('Mesh 1', array([[ -6.74948748e-01,  -2.58890393e-02,   7.37410296e-01,          1.24914496e+02],       [ -7.34201097e-01,   1.23028553e-01,  -6.67692088e-01,          1.84066484e+02],       [ -7.34366153e-02,  -9.92065387e-01,  -1.02045729e-01,          2.62359387e+02],       [  0.00000000e+00,   0.00000000e+00,   0.00000000e+00,          1.00000000e+00]])),{}]
["set_obj_matrix",('Mesh 1', array([[ -6.72809205e-01,  -2.66011419e-02,   7.39337645e-01,          1.24464330e+02],       [ -7.36713858e-01,   1.15512249e-01,  -6.66265421e-01,          1.86394635e+02],       [ -6.76791330e-02,  -9.92949797e-01,  -9.73151341e-02,          2.60925699e+02],       [  0.00000000e+00,   0.00000000e+00,   0.00000000e+00,          1.00000000e+00]])),{}]
["set_obj_matrix",('Mesh 1', array([[ -6.59675985e-01,  -4.82308618e-02,   7.50000919e-01,          1.25925273e+02],       [ -7.51408164e-01,   6.17226487e-02,  -6.56944507e-01,          2.02322042e+02],       [ -1.46070436e-02,  -9.96927329e-01,  -7.69580124e-02,          2.48042671e+02],       [  0.00000000e+00,   0.00000000e+00,   0.00000000e+00,          1.00000000e+00]])),{}]
["set_obj_matrix",('Mesh 1', array([[ -5.53442417e-01,  -9.34671544e-02,   8.27626354e-01,          1.06993088e+02],       [ -7.84809886e-01,  -2.74199435e-01,  -5.55777035e-01,          2.85384828e+02],       [  2.78881577e-01,  -9.57119930e-01,   7.83996513e-02,          1.59450709e+02],       [  0.00000000e+00,   0.00000000e+00,   0.00000000e+00,          1.00000000e+00]])),{}]
["set_obj_matrix",('Mesh 1', array([[ -5.05054953e-01,  -9.57590226e-02,   8.57758535e-01,          9.42597080e+01],       [ -7.67015541e-01,  -4.05882744e-01,  -4.96936976e-01,          3.09468239e+02],       [  3.95735587e-01,  -9.08894608e-01,   1.31544432e-01,          1.16880564e+02],       [  0.00000000e+00,   0.00000000e+00,   0.00000000e+00,          1.00000000e+00]])),{}]
["set_obj_matrix",('Mesh 1', array([[ -5.00197262e-01,  -1.13089115e-01,   8.58494934e-01,          9.72319286e+01],       [ -7.61035943e-01,  -4.15534991e-01,  -4.98151547e-01,          3.10435602e+02],       [  4.13070202e-01,  -9.02519542e-01,   1.21784584e-01,          1.11768685e+02],       [  0.00000000e+00,   0.00000000e+00,   0.00000000e+00,          1.00000000e+00]])),{}]
["set_obj_matrix",('Mesh 1', array([[ -4.71533348e-01,  -1.38740831e-01,   8.70865824e-01,          9.58558660e+01],       [ -7.37406682e-01,  -4.79550855e-01,  -4.75670435e-01,          3.18920098e+02],       [  4.83619362e-01,  -8.66476751e-01,   1.23815805e-01,          8.61288221e+01],       [  0.00000000e+00,   0.00000000e+00,   0.00000000e+00,          1.00000000e+00]])),{}]
["set_obj_matrix",('Mesh 1', array([[ -4.46677810e-01,  -1.63782176e-01,   8.79576224e-01,          9.54526140e+01],       [ -7.13621228e-01,  -5.27756014e-01,  -4.60671610e-01,          3.23989718e+02],       [  5.39651441e-01,  -8.33456050e-01,   1.18858463e-01,          6.50846447e+01],       [  0.00000000e+00,   0.00000000e+00,   0.00000000e+00,          1.00000000e+00]])),{}]
["set_obj_matrix",('Mesh 1', array([[ -3.85856559e-01,  -2.11085706e-01,   8.98085486e-01,          9.12618382e+01],       [ -6.49572084e-01,  -6.29103311e-01,  -4.26948628e-01,          3.31170006e+02],       [  6.55111306e-01,  -7.48112190e-01,   1.05628257e-01,          1.77271979e+01],       [  0.00000000e+00,   0.00000000e+00,   0.00000000e+00,          1.00000000e+00]])),{}]
["set_obj_matrix",('Mesh 1', array([[ -3.78112022e-01,  -2.10110871e-01,   9.01601198e-01,          8.89759000e+01],       [ -6.40855376e-01,  -6.43420989e-01,  -4.18704930e-01,          3.32063302e+02],       [  6.68083592e-01,  -7.36113342e-01,   1.08634529e-01,          1.15673055e+01],       [  0.00000000e+00,   0.00000000e+00,   0.00000000e+00,          1.00000000e+00]])),{}]
["set_obj_matrix",('Mesh 1', array([[ -3.70844712e-01,  -2.14119834e-01,   9.03674110e-01,          8.80873601e+01],       [ -6.46989241e-01,  -6.38502368e-01,  -4.16796891e-01,          3.32233020e+02],       [  6.66242540e-01,  -7.39234349e-01,   9.82519978e-02,          1.33561553e+01],       [  0.00000000e+00,   0.00000000e+00,   0.00000000e+00,          1.00000000e+00]])),{}]
["set_obj_matrix",('Mesh 1', array([[ -3.21388160e-01,  -2.44242675e-01,   9.14907190e-01,          8.28901236e+01],       [ -6.83287847e-01,  -6.09102936e-01,  -4.02630516e-01,          3.33001472e+02],       [  6.55612209e-01,  -7.54545644e-01,   2.88704204e-02,          2.35753400e+01],       [  0.00000000e+00,   0.00000000e+00,   0.00000000e+00,          1.00000000e+00]])),{}]
["set_obj_matrix",('Mesh 1', array([[  2.51486136e-01,  -6.68390177e-01,   7.00006639e-01,          6.06661381e+01],       [ -8.76904199e-01,  -4.63451894e-01,  -1.27480855e-01,          3.28301680e+02],       [  4.09626354e-01,  -5.81779094e-01,  -7.02665878e-01,          8.27899531e+01],       [  0.00000000e+00,   0.00000000e+00,   0.00000000e+00,          1.00000000e+00]])),{}]
["set_obj_matrix",('Mesh 1', array([[  4.07317556e-01,  -7.68901435e-01,   4.92831606e-01,          5.96007216e+01],       [ -8.75577275e-01,  -4.82224669e-01,  -2.87019830e-02,          3.26821015e+02],       [  2.59724554e-01,  -4.19821333e-01,  -8.69651197e-01,          8.91758247e+01],       [  0.00000000e+00,   0.00000000e+00,   0.00000000e+00,          1.00000000e+00]])),{}]
["set_obj_matrix",('Mesh 1', array([[  4.11604313e-01,  -7.70975159e-01,   4.85982710e-01,          5.94710958e+01],       [ -8.74734775e-01,  -4.83862924e-01,  -2.67533977e-02,          3.26902335e+02],       [  2.55775220e-01,  -4.14094162e-01,  -8.73558848e-01,          8.89640472e+01],       [  0.00000000e+00,   0.00000000e+00,   0.00000000e+00,          1.00000000e+00]])),{}]
["set_obj_matrix",('Mesh 1', array([[  4.20084629e-01,  -7.74986825e-01,   4.72148626e-01,          5.92092320e+01],       [ -8.73016887e-01,  -4.87153584e-01,  -2.28670261e-02,          3.27061154e+02],       [  2.47730539e-01,  -4.02587637e-01,  -8.81222318e-01,          8.85540396e+01],       [  0.00000000e+00,   0.00000000e+00,   0.00000000e+00,          1.00000000e+00]])),{}]
["set_obj_matrix",('Mesh 1', array([[  4.24277279e-01,  -7.76924377e-01,   4.65163737e-01,          5.90770995e+01],       [ -8.72141405e-01,  -4.88806030e-01,  -2.09292702e-02,          3.27138642e+02],       [  2.43635300e-01,  -3.96808742e-01,  -8.84977210e-01,          8.83558412e+01],       [  0.00000000e+00,   0.00000000e+00,   0.00000000e+00,          1.00000000e+00]])),{}]
["set_obj_matrix",('Mesh 1', array([[  4.15860155e-01,  -7.73003687e-01,   4.79088333e-01,          5.93405818e+01],       [ -8.73881328e-01,  -4.85505889e-01,  -2.48084071e-02,          3.26982383e+02],       [  2.51777197e-01,  -4.08349521e-01,  -8.77416043e-01,          8.87567802e+01],       [  0.00000000e+00,   0.00000000e+00,   0.00000000e+00,          1.00000000e+00]])),{}]
["set_obj_matrix",('Mesh 1', array([[  3.83805173e-01,  -7.59173236e-01,   5.25689630e-01,          6.09791115e+01],       [ -8.82680362e-01,  -4.68839696e-01,  -3.26300138e-02,          3.25518768e+02],       [  2.71235999e-01,  -4.51492345e-01,  -8.50050408e-01,          9.29280881e+01],       [  0.00000000e+00,   0.00000000e+00,   0.00000000e+00,          1.00000000e+00]])),{}]
["set_obj_matrix",('Mesh 1', array([[  3.61345583e-01,  -7.46932629e-01,   5.58140679e-01,          6.15244505e+01],       [ -8.86515011e-01,  -4.60731266e-01,  -4.26360833e-02,          3.25057068e+02],       [  2.88999144e-01,  -4.79393730e-01,  -8.28650196e-01,          9.41764006e+01],       [  0.00000000e+00,   0.00000000e+00,   0.00000000e+00,          1.00000000e+00]])),{}]
["set_obj_matrix",('Mesh 1', array([[  3.59835773e-01,  -7.48141329e-01,   5.57496877e-01,          6.22130633e+01],       [ -8.89558959e-01,  -4.55329901e-01,  -3.68719231e-02,          3.24150931e+02],       [  2.81430407e-01,  -4.82658505e-01,  -8.29359810e-01,          9.68104240e+01],       [  0.00000000e+00,   0.00000000e+00,   0.00000000e+00,          1.00000000e+00]])),{}]
["set_obj_matrix",('Mesh 1', array([[  3.55256113e-01,  -7.51745819e-01,   5.55581963e-01,          6.42847375e+01],       [ -8.98317684e-01,  -4.38914684e-01,  -1.94740467e-02,          3.21286532e+02],       [  2.58492615e-01,  -4.92170829e-01,  -8.31233688e-01,          1.04685178e+02],       [  0.00000000e+00,   0.00000000e+00,   0.00000000e+00,          1.00000000e+00]])),{}]
["set_obj_matrix",('Mesh 1', array([[  3.44670006e-01,  -7.53765398e-01,   5.59500056e-01,          6.70727738e+01],       [ -9.09923487e-01,  -4.14772427e-01,   1.75554930e-03,          3.17020053e+02],       [  2.30741924e-01,  -5.09707327e-01,  -8.28828454e-01,          1.15395314e+02],       [  0.00000000e+00,   0.00000000e+00,   0.00000000e+00,          1.00000000e+00]])),{}]
["set_obj_matrix",('Mesh 1', array([[  2.98412877e-01,  -7.25037396e-01,   6.20701643e-01,          6.76729368e+01],       [ -9.20079955e-01,  -3.91447046e-01,  -1.49025547e-02,          3.14785132e+02],       [  2.53776734e-01,  -5.66648025e-01,  -7.83905214e-01,          1.21025799e+02],       [  0.00000000e+00,   0.00000000e+00,   0.00000000e+00,          1.00000000e+00]])),{}]
["set_obj_matrix",('Mesh 1', array([[  2.33137060e-01,  -6.75595765e-01,   6.99440829e-01,          6.68145698e+01],       [ -9.26039785e-01,  -3.73775487e-01,  -5.23660352e-02,          3.14107745e+02],       [  2.96812108e-01,  -6.35501572e-01,  -7.12769475e-01,          1.23242392e+02],       [  0.00000000e+00,   0.00000000e+00,   0.00000000e+00,          1.00000000e+00]])),{}]
["set_obj_matrix",('Mesh 1', array([[  2.13483394e-01,  -6.60323270e-01,   7.19998624e-01,          6.66443664e+01],       [ -9.28094820e-01,  -3.67214171e-01,  -6.15934925e-02,          3.13549048e+02],       [  3.05065314e-01,  -6.55077806e-01,  -6.91236734e-01,          1.24748037e+02],       [  0.00000000e+00,   0.00000000e+00,   0.00000000e+00,          1.00000000e+00]])),{}]
["set_obj_matrix",('Mesh 1', array([[  1.83563850e-01,  -6.36268807e-01,   7.49310562e-01,          6.63056679e+01],       [ -9.30847390e-01,  -3.57514178e-01,  -7.55430275e-02,          3.12672664e+02],       [  3.15954822e-01,  -6.83626812e-01,  -6.57895837e-01,          1.27105915e+02],       [  0.00000000e+00,   0.00000000e+00,   0.00000000e+00,          1.00000000e+00]])),{}]
["set_obj_matrix",('Mesh 1', array([[  1.68428448e-01,  -6.23735440e-01,   7.63273188e-01,          6.60962427e+01],       [ -9.32076194e-01,  -3.52727639e-01,  -8.25662201e-02,          3.12217337e+02],       [  3.20727027e-01,  -6.97522268e-01,  -6.40778324e-01,          1.28328372e+02],       [  0.00000000e+00,   0.00000000e+00,   0.00000000e+00,          1.00000000e+00]])),{}]
["set_obj_matrix",('Mesh 1', array([[  1.58279943e-01,  -6.15195336e-01,   7.72322574e-01,          6.59409914e+01],       [ -9.32841047e-01,  -3.49559997e-01,  -8.72661944e-02,          3.11907471e+02],       [  3.23658833e-01,  -7.06641711e-01,  -6.29207798e-01,          1.29159068e+02],       [  0.00000000e+00,   0.00000000e+00,   0.00000000e+00,          1.00000000e+00]])),{}]
["set_obj_matrix",('Mesh 1', array([[  1.53189328e-01,  -6.10870402e-01,   7.76769195e-01,          6.58585467e+01],       [ -9.33207207e-01,  -3.47983176e-01,  -8.96215225e-02,          3.11750648e+02],       [  3.25049747e-01,  -7.11157550e-01,  -6.23375971e-01,          1.29579068e+02],       [  0.00000000e+00,   0.00000000e+00,   0.00000000e+00,          1.00000000e+00]])),{}]
["set_obj_matrix",('Mesh 1', array([[  1.48088294e-01,  -6.06509092e-01,   7.81163605e-01,          6.57728324e+01],       [ -9.33562539e-01,  -3.46411013e-01,  -9.19804061e-02,          3.11592568e+02],       [  3.26390629e-01,  -7.15643858e-01,  -6.17513584e-01,          1.30002139e+02],       [  0.00000000e+00,   0.00000000e+00,   0.00000000e+00,          1.00000000e+00]])),{}]
["set_obj_matrix",('Mesh 1', array([[  1.48081887e-01,  -6.13138776e-01,   7.75972033e-01,          6.76700506e+01],       [ -9.33656559e-01,  -3.45408805e-01,  -9.47532947e-02,          3.11533219e+02],       [  3.26124492e-01,  -7.10460132e-01,  -6.23609828e-01,          1.29167981e+02],       [  0.00000000e+00,   0.00000000e+00,   0.00000000e+00,          1.00000000e+00]])),{}]
["set_obj_matrix",('Mesh 1', array([[  1.50734740e-01,  -6.12968470e-01,   7.75595702e-01,          6.70174034e+01],       [ -9.30586790e-01,  -3.52733361e-01,  -9.79152803e-02,          3.12746644e+02],       [  3.33597458e-01,  -7.06999880e-01,  -6.23589533e-01,          1.26549413e+02],       [  0.00000000e+00,   0.00000000e+00,   0.00000000e+00,          1.00000000e+00]])),{}]
["set_obj_matrix",('Mesh 1', array([[  1.53268069e-01,  -5.99506441e-01,   7.85557716e-01,          6.25966962e+01],       [ -9.27249765e-01,  -3.62082906e-01,  -9.54140626e-02,          3.14058052e+02],       [  3.41638366e-01,  -7.13784278e-01,  -6.11387955e-01,          1.25561711e+02],       [  0.00000000e+00,   0.00000000e+00,   0.00000000e+00,          1.00000000e+00]])),{}]
["set_obj_matrix",('Mesh 1', array([[  1.57578726e-01,  -5.51639838e-01,   8.19061923e-01,          4.81097403e+01],       [ -9.19912856e-01,  -3.83588195e-01,  -8.13660507e-02,          3.16677894e+02],       [  3.59067239e-01,  -7.40644035e-01,  -5.67905918e-01,          1.25367916e+02],       [  0.00000000e+00,   0.00000000e+00,   0.00000000e+00,          1.00000000e+00]])),{}]
["set_obj_matrix",('Mesh 1', array([[  1.60957151e-01,  -5.02317969e-01,   8.49570158e-01,          3.36672475e+01],       [ -9.12039466e-01,  -4.04678450e-01,  -6.64783042e-02,          3.19021364e+02],       [  3.77195982e-01,  -7.64141355e-01,  -5.23269703e-01,          1.24130718e+02],       [  0.00000000e+00,   0.00000000e+00,   0.00000000e+00,          1.00000000e+00]])),{}]
["set_obj_matrix",('Mesh 1', array([[  1.60992250e-01,  -4.37274137e-01,   8.84801008e-01,          1.59641535e+01],       [ -9.06815714e-01,  -4.19402230e-01,  -4.22732868e-02,          3.19927593e+02],       [  3.89572531e-01,  -7.95545786e-01,  -4.64047568e-01,          1.25331683e+02],       [  0.00000000e+00,   0.00000000e+00,   0.00000000e+00,          1.00000000e+00]])),{}]
["set_obj_matrix",('Mesh 1', array([[  1.59342939e-01,  -3.47757522e-01,   9.23945092e-01,         -7.45674661e+00],       [ -9.00364666e-01,  -4.35053694e-01,  -8.47067974e-03,          3.20211860e+02],       [  4.04911468e-01,  -8.30537771e-01,  -3.82431319e-01,          1.25400603e+02],       [  0.00000000e+00,   0.00000000e+00,   0.00000000e+00,          1.00000000e+00]])),{}]
["set_obj_matrix",('Mesh 1', array([[  1.56409927e-01,  -2.78959751e-01,   9.47479494e-01,         -2.46822544e+01],       [ -8.97829337e-01,  -4.39947068e-01,   1.86831452e-02,          3.19222325e+02],       [  4.11628980e-01,  -8.53597115e-01,  -3.19270337e-01,          1.25715724e+02],       [  0.00000000e+00,   0.00000000e+00,   0.00000000e+00,          1.00000000e+00]])),{}]
["set_obj_matrix",('Mesh 1', array([[  1.55002078e-01,  -2.71319756e-01,   9.49926285e-01,         -2.63272246e+01],       [ -9.01188931e-01,  -4.32792487e-01,   2.34344550e-02,          3.18027548e+02],       [  4.04762729e-01,  -8.59695442e-01,  -3.11594095e-01,          1.28381875e+02],       [  0.00000000e+00,   0.00000000e+00,   0.00000000e+00,          1.00000000e+00]])),{}]
["set_obj_matrix",('Mesh 1', array([[  1.54357886e-01,  -2.55826937e-01,   9.54319769e-01,         -3.01580243e+01],       [ -9.00577014e-01,  -4.33701018e-01,   2.94018441e-02,          3.17756828e+02],       [  4.06367671e-01,  -8.63976855e-01,  -2.97337031e-01,          1.28209367e+02],       [  0.00000000e+00,   0.00000000e+00,   0.00000000e+00,          1.00000000e+00]])),{}]
["set_obj_matrix",('Mesh 1', array([[  1.50795995e-01,  -1.77630217e-01,   9.72475231e-01,         -4.91876874e+01],       [ -8.97271781e-01,  -4.37488135e-01,   5.92240057e-02,          3.16163454e+02],       [  4.14926402e-01,  -8.81505325e-01,  -2.25354040e-01,          1.26244966e+02],       [  0.00000000e+00,   0.00000000e+00,   0.00000000e+00,          1.00000000e+00]])),{}]
["set_obj_matrix",('Mesh 1', array([[  1.50405414e-01,  -1.69753044e-01,   9.73941536e-01,         -5.10761917e+01],       [ -8.96918873e-01,  -4.37798000e-01,   6.22048746e-02,          3.15982268e+02],       [  4.15830189e-01,  -8.82902495e-01,  -2.18101898e-01,          1.25948318e+02],       [  0.00000000e+00,   0.00000000e+00,   0.00000000e+00,          1.00000000e+00]])),{}]
["set_obj_matrix",('Mesh 1', array([[  1.50008057e-01,  -1.61867025e-01,   9.75344375e-01,         -5.29615561e+01],       [ -8.96561914e-01,  -4.38095405e-01,   6.51854998e-02,          3.15797128e+02],       [  4.16742506e-01,  -8.84234970e-01,  -2.10841651e-01,          1.25633585e+02],       [  0.00000000e+00,   0.00000000e+00,   0.00000000e+00,          1.00000000e+00]])),{}]
["set_obj_matrix",('Mesh 1', array([[  1.49603794e-01,  -1.53972560e-01,   9.76683754e-01,         -5.48436536e+01],       [ -8.96200909e-01,  -4.38380364e-01,   6.81658814e-02,          3.15608037e+02],       [  4.17663305e-01,  -8.85502742e-01,  -2.03573714e-01,          1.25300799e+02],       [  0.00000000e+00,   0.00000000e+00,   0.00000000e+00,          1.00000000e+00]])),{}]
["set_obj_matrix",('Mesh 1', array([[  1.49192495e-01,  -1.46070047e-01,   9.77959683e-01,         -5.67223577e+01],       [ -8.95835860e-01,  -4.38652888e-01,   7.11460197e-02,          3.15415000e+02],       [  4.18592537e-01,  -8.86705805e-01,  -1.96298505e-01,          1.24949996e+02],       [  0.00000000e+00,   0.00000000e+00,   0.00000000e+00,          1.00000000e+00]])),{}]
["set_obj_matrix",('Mesh 1', array([[  1.48774031e-01,  -1.38159886e-01,   9.79172168e-01,         -5.85975419e+01],       [ -8.95466771e-01,  -4.38912987e-01,   7.41259148e-02,          3.15218021e+02],       [  4.19530153e-01,  -8.87844151e-01,  -1.89016441e-01,          1.24581208e+02],       [  0.00000000e+00,   0.00000000e+00,   0.00000000e+00,          1.00000000e+00]])),{}]
["set_obj_matrix",('Mesh 1', array([[  1.47367273e-01,  -1.06425091e-01,   9.83339507e-01,         -6.61454280e+01],       [ -8.90213878e-01,  -4.47547429e-01,   8.49738217e-02,          3.15419401e+02],       [  4.31047722e-01,  -8.87904837e-01,  -1.60694937e-01,          1.20216195e+02],       [  0.00000000e+00,   0.00000000e+00,   0.00000000e+00,          1.00000000e+00]])),{}]
["set_obj_matrix",('Mesh 1', array([[  1.35952692e-01,   4.49010127e-02,   9.89697310e-01,         -1.00235831e+02],       [ -8.74181712e-01,  -4.64627876e-01,   1.41163988e-01,          3.12472054e+02],       [  4.66179365e-01,  -8.84366913e-01,  -2.39157664e-02,          1.03104528e+02],       [  0.00000000e+00,   0.00000000e+00,   0.00000000e+00,          1.00000000e+00]])),{}]
["set_obj_matrix",('Mesh 1', array([[  1.29802022e-01,   1.08550656e-01,   9.85580129e-01,         -1.13861609e+02],       [ -8.70219428e-01,  -4.63959818e-01,   1.65708885e-01,          3.09952483e+02],       [  4.75257386e-01,  -8.79180324e-01,   3.42399673e-02,          9.63407589e+01],       [  0.00000000e+00,   0.00000000e+00,   0.00000000e+00,          1.00000000e+00]])),{}]
["set_obj_matrix",('Mesh 1', array([[  1.27927771e-01,   1.64300087e-01,   9.78079734e-01,         -1.26410623e+02],       [ -8.86046462e-01,  -4.24146783e-01,   1.87139449e-01,          3.02907567e+02],       [  4.45596400e-01,  -8.90564421e-01,   9.13173581e-02,          1.02878131e+02],       [  0.00000000e+00,   0.00000000e+00,   0.00000000e+00,          1.00000000e+00]])),{}]
["set_obj_matrix",('Mesh 1', array([[  1.26836448e-01,   1.95986660e-01,   9.72369140e-01,         -1.33453629e+02],       [ -8.91306332e-01,  -4.07673798e-01,   1.98431591e-01,          2.99545450e+02],       [  4.35299365e-01,  -8.91847130e-01,   1.22976254e-01,          1.03822936e+02],       [  0.00000000e+00,   0.00000000e+00,   0.00000000e+00,          1.00000000e+00]])),{}]
["set_obj_matrix",('Mesh 1', array([[  1.24270095e-01,   2.74501785e-01,   9.53522791e-01,         -1.50667847e+02],       [ -9.00007272e-01,  -3.73432568e-01,   2.24799971e-01,          2.91857239e+02],       [  4.17784458e-01,  -8.86113360e-01,   2.00647103e-01,          1.02152346e+02],       [  0.00000000e+00,   0.00000000e+00,   0.00000000e+00,          1.00000000e+00]])),{}]
["set_obj_matrix",('Mesh 1', array([[  1.22241815e-01,   2.82209220e-01,   9.51532918e-01,         -1.51925581e+02],       [ -8.96059844e-01,  -3.80866130e-01,   2.28073996e-01,          2.92516954e+02],       [  4.26771245e-01,  -8.80510617e-01,   2.06318583e-01,          9.83310685e+01],       [  0.00000000e+00,   0.00000000e+00,   0.00000000e+00,          1.00000000e+00]])),{}]
["set_obj_matrix",('Mesh 1', array([[  1.12896443e-01,   3.28238551e-01,   9.37823996e-01,         -1.59992493e+02],       [ -8.81949674e-01,  -4.01606536e-01,   2.46732574e-01,          2.93070271e+02],       [  4.57623389e-01,  -8.54968797e-01,   2.44149934e-01,          8.26363603e+01],       [  0.00000000e+00,   0.00000000e+00,   0.00000000e+00,          1.00000000e+00]])),{}]
["set_obj_matrix",('Mesh 1', array([[  1.06300178e-01,   3.66212436e-01,   9.24439681e-01,         -1.66794069e+02],       [ -8.75199488e-01,  -4.06805488e-01,   2.61792192e-01,          2.91844303e+02],       [  4.71938692e-01,  -8.36897692e-01,   2.77265440e-01,          7.29602003e+01],       [  0.00000000e+00,   0.00000000e+00,   0.00000000e+00,          1.00000000e+00]])),{}]
["set_obj_matrix",('Mesh 1', array([[  1.00841060e-01,   4.03816955e-01,   9.09265059e-01,         -1.73675089e+02],       [ -8.72088877e-01,  -4.03992132e-01,   2.76136465e-01,          2.89598453e+02],       [  4.78844516e-01,  -8.20805838e-01,   3.11425280e-01,          6.54694512e+01],       [  0.00000000e+00,   0.00000000e+00,   0.00000000e+00,          1.00000000e+00]])),{}]
["set_obj_matrix",('Mesh 1', array([[  9.97004699e-02,   4.11276932e-01,   9.06041446e-01,         -1.75014115e+02],       [ -8.71454166e-01,  -4.03390742e-01,   2.79004562e-01,          2.89136996e+02],       [  4.80236871e-01,  -8.17390479e-01,   3.18190750e-01,          6.39250097e+01],       [  0.00000000e+00,   0.00000000e+00,   0.00000000e+00,          1.00000000e+00]])),{}]
["set_obj_matrix",('Mesh 1', array([[  8.74479967e-02,   4.25320215e-01,   9.00808283e-01,         -1.75170546e+02],       [ -8.49895187e-01,  -4.39853737e-01,   2.90184185e-01,          2.92129659e+02],       [  5.19645090e-01,  -7.90968650e-01,   3.23013276e-01,          4.78757954e+01],       [  0.00000000e+00,   0.00000000e+00,   0.00000000e+00,          1.00000000e+00]])),{}]
["set_obj_matrix",('Mesh 1', array([[  7.43589581e-02,   4.38957711e-01,   8.95425526e-01,         -1.75020922e+02],       [ -8.26323175e-01,  -4.75543339e-01,   3.01742510e-01,          2.94433690e+02],       [  5.58265846e-01,  -7.62348123e-01,   3.27360022e-01,          3.15123573e+01],       [  0.00000000e+00,   0.00000000e+00,   0.00000000e+00,          1.00000000e+00]])),{}]
["set_obj_matrix",('Mesh 1', array([[  7.27871856e-02,   4.46264180e-01,   8.91936268e-01,         -1.76204752e+02],       [ -8.25589840e-01,  -4.74787050e-01,   3.04924045e-01,          2.93893338e+02],       [  5.59556469e-01,  -7.58568084e-01,   3.33872760e-01,          2.99189095e+01],       [  0.00000000e+00,   0.00000000e+00,   0.00000000e+00,          1.00000000e+00]])),{}]
["set_obj_matrix",('Mesh 1', array([[  5.54043864e-02,   5.10572474e-01,   8.58047844e-01,         -1.85594241e+02],       [ -8.14023993e-01,  -4.74538052e-01,   3.34930702e-01,          2.89345212e+02],       [  5.78182750e-01,  -7.17028163e-01,   3.89326754e-01,          1.22750073e+01],       [  0.00000000e+00,   0.00000000e+00,   0.00000000e+00,          1.00000000e+00]])),{}]
["set_obj_matrix",('Mesh 1', array([[  3.33525882e-02,   6.20526088e-01,   7.83476215e-01,         -2.02521871e+02],       [ -8.15163151e-01,  -4.36676112e-01,   3.80556186e-01,          2.77871327e+02],       [  5.78270388e-01,  -6.51353474e-01,   4.91265722e-01,         -9.43224385e+00],       [  0.00000000e+00,   0.00000000e+00,   0.00000000e+00,          1.00000000e+00]])),{}]
["set_obj_matrix",('Mesh 1', array([[  3.88221846e-02,   6.54581910e-01,   7.54993616e-01,         -2.10391031e+02],       [ -8.33665480e-01,  -3.95339136e-01,   3.85627846e-01,          2.72039595e+02],       [  5.50903536e-01,  -6.44383031e-01,   5.30354413e-01,         -6.82809893e+00],       [  0.00000000e+00,   0.00000000e+00,   0.00000000e+00,          1.00000000e+00]])),{}]
["set_obj_matrix",('Mesh 1', array([[  6.17275937e-02,   6.88722534e-01,   7.22392535e-01,         -2.22205828e+02],       [ -8.70020777e-01,  -3.17570529e-01,   3.77111134e-01,          2.62476702e+02],       [  4.89135515e-01,  -6.51774678e-01,   5.79600049e-01,          6.86299135e+00],       [  0.00000000e+00,   0.00000000e+00,   0.00000000e+00,          1.00000000e+00]])),{}]
["set_obj_matrix",('Mesh 1', array([[  7.84115802e-02,   7.14392114e-01,   6.95338429e-01,         -2.30814342e+02],       [ -8.91305601e-01,  -2.62202401e-01,   3.69897589e-01,          2.54636702e+02],       [  4.46571327e-01,  -6.48763291e-01,   6.16181988e-01,          1.41929259e+01],       [  0.00000000e+00,   0.00000000e+00,   0.00000000e+00,          1.00000000e+00]])),{}]
["set_obj_matrix",('Mesh 1', array([[  9.77810276e-02,   7.32818436e-01,   6.73361724e-01,         -2.38611523e+02],       [ -9.10225178e-01,  -2.07726708e-01,   3.58245362e-01,          2.46702516e+02],       [  4.02404020e-01,  -6.47940395e-01,   6.46718060e-01,          2.27806840e+01],       [  0.00000000e+00,   0.00000000e+00,   0.00000000e+00,          1.00000000e+00]])),{}]
["set_obj_matrix",('Mesh 1', array([[  1.08910409e-01,   7.44545117e-01,   6.58628189e-01,         -2.43244834e+02],       [ -9.19482379e-01,  -1.76324805e-01,   3.51371196e-01,          2.41744406e+02],       [  3.77744196e-01,  -6.43864995e-01,   6.65392509e-01,          2.66109534e+01],       [  0.00000000e+00,   0.00000000e+00,   0.00000000e+00,          1.00000000e+00]])),{}]
["set_obj_matrix",('Mesh 1', array([[  1.23917849e-01,   7.55720153e-01,   6.43064084e-01,         -2.48623234e+02],       [ -9.29978355e-01,  -1.37586786e-01,   3.40896079e-01,          2.35522261e+02],       [  3.46099157e-01,  -6.40278788e-01,   6.85753926e-01,          3.21294587e+01],       [  0.00000000e+00,   0.00000000e+00,   0.00000000e+00,          1.00000000e+00]])),{}]
["set_obj_matrix",('Mesh 1', array([[  1.26275818e-01,   7.61349919e-01,   6.35925089e-01,         -2.50131232e+02],       [ -9.31552536e-01,  -1.29337700e-01,   3.39825885e-01,          2.33972723e+02],       [  3.40975498e-01,  -6.35309421e-01,   6.92905224e-01,          3.17440010e+01],       [  0.00000000e+00,   0.00000000e+00,   0.00000000e+00,          1.00000000e+00]])),{}]
["set_obj_matrix",('Mesh 1', array([[  1.21596837e-01,   7.50028892e-01,   6.50131425e-01,         -2.47105121e+02],       [ -9.28351597e-01,  -1.45849324e-01,   3.41893678e-01,          2.37066667e+02],       [  3.51251365e-01,  -6.45123736e-01,   6.78555704e-01,          3.24808339e+01],       [  0.00000000e+00,   0.00000000e+00,   0.00000000e+00,          1.00000000e+00]])),{}]
["set_obj_matrix",('Mesh 1', array([[  1.08330885e-01,   4.63807681e-01,   8.79287697e-01,         -1.88187320e+02],       [ -8.95861158e-01,  -3.37860636e-01,   2.88587901e-01,          2.78627827e+02],       [  4.30925986e-01,  -8.18982677e-01,   3.78906544e-01,          7.25852356e+01],       [  0.00000000e+00,   0.00000000e+00,   0.00000000e+00,          1.00000000e+00]])),{}]
["set_obj_matrix",('Mesh 1', array([[  1.07784817e-01,   3.43311845e-01,   9.33016297e-01,         -1.62126167e+02],       [ -8.73186259e-01,  -4.16002129e-01,   2.53944847e-01,          2.94030552e+02],       [  4.75319040e-01,  -8.42068409e-01,   2.54936473e-01,          7.46839325e+01],       [  0.00000000e+00,   0.00000000e+00,   0.00000000e+00,          1.00000000e+00]])),{}]
["set_obj_matrix",('Mesh 1', array([[  1.08298810e-01,   3.27924856e-01,   9.38475709e-01,         -1.58856902e+02],       [ -8.70501598e-01,  -4.24629907e-01,   2.48830083e-01,          2.95762213e+02],       [  4.80102422e-01,  -8.43892606e-01,   2.39472198e-01,          7.48715439e+01],       [  0.00000000e+00,   0.00000000e+00,   0.00000000e+00,          1.00000000e+00]])),{}]
["set_obj_matrix",('Mesh 1', array([[  1.09334861e-01,   3.20265064e-01,   9.40997437e-01,         -1.57404391e+02],       [ -8.71104224e-01,  -4.25102929e-01,   2.45896180e-01,          2.96188879e+02],       [  4.78772722e-01,  -8.46591867e-01,   2.32505681e-01,          7.62401166e+01],       [  0.00000000e+00,   0.00000000e+00,   0.00000000e+00,          1.00000000e+00]])),{}]
["set_obj_matrix",('Mesh 1', array([[  1.09928222e-01,   3.04788196e-01,   9.46054936e-01,         -1.54109290e+02],       [ -8.68355435e-01,  -4.33664101e-01,   2.40612315e-01,          2.97898921e+02],       [  4.83605857e-01,  -8.47962029e-01,   2.16992563e-01,          7.63093010e+01],       [  0.00000000e+00,   0.00000000e+00,   0.00000000e+00,          1.00000000e+00]])),{}]
["set_obj_matrix",('Mesh 1', array([[  1.11346050e-01,   2.73672432e-01,   9.55356194e-01,         -1.47488391e+02],       [ -8.62667350e-01,  -4.50636922e-01,   2.29633204e-01,          3.01261191e+02],       [  4.93363052e-01,  -8.49723346e-01,   1.85911630e-01,          7.61933021e+01],       [  0.00000000e+00,   0.00000000e+00,   0.00000000e+00,          1.00000000e+00]])),{}]
["set_obj_matrix",('Mesh 1', array([[  1.12383627e-01,   2.65917878e-01,   9.57422374e-01,         -1.45987199e+02],       [ -8.63260215e-01,  -4.51035393e-01,   2.26602902e-01,          3.01673119e+02],       [  4.92089140e-01,  -8.51971101e-01,   1.78867331e-01,          7.74442817e+01],       [  0.00000000e+00,   0.00000000e+00,   0.00000000e+00,          1.00000000e+00]])),{}]
["set_obj_matrix",('Mesh 1', array([[  1.22015137e-01,   1.79759799e-01,   9.76114092e-01,         -1.28609743e+02],       [ -8.65440424e-01,  -4.62219641e-01,   1.93302549e-01,          3.06804224e+02],       [  4.85927132e-01,  -8.68354431e-01,   9.91736034e-02,          8.74485663e+01],       [  0.00000000e+00,   0.00000000e+00,   0.00000000e+00,          1.00000000e+00]])),{}]
["set_obj_matrix",('Mesh 1', array([[  1.45498277e-01,  -3.25745992e-01,   9.34194734e-01,         -1.00435495e+01],       [ -9.32717132e-01,  -3.60069543e-01,   1.97148671e-02,          3.08251544e+02],       [  3.29953032e-01,  -8.74207912e-01,  -3.56218365e-01,          1.52304505e+02],       [  0.00000000e+00,   0.00000000e+00,   0.00000000e+00,          1.00000000e+00]])),{}]
["set_obj_matrix",('Mesh 1', array([[  1.11358115e-01,  -6.97471310e-01,   7.07907580e-01,          1.00667316e+02],       [ -9.65668011e-01,  -2.44177280e-01,  -8.86721365e-02,          2.94441702e+02],       [  2.34701218e-01,  -6.73729343e-01,  -7.00716854e-01,          1.46583509e+02],       [  0.00000000e+00,   0.00000000e+00,   0.00000000e+00,          1.00000000e+00]])),{}]
["set_obj_matrix",('Mesh 1', array([[  1.10980209e-01,  -7.03598913e-01,   7.01877455e-01,          1.02580550e+02],       [ -9.65700769e-01,  -2.43164772e-01,  -9.10654643e-02,          2.94343401e+02],       [  2.34745433e-01,  -6.67697134e-01,  -7.06452489e-01,          1.45450138e+02],       [  0.00000000e+00,   0.00000000e+00,   0.00000000e+00,          1.00000000e+00]])),{}]
["set_obj_matrix",('Mesh 1', array([[  1.07903919e-01,  -7.03637652e-01,   7.02318161e-01,          1.03298885e+02],       [ -9.67837016e-01,  -2.35839819e-01,  -8.75847633e-02,          2.92888686e+02],       [  2.27262525e-01,  -6.70278774e-01,  -7.06454606e-01,          1.47858405e+02],       [  0.00000000e+00,   0.00000000e+00,   0.00000000e+00,          1.00000000e+00]])),{}]
["set_obj_matrix",('Mesh 1', array([[  9.87025406e-02,  -7.03669310e-01,   7.03638622e-01,          1.05427054e+02],       [ -9.73823284e-01,  -2.13794650e-01,  -7.72014207e-02,          2.88410133e+02],       [  2.04758443e-01,  -6.77599698e-01,  -7.06351633e-01,          1.54988004e+02],       [  0.00000000e+00,   0.00000000e+00,   0.00000000e+00,          1.00000000e+00]])),{}]
["set_obj_matrix",('Mesh 1', array([[  7.46239437e-02,  -6.78207619e-01,   7.31071605e-01,          1.03463205e+02],       [ -9.87872322e-01,  -1.50376850e-01,  -3.86662496e-02,          2.74270659e+02],       [  1.36159990e-01,  -7.19319976e-01,  -6.81204249e-01,          1.79965331e+02],       [  0.00000000e+00,   0.00000000e+00,   0.00000000e+00,          1.00000000e+00]])),{}]
["set_obj_matrix",('Mesh 1', array([[  4.43034195e-02,  -6.69692232e-01,   7.41316074e-01,          1.08060574e+02],       [ -9.97662471e-01,  -6.83027591e-02,  -2.08004156e-03,          2.54733017e+02],       [  5.20269209e-02,  -7.39491073e-01,  -6.71152853e-01,          2.04329519e+02],       [  0.00000000e+00,   0.00000000e+00,   0.00000000e+00,          1.00000000e+00]])),{}]
["set_obj_matrix",('Mesh 1', array([[  4.88772234e-03,  -6.77640641e-01,   7.35376959e-01,          1.19726222e+02],       [ -9.98919896e-01,   3.06722651e-02,   3.49034820e-02,          2.29064715e+02],       [ -4.62076949e-02,  -7.34753274e-01,  -6.76758801e-01,          2.26961534e+02],       [  0.00000000e+00,   0.00000000e+00,   0.00000000e+00,          1.00000000e+00]])),{}]
["set_obj_matrix",('Mesh 1', array([[ -4.24276446e-02,  -6.94574371e-01,   7.18168740e-01,          1.36090574e+02],       [ -9.87956441e-01,   1.36224237e-01,   7.33827521e-02,          1.98808794e+02],       [ -1.48801767e-01,  -7.06405975e-01,  -6.91988897e-01,          2.45501464e+02],       [  0.00000000e+00,   0.00000000e+00,   0.00000000e+00,          1.00000000e+00]])),{}]
["set_obj_matrix",('Mesh 1', array([[ -4.53197435e-02,  -6.93944181e-01,   7.18601138e-01,          1.36604295e+02],       [ -9.86687620e-01,   1.43560066e-01,   7.64071193e-02,          1.96564868e+02],       [ -1.56184703e-01,  -7.05572095e-01,  -6.91212237e-01,          2.47018357e+02],       [  0.00000000e+00,   0.00000000e+00,   0.00000000e+00,          1.00000000e+00]])),{}]
["set_obj_matrix",('Mesh 1', array([[ -4.11779727e-02,  -6.81956557e-01,   7.30232585e-01,          1.32058664e+02],       [ -9.86659456e-01,   1.42963892e-01,   7.78745411e-02,          1.96617280e+02],       [ -1.57503946e-01,  -7.17284169e-01,  -6.78745849e-01,          2.49436774e+02],       [  0.00000000e+00,   0.00000000e+00,   0.00000000e+00,          1.00000000e+00]])),{}]
["set_obj_matrix",('Mesh 1', array([[ -2.33941542e-02,  -6.46212104e-01,   7.62799207e-01,          1.17329185e+02],       [ -9.89010829e-01,   1.26374394e-01,   7.67273883e-02,          2.01240476e+02],       [ -1.45980454e-01,  -7.52621704e-01,  -6.42067191e-01,          2.53086315e+02],       [  0.00000000e+00,   0.00000000e+00,   0.00000000e+00,          1.00000000e+00]])),{}]
