["add_ply",('%s',),{}]
["add_polygon_ray",(array([ 224.79618835,  433.51358032, -106.20626831], dtype=float32), array([ 224.79618835,  433.51358032,  443.99520874], dtype=float32), array([  6.73802512e-14,   0.00000000e+00,   5.50201477e+02], dtype=float32)),{}]
["add_polygon_ray",(array([ 146.66757202,  358.68615723, -106.20626831], dtype=float32), array([ 146.66757202,  358.68615723,  443.99520874], dtype=float32), array([  6.73802512e-14,   0.00000000e+00,   5.50201477e+02], dtype=float32)),{}]
["add_polygon_ray",(array([ 178.57925415,  322.37286377, -106.20626831], dtype=float32), array([ 178.57926941,  322.37286377,  443.99520874], dtype=float32), array([  6.73802512e-14,   0.00000000e+00,   5.50201477e+02], dtype=float32)),{}]
["add_polygon_ray",(array([ 178.57925415,  283.85876465, -106.20626831], dtype=float32), array([ 178.57926941,  283.85876465,  443.99520874], dtype=float32), array([  6.73802512e-14,   0.00000000e+00,   5.50201477e+02], dtype=float32)),{}]
["add_polygon_ray",(array([ 118.05709839,  294.86279297, -106.20626831], dtype=float32), array([ 118.05709839,  294.86279297,  443.99520874], dtype=float32), array([  6.73802512e-14,   0.00000000e+00,   5.50201477e+02], dtype=float32)),{}]
["add_polygon_ray",(array([  80.64338684,  247.54547119, -106.20626831], dtype=float32), array([  80.64338684,  247.54547119,  443.99520874], dtype=float32), array([  6.73802512e-14,   0.00000000e+00,   5.50201477e+02], dtype=float32)),{}]
["add_polygon_ray",(array([ 133.46273804,  134.20394897, -106.20626831], dtype=float32), array([ 133.46273804,  134.20394897,  443.99520874], dtype=float32), array([  6.73802512e-14,   0.00000000e+00,   5.50201477e+02], dtype=float32)),{}]
["add_polygon_ray",(array([ 243.5030365 ,   50.57333374, -106.20626831], dtype=float32), array([ 243.5030365 ,   50.57333374,  443.99520874], dtype=float32), array([  6.73802512e-14,   0.00000000e+00,   5.50201477e+02], dtype=float32)),{}]
["add_polygon_ray",(array([ 447.07757568,   86.8866272 , -106.20626831], dtype=float32), array([ 447.07757568,   86.8866272 ,  443.99520874], dtype=float32), array([  6.73802512e-14,   0.00000000e+00,   5.50201477e+02], dtype=float32)),{}]
["add_polygon_ray",(array([ 495.49533081,  211.23216248, -106.20626831], dtype=float32), array([ 495.49533081,  211.23216248,  443.99520874], dtype=float32), array([  6.73802512e-14,   0.00000000e+00,   5.50201477e+02], dtype=float32)),{}]
["add_polygon_ray",(array([ 493.29452515,  368.58978271, -106.20626831], dtype=float32), array([ 493.29452515,  368.58978271,  443.99520874], dtype=float32), array([  6.73802512e-14,   0.00000000e+00,   5.50201477e+02], dtype=float32)),{}]
["add_polygon_ray",(array([ 337.03729248,  480.8309021 , -106.20626831], dtype=float32), array([ 337.03729248,  480.8309021 ,  443.99520874], dtype=float32), array([  6.73802512e-14,   0.00000000e+00,   5.50201477e+02], dtype=float32)),{}]
["select_region_polygon",(),{}]
["crop_selection",(),{}]
["set_obj_matrix",('Mesh 1', array([[ -9.99984465e-01,   5.57397999e-03,   1.22462783e-16,          2.48500944e+02],       [  5.57397999e-03,   9.99984465e-01,  -6.82615705e-19,         -2.88549595e+02],       [ -1.22464685e-16,   0.00000000e+00,  -1.00000000e+00,          1.68894470e+02],       [  0.00000000e+00,   0.00000000e+00,   0.00000000e+00,          1.00000000e+00]])),{}]
["set_obj_matrix",('Mesh 1', array([[ -9.99854546e-01,   1.70554218e-02,   1.22446872e-16,          2.45171440e+02],       [  1.70554218e-02,   9.99854546e-01,  -2.08868687e-18,         -2.91383859e+02],       [ -1.22464685e-16,   0.00000000e+00,  -1.00000000e+00,          1.68894470e+02],       [  0.00000000e+00,   0.00000000e+00,   0.00000000e+00,          1.00000000e+00]])),{}]
["set_obj_matrix",('Mesh 1', array([[ -9.95874643e-01,   9.07397138e-02,   1.21959475e-16,          2.23016865e+02],       [  9.07397138e-02,   9.95874643e-01,  -1.11124105e-17,         -3.08669833e+02],       [ -1.22464685e-16,   0.00000000e+00,  -1.00000000e+00,          1.68894470e+02],       [  0.00000000e+00,   0.00000000e+00,   0.00000000e+00,          1.00000000e+00]])),{}]
["set_obj_matrix",('Mesh 1', array([[ -9.82427339e-01,   1.86645448e-01,   1.20312655e-16,          1.92113333e+02],       [  1.86645448e-01,   9.82427339e-01,  -2.28574760e-17,         -3.28794853e+02],       [ -1.22464685e-16,   0.00000000e+00,  -1.00000000e+00,          1.68894470e+02],       [  0.00000000e+00,   0.00000000e+00,   0.00000000e+00,          1.00000000e+00]])),{}]
["set_obj_matrix",('Mesh 1', array([[ -9.49534572e-01,   3.13662393e-01,   1.16284452e-16,          1.47412490e+02],       [  3.13662393e-01,   9.49534572e-01,  -3.84125662e-17,         -3.51116997e+02],       [ -1.22464685e-16,   0.00000000e+00,  -1.00000000e+00,          1.68894470e+02],       [  0.00000000e+00,   0.00000000e+00,   0.00000000e+00,          1.00000000e+00]])),{}]
["set_obj_matrix",('Mesh 1', array([[ -8.55986899e-01,   5.16997513e-01,   1.04828166e-16,          6.56259999e+01],       [  5.16997513e-01,   8.55986899e-01,  -6.33139376e-17,         -3.75109072e+02],       [ -1.22464685e-16,   0.00000000e+00,  -1.00000000e+00,          1.68894470e+02],       [  0.00000000e+00,   0.00000000e+00,   0.00000000e+00,          1.00000000e+00]])),{}]
["set_obj_matrix",('Mesh 1', array([[ -7.23904766e-01,   6.89899912e-01,   8.86527694e-17,         -1.70591105e+01],       [  6.89899912e-01,   7.23904766e-01,  -8.44883756e-17,         -3.80424204e+02],       [ -1.22464685e-16,   0.00000000e+00,  -1.00000000e+00,          1.68894470e+02],       [  0.00000000e+00,   0.00000000e+00,   0.00000000e+00,          1.00000000e+00]])),{}]
["set_obj_matrix",('Mesh 1', array([[ -5.75913003e-01,   8.17510986e-01,   7.05290047e-17,         -9.07174499e+01],       [  8.17510986e-01,   5.75913003e-01,  -1.00116226e-16,         -3.69843119e+02],       [ -1.22464685e-16,   0.00000000e+00,  -1.00000000e+00,          1.68894470e+02],       [  0.00000000e+00,   0.00000000e+00,   0.00000000e+00,          1.00000000e+00]])),{}]
["set_obj_matrix",('Mesh 1', array([[ -4.92907239e-01,   8.70081866e-01,   6.03637299e-17,         -1.26573897e+02],       [  8.70081866e-01,   4.92907239e-01,  -1.06554302e-16,         -3.59155449e+02],       [ -1.22464685e-16,   0.00000000e+00,  -1.00000000e+00,          1.68894470e+02],       [  0.00000000e+00,   0.00000000e+00,   0.00000000e+00,          1.00000000e+00]])),{}]
["set_obj_matrix",('Mesh 1', array([[ -3.75448963e-01,   9.26843070e-01,   4.59792391e-17,         -1.72250398e+02],       [  9.26843070e-01,   3.75448963e-01,  -1.13505545e-16,         -3.39622421e+02],       [ -1.22464685e-16,   0.00000000e+00,  -1.00000000e+00,          1.68894470e+02],       [  0.00000000e+00,   0.00000000e+00,   0.00000000e+00,          1.00000000e+00]])),{}]
["set_obj_matrix",('Mesh 1', array([[ -2.36364056e-01,   9.71664568e-01,   2.89462497e-17,         -2.19907232e+02],       [  9.71664568e-01,   2.36364056e-01,  -1.18994596e-16,         -3.10892903e+02],       [ -1.22464685e-16,   0.00000000e+00,  -1.00000000e+00,          1.68894470e+02],       [  0.00000000e+00,   0.00000000e+00,   0.00000000e+00,          1.00000000e+00]])),{}]
["set_obj_matrix",('Mesh 1', array([[ -1.25237404e-01,   9.92126803e-01,   1.53371592e-17,         -2.53576548e+02],       [  9.92126803e-01,   1.25237404e-01,  -1.21500497e-16,         -2.84099493e+02],       [ -1.22464685e-16,   0.00000000e+00,  -1.00000000e+00,          1.68894470e+02],       [  0.00000000e+00,   0.00000000e+00,   0.00000000e+00,          1.00000000e+00]])),{}]
["set_obj_matrix",('Mesh 1', array([[ -3.54815124e-02,   9.99370333e-01,   4.34523225e-18,         -2.78105038e+02],       [  9.99370333e-01,   3.54815124e-02,  -1.22387573e-16,         -2.60136840e+02],       [ -1.22464685e-16,   0.00000000e+00,  -1.00000000e+00,          1.68894470e+02],       [  0.00000000e+00,   0.00000000e+00,   0.00000000e+00,          1.00000000e+00]])),{}]
["set_obj_matrix",('Mesh 1', array([[  1.18630828e-01,   9.92938430e-01,  -1.45280871e-17,         -3.14802390e+02],       [  9.92938430e-01,  -1.18630828e-01,  -1.21599892e-16,         -2.14273291e+02],       [ -1.22464685e-16,   0.00000000e+00,  -1.00000000e+00,          1.68894470e+02],       [  0.00000000e+00,   0.00000000e+00,   0.00000000e+00,          1.00000000e+00]])),{}]
["set_obj_matrix",('Mesh 1', array([[  2.24875699e-01,   9.74387459e-01,  -2.75393318e-17,         -3.36047715e+02],       [  9.74387459e-01,  -2.24875699e-01,  -1.19328053e-16,         -1.79124317e+02],       [ -1.22464685e-16,   0.00000000e+00,  -1.00000000e+00,          1.68894470e+02],       [  0.00000000e+00,   0.00000000e+00,   0.00000000e+00,          1.00000000e+00]])),{}]
["set_obj_matrix",('Mesh 1', array([[  3.16948924e-01,   9.48442608e-01,  -3.88150502e-17,         -3.51625408e+02],       [  9.48442608e-01,  -3.16948924e-01,  -1.16150725e-16,         -1.46195624e+02],       [ -1.22464685e-16,   0.00000000e+00,  -1.00000000e+00,          1.68894470e+02],       [  0.00000000e+00,   0.00000000e+00,   0.00000000e+00,          1.00000000e+00]])),{}]
["set_obj_matrix",('Mesh 1', array([[  3.80826751e-01,   9.24646411e-01,  -4.66378283e-17,         -3.60768286e+02],       [  9.24646411e-01,  -3.80826751e-01,  -1.13236532e-16,         -1.21900910e+02],       [ -1.22464685e-16,   0.00000000e+00,  -1.00000000e+00,          1.68894470e+02],       [  0.00000000e+00,   0.00000000e+00,   0.00000000e+00,          1.00000000e+00]])),{}]
["set_obj_matrix",('Mesh 1', array([[  4.15682452e-01,   9.09509813e-01,  -5.09064206e-17,         -3.65139262e+02],       [  9.09509813e-01,  -4.15682452e-01,  -1.11382833e-16,         -1.08106002e+02],       [ -1.22464685e-16,   0.00000000e+00,  -1.00000000e+00,          1.68894470e+02],       [  0.00000000e+00,   0.00000000e+00,   0.00000000e+00,          1.00000000e+00]])),{}]
["set_obj_matrix",('Mesh 1', array([[  4.33643787e-01,   9.01084383e-01,  -5.31060499e-17,         -3.67212043e+02],       [  9.01084383e-01,  -4.33643787e-01,  -1.10351015e-16,         -1.00840980e+02],       [ -1.22464685e-16,   0.00000000e+00,  -1.00000000e+00,          1.68894470e+02],       [  0.00000000e+00,   0.00000000e+00,   0.00000000e+00,          1.00000000e+00]])),{}]
["set_obj_matrix",('Mesh 1', array([[  4.24838959e-01,   9.05268943e-01,  -5.20277694e-17,         -3.66211546e+02],       [  9.05268943e-01,  -4.24838959e-01,  -1.10863476e-16,         -1.04415955e+02],       [ -1.22464685e-16,   0.00000000e+00,  -1.00000000e+00,          1.68894470e+02],       [  0.00000000e+00,   0.00000000e+00,   0.00000000e+00,          1.00000000e+00]])),{}]
["set_obj_matrix",('Mesh 1', array([[  4.20221510e-01,   9.07421557e-01,  -5.14622949e-17,         -3.65674841e+02],       [  9.07421557e-01,  -4.20221510e-01,  -1.11127095e-16,         -1.06280283e+02],       [ -1.22464685e-16,   0.00000000e+00,  -1.00000000e+00,          1.68894470e+02],       [  0.00000000e+00,   0.00000000e+00,   0.00000000e+00,          1.00000000e+00]])),{}]
["set_obj_matrix",('Mesh 1', array([[  4.24838959e-01,   9.05268943e-01,  -5.20277694e-17,         -3.66211546e+02],       [  9.05268943e-01,  -4.24838959e-01,  -1.10863476e-16,         -1.04415955e+02],       [ -1.22464685e-16,   0.00000000e+00,  -1.00000000e+00,          1.68894470e+02],       [  0.00000000e+00,   0.00000000e+00,   0.00000000e+00,          1.00000000e+00]])),{}]
["set_obj_matrix",('Mesh 1', array([[  4.39178177e-01,   8.98399983e-01,  -5.37838172e-17,         -3.67825372e+02],       [  8.98399983e-01,  -4.39178177e-01,  -1.10022271e-16,         -9.85803416e+01],       [ -1.22464685e-16,   0.00000000e+00,  -1.00000000e+00,          1.68894470e+02],       [  0.00000000e+00,   0.00000000e+00,   0.00000000e+00,          1.00000000e+00]])),{}]
["set_obj_matrix",('Mesh 1', array([[  4.64802406e-01,   8.85414436e-01,  -5.69218803e-17,         -3.70505202e+02],       [  8.85414436e-01,  -4.64802406e-01,  -1.08432000e-16,         -8.79743327e+01],       [ -1.22464685e-16,   0.00000000e+00,  -1.00000000e+00,          1.68894470e+02],       [  0.00000000e+00,   0.00000000e+00,   0.00000000e+00,          1.00000000e+00]])),{}]
["set_obj_matrix",('Mesh 1', array([[  4.81290041e-01,   8.76561405e-01,  -5.89410334e-17,         -3.72086613e+02],       [  8.76561405e-01,  -4.81290041e-01,  -1.07347817e-16,         -8.10255525e+01],       [ -1.22464685e-16,   0.00000000e+00,  -1.00000000e+00,          1.68894470e+02],       [  0.00000000e+00,   0.00000000e+00,   0.00000000e+00,          1.00000000e+00]])),{}]
["set_obj_matrix",('Mesh 1', array([[  4.89230985e-01,   8.72154254e-01,  -5.99135186e-17,         -3.72807130e+02],       [  8.72154254e-01,  -4.89230985e-01,  -1.06808096e-16,         -7.76429786e+01],       [ -1.22464685e-16,   0.00000000e+00,  -1.00000000e+00,          1.68894470e+02],       [  0.00000000e+00,   0.00000000e+00,   0.00000000e+00,          1.00000000e+00]])),{}]
["set_obj_matrix",('Mesh 1', array([[  4.95207977e-01,   8.68774458e-01,  -6.06454891e-17,         -3.73331466e+02],       [  8.68774458e-01,  -4.95207977e-01,  -1.06394191e-16,         -7.50813204e+01],       [ -1.22464685e-16,   0.00000000e+00,  -1.00000000e+00,          1.68894470e+02],       [  0.00000000e+00,   0.00000000e+00,   0.00000000e+00,          1.00000000e+00]])),{}]
["set_obj_matrix",('Mesh 1', array([[  4.85549798e-01,   8.74209011e-01,  -5.94627031e-17,         -3.72476488e+02],       [  8.74209011e-01,  -4.85549798e-01,  -1.07059731e-16,         -7.92139742e+01],       [ -1.22464685e-16,   0.00000000e+00,  -1.00000000e+00,          1.68894470e+02],       [  0.00000000e+00,   0.00000000e+00,   0.00000000e+00,          1.00000000e+00]])),{}]
["set_obj_matrix",('Mesh 1', array([[  4.79954484e-01,   8.77293391e-01,  -5.87774748e-17,         -3.71962780e+02],       [  8.77293391e-01,  -4.79954484e-01,  -1.07437459e-16,         -8.15921448e+01],       [ -1.22464685e-16,   0.00000000e+00,  -1.00000000e+00,          1.68894470e+02],       [  0.00000000e+00,   0.00000000e+00,   0.00000000e+00,          1.00000000e+00]])),{}]
["set_obj_matrix",('Mesh 1', array([[  4.64386377e-01,   8.85632707e-01,  -5.68709316e-17,         -3.70463830e+02],       [  8.85632707e-01,  -4.64386377e-01,  -1.08458731e-16,         -8.81483902e+01],       [ -1.22464685e-16,   0.00000000e+00,  -1.00000000e+00,          1.68894470e+02],       [  0.00000000e+00,   0.00000000e+00,   0.00000000e+00,          1.00000000e+00]])),{}]
["undo",(),{}]
["save_ply",('%s',),{}]