["add_ply",('%s',),{}]
["add_polygon_ray",(array([ 146.41256714,  136.46099854,  -78.83115387], dtype=float32), array([ 146.41256714,  136.46099854,  227.25683594], dtype=float32), array([  3.74849687e-14,   0.00000000e+00,   3.06087982e+02], dtype=float32)),{}]
["add_polygon_ray",(array([ 194.7744751 ,  126.66617584,  -78.83115387], dtype=float32), array([ 194.7744751 ,  126.66617584,  227.25683594], dtype=float32), array([  3.74849687e-14,   0.00000000e+00,   3.06087982e+02], dtype=float32)),{}]
["add_polygon_ray",(array([ 255.99206543,  146.86798096,  -78.83115387], dtype=float32), array([ 255.99208069,  146.86798096,  227.25683594], dtype=float32), array([  3.74849687e-14,   0.00000000e+00,   3.06087982e+02], dtype=float32)),{}]
["add_polygon_ray",(array([ 303.12963867,  212.37081909,  -78.83115387], dtype=float32), array([ 303.12963867,  212.37081909,  227.25682068], dtype=float32), array([  3.74849687e-14,   0.00000000e+00,   3.06087982e+02], dtype=float32)),{}]
["add_polygon_ray",(array([ 268.2355957 ,  269.30319214,  -78.83115387], dtype=float32), array([ 268.2355957 ,  269.30319214,  227.25683594], dtype=float32), array([  3.74849687e-14,   0.00000000e+00,   3.06087982e+02], dtype=float32)),{}]
["add_polygon_ray",(array([ 205.79364014,  283.99542236,  -78.83115387], dtype=float32), array([ 205.79364014,  283.99542236,  227.25683594], dtype=float32), array([  3.74849687e-14,   0.00000000e+00,   3.06087982e+02], dtype=float32)),{}]
["add_polygon_ray",(array([ 148.24909973,  282.77105713,  -78.83115387], dtype=float32), array([ 148.24909973,  282.77105713,  227.25683594], dtype=float32), array([  3.74849687e-14,   0.00000000e+00,   3.06087982e+02], dtype=float32)),{}]
["add_polygon_ray",(array([ 118.25247192,  219.71691895,  -78.83115387], dtype=float32), array([ 118.25247955,  219.71691895,  227.25683594], dtype=float32), array([  3.74849687e-14,   0.00000000e+00,   3.06087982e+02], dtype=float32)),{}]
["add_polygon_ray",(array([ 124.37423706,  153.60191345,  -78.83115387], dtype=float32), array([ 124.37423706,  153.60191345,  227.25683594], dtype=float32), array([  3.74849687e-14,   0.00000000e+00,   3.06087982e+02], dtype=float32)),{}]
["select_region_polygon",(),{}]
["crop_selection",(),{}]
["set_obj_matrix",('Mesh 1', array([[ -9.99237933e-01,  -3.90327317e-02,   1.22371359e-16,          1.72172277e+02],       [ -3.90327317e-02,   9.99237933e-01,   4.78013121e-18,         -1.39029226e+02],       [ -1.22464685e-16,   0.00000000e+00,  -1.00000000e+00,          7.42128372e+01],       [  0.00000000e+00,   0.00000000e+00,   0.00000000e+00,          1.00000000e+00]])),{}]
["set_obj_matrix",('Mesh 1', array([[ -9.96630094e-01,  -8.20271682e-02,   1.22051991e-16,          1.77999640e+02],       [ -8.20271682e-02,   9.96630094e-01,   1.00454313e-17,         -1.31485920e+02],       [ -1.22464685e-16,   0.00000000e+00,  -1.00000000e+00,          7.42128372e+01],       [  0.00000000e+00,   0.00000000e+00,   0.00000000e+00,          1.00000000e+00]])),{}]
["set_obj_matrix",('Mesh 1', array([[ -9.16218630e-01,  -4.00678701e-01,   1.12204426e-16,          2.11011500e+02],       [ -4.00678701e-01,   9.16218630e-01,   4.90689910e-17,         -6.66825747e+01],       [ -1.22464685e-16,   0.00000000e+00,  -1.00000000e+00,          7.42128372e+01],       [  0.00000000e+00,   0.00000000e+00,   0.00000000e+00,          1.00000000e+00]])),{}]
["set_obj_matrix",('Mesh 1', array([[ -5.38753895e-01,  -8.42463198e-01,   6.59783262e-17,          2.12463545e+02],       [ -8.42463198e-01,   5.38753895e-01,   1.03171990e-16,          6.19004099e+01],       [ -1.22464685e-16,   0.00000000e+00,  -1.00000000e+00,          7.42128372e+01],       [  0.00000000e+00,   0.00000000e+00,   0.00000000e+00,          1.00000000e+00]])),{}]
["set_obj_matrix",('Mesh 1', array([[ -1.61049811e-01,  -9.86946279e-01,   1.97229144e-17,          1.70575654e+02],       [ -9.86946279e-01,   1.61049811e-01,   1.20866065e-16,          1.40983563e+02],       [ -1.22464685e-16,   0.00000000e+00,  -1.00000000e+00,          7.42128372e+01],       [  0.00000000e+00,   0.00000000e+00,   0.00000000e+00,          1.00000000e+00]])),{}]
["set_obj_matrix",('Mesh 1', array([[  1.46713106e-01,  -9.89179086e-01,  -1.79671744e-17,          1.19623121e+02],       [ -9.89179086e-01,  -1.46713106e-01,   1.21139505e-16,          1.86179290e+02],       [ -1.22464685e-16,   0.00000000e+00,  -1.00000000e+00,          7.42128372e+01],       [  0.00000000e+00,   0.00000000e+00,   0.00000000e+00,          1.00000000e+00]])),{}]
["set_obj_matrix",('Mesh 1', array([[  2.18583298e-01,  -9.75818294e-01,  -2.67687348e-17,          1.05702599e+02],       [ -9.75818294e-01,  -2.18583298e-01,   1.19503280e-16,          1.94420625e+02],       [ -1.22464685e-16,   0.00000000e+00,  -1.00000000e+00,          7.42128372e+01],       [  0.00000000e+00,   0.00000000e+00,   0.00000000e+00,          1.00000000e+00]])),{}]
["set_obj_matrix",('Mesh 1', array([[  3.30257610e-01,  -9.43890836e-01,  -4.04448943e-17,          8.24460217e+01],       [ -9.43890836e-01,  -3.30257610e-01,   1.15593294e-16,          2.05365704e+02],       [ -1.22464685e-16,   0.00000000e+00,  -1.00000000e+00,          7.42128372e+01],       [  0.00000000e+00,   0.00000000e+00,   0.00000000e+00,          1.00000000e+00]])),{}]
["set_obj_matrix",('Mesh 1', array([[  3.68379349e-01,  -9.29675564e-01,  -4.51134610e-17,          7.40240280e+01],       [ -9.29675564e-01,  -3.68379349e-01,   1.13852425e-16,          2.08549424e+02],       [ -1.22464685e-16,   0.00000000e+00,  -1.00000000e+00,          7.42128372e+01],       [  0.00000000e+00,   0.00000000e+00,   0.00000000e+00,          1.00000000e+00]])),{}]
["set_obj_matrix",('Mesh 1', array([[  3.61098537e-01,  -9.32527665e-01,  -4.42218187e-17,          7.56525063e+01],       [ -9.32527665e-01,  -3.61098537e-01,   1.14201707e-16,          2.07964221e+02],       [ -1.22464685e-16,   0.00000000e+00,  -1.00000000e+00,          7.42128372e+01],       [  0.00000000e+00,   0.00000000e+00,   0.00000000e+00,          1.00000000e+00]])),{}]
["set_obj_matrix",('Mesh 1', array([[  3.21296345e-01,  -9.46978700e-01,  -3.93474557e-17,          8.43888251e+01],       [ -9.46978700e-01,  -3.21296345e-01,   1.15971448e-16,          2.04575035e+02],       [ -1.22464685e-16,   0.00000000e+00,  -1.00000000e+00,          7.42128372e+01],       [  0.00000000e+00,   0.00000000e+00,   0.00000000e+00,          1.00000000e+00]])),{}]
["set_obj_matrix",('Mesh 1', array([[  1.01755478e-01,  -9.94809440e-01,  -1.24614526e-17,          1.27933733e+02],       [ -9.94809440e-01,  -1.01755478e-01,   1.21829025e-16,          1.80569595e+02],       [ -1.22464685e-16,   0.00000000e+00,  -1.00000000e+00,          7.42128372e+01],       [  0.00000000e+00,   0.00000000e+00,   0.00000000e+00,          1.00000000e+00]])),{}]
["set_obj_matrix",('Mesh 1', array([[ -9.04225114e-02,  -9.95903494e-01,   1.10735644e-17,          1.60112692e+02],       [ -9.95903494e-01,   9.04225114e-02,   1.21963008e-16,          1.52762380e+02],       [ -1.22464685e-16,   0.00000000e+00,  -1.00000000e+00,          7.42128372e+01],       [  0.00000000e+00,   0.00000000e+00,   0.00000000e+00,          1.00000000e+00]])),{}]
["set_obj_matrix",('Mesh 1', array([[ -2.18563710e-01,  -9.75822681e-01,   2.67663359e-17,          1.78538215e+02],       [ -9.75822681e-01,   2.18563710e-01,   1.19503817e-16,          1.30753679e+02],       [ -1.22464685e-16,   0.00000000e+00,  -1.00000000e+00,          7.42128372e+01],       [  0.00000000e+00,   0.00000000e+00,   0.00000000e+00,          1.00000000e+00]])),{}]
["set_obj_matrix",('Mesh 1', array([[ -3.71170752e-01,  -9.28564630e-01,   4.54553093e-17,          1.97081909e+02],       [ -9.28564630e-01,   3.71170752e-01,   1.13716375e-16,          1.00653564e+02],       [ -1.22464685e-16,   0.00000000e+00,  -1.00000000e+00,          7.42128372e+01],       [  0.00000000e+00,   0.00000000e+00,   0.00000000e+00,          1.00000000e+00]])),{}]
["set_obj_matrix",('Mesh 1', array([[ -5.60133930e-01,  -8.28402065e-01,   6.85966254e-17,          2.13977852e+02],       [ -8.28402065e-01,   5.60133930e-01,   1.01449998e-16,          5.64437569e+01],       [ -1.22464685e-16,   0.00000000e+00,  -1.00000000e+00,          7.42128372e+01],       [  0.00000000e+00,   0.00000000e+00,   0.00000000e+00,          1.00000000e+00]])),{}]
["set_obj_matrix",('Mesh 1', array([[ -6.96545936e-01,  -7.17512201e-01,   8.53022788e-17,          2.20555651e+02],       [ -7.17512201e-01,   6.96545936e-01,   8.78699059e-17,          1.81003713e+01],       [ -1.22464685e-16,   0.00000000e+00,  -1.00000000e+00,          7.42128372e+01],       [  0.00000000e+00,   0.00000000e+00,   0.00000000e+00,          1.00000000e+00]])),{}]
["set_obj_matrix",('Mesh 1', array([[ -7.21182708e-01,  -6.92744904e-01,   8.83194133e-17,          2.21053293e+02],       [ -6.92744904e-01,   7.21182708e-01,   8.48367866e-17,          1.03855944e+01],       [ -1.22464685e-16,   0.00000000e+00,  -1.00000000e+00,          7.42128372e+01],       [  0.00000000e+00,   0.00000000e+00,   0.00000000e+00,          1.00000000e+00]])),{}]
["set_obj_matrix",('Mesh 1', array([[ -7.33802555e-01,  -6.79362798e-01,   8.98648989e-17,          2.21206922e+02],       [ -6.79362798e-01,   7.33802555e-01,   8.31979512e-17,          6.31794280e+00],       [ -1.22464685e-16,   0.00000000e+00,  -1.00000000e+00,          7.42128372e+01],       [  0.00000000e+00,   0.00000000e+00,   0.00000000e+00,          1.00000000e+00]])),{}]
["set_obj_matrix",('Mesh 1', array([[ -7.46098102e-01,  -6.65836033e-01,   9.13706692e-17,          2.21285450e+02],       [ -6.65836033e-01,   7.46098102e-01,   8.15414002e-17,          2.27342117e+00],       [ -1.22464685e-16,   0.00000000e+00,  -1.00000000e+00,          7.42128372e+01],       [  0.00000000e+00,   0.00000000e+00,   0.00000000e+00,          1.00000000e+00]])),{}]
["set_obj_matrix",('Mesh 1', array([[ -7.58062676e-01,  -6.52181708e-01,   9.28359070e-17,          2.21290255e+02],       [ -6.52181708e-01,   7.58062676e-01,   7.98692276e-17,         -1.74414981e+00],       [ -1.22464685e-16,   0.00000000e+00,  -1.00000000e+00,          7.42128372e+01],       [  0.00000000e+00,   0.00000000e+00,   0.00000000e+00,          1.00000000e+00]])),{}]
["set_obj_matrix",('Mesh 1', array([[ -8.22665132e-01,  -5.68526236e-01,   1.00747426e-16,          2.19870066e+02],       [ -5.68526236e-01,   8.22665132e-01,   6.96243866e-17,         -2.50912906e+01],       [ -1.22464685e-16,   0.00000000e+00,  -1.00000000e+00,          7.42128372e+01],       [  0.00000000e+00,   0.00000000e+00,   0.00000000e+00,          1.00000000e+00]])),{}]
["set_obj_matrix",('Mesh 1', array([[ -8.55536879e-01,  -5.17741875e-01,   1.04773055e-16,          2.17950553e+02],       [ -5.17741875e-01,   8.55536879e-01,   6.34050958e-17,         -3.83402560e+01],       [ -1.22464685e-16,   0.00000000e+00,  -1.00000000e+00,          7.42128372e+01],       [  0.00000000e+00,   0.00000000e+00,   0.00000000e+00,          1.00000000e+00]])),{}]
["set_obj_matrix",('Mesh 1', array([[ -8.52333221e-01,  -5.22999121e-01,   1.04380720e-16,          2.18182462e+02],       [ -5.22999121e-01,   8.52333221e-01,   6.40489227e-17,         -3.69977309e+01],       [ -1.22464685e-16,   0.00000000e+00,  -1.00000000e+00,          7.42128372e+01],       [  0.00000000e+00,   0.00000000e+00,   0.00000000e+00,          1.00000000e+00]])),{}]
["set_obj_matrix",('Mesh 1', array([[ -8.23012276e-01,  -5.68023586e-01,   1.00789939e-16,          2.19854697e+02],       [ -5.68023586e-01,   8.23012276e-01,   6.95628297e-17,         -2.52255987e+01],       [ -1.22464685e-16,   0.00000000e+00,  -1.00000000e+00,          7.42128372e+01],       [  0.00000000e+00,   0.00000000e+00,   0.00000000e+00,          1.00000000e+00]])),{}]
["set_obj_matrix",('Mesh 1', array([[ -7.69690723e-01,  -6.38416941e-01,   9.42599322e-17,          2.21222904e+02],       [ -6.38416941e-01,   7.69690723e-01,   7.81835297e-17,         -5.73110893e+00],       [ -1.22464685e-16,   0.00000000e+00,  -1.00000000e+00,          7.42128372e+01],       [  0.00000000e+00,   0.00000000e+00,   0.00000000e+00,          1.00000000e+00]])),{}]
["set_obj_matrix",('Mesh 1', array([[ -6.72178816e-01,  -7.40388843e-01,   8.23181671e-17,          2.19827576e+02],       [ -7.40388843e-01,   6.72178816e-01,   9.06714867e-17,          2.54608646e+01],       [ -1.22464685e-16,   0.00000000e+00,  -1.00000000e+00,          7.42128372e+01],       [  0.00000000e+00,   0.00000000e+00,   0.00000000e+00,          1.00000000e+00]])),{}]
["set_obj_matrix",('Mesh 1', array([[ -5.93069071e-01,  -8.05151587e-01,   7.26300171e-17,          2.16079036e+02],       [ -8.05151587e-01,   5.93069071e-01,   9.86026356e-17,          4.77730994e+01],       [ -1.22464685e-16,   0.00000000e+00,  -1.00000000e+00,          7.42128372e+01],       [  0.00000000e+00,   0.00000000e+00,   0.00000000e+00,          1.00000000e+00]])),{}]
["set_obj_matrix",('Mesh 1', array([[ -5.57982218e-01,  -8.29852905e-01,   6.83331168e-17,          2.13830652e+02],       [ -8.29852905e-01,   5.57982218e-01,   1.01627675e-16,          5.69988708e+01],       [ -1.22464685e-16,   0.00000000e+00,  -1.00000000e+00,          7.42128372e+01],       [  0.00000000e+00,   0.00000000e+00,   0.00000000e+00,          1.00000000e+00]])),{}]
["set_obj_matrix",('Mesh 1', array([[ -5.22441056e-01,  -8.52675403e-01,   6.39805795e-17,          2.11232934e+02],       [ -8.52675403e-01,   5.22441056e-01,   1.04422625e-16,          6.59777711e+01],       [ -1.22464685e-16,   0.00000000e+00,  -1.00000000e+00,          7.42128372e+01],       [  0.00000000e+00,   0.00000000e+00,   0.00000000e+00,          1.00000000e+00]])),{}]
["set_obj_matrix",('Mesh 1', array([[ -4.86296452e-01,  -8.73793889e-01,   5.95541420e-17,          2.08286497e+02],       [ -8.73793889e-01,   4.86296452e-01,   1.07008894e-16,          7.47606459e+01],       [ -1.22464685e-16,   0.00000000e+00,  -1.00000000e+00,          7.42128372e+01],       [  0.00000000e+00,   0.00000000e+00,   0.00000000e+00,          1.00000000e+00]])),{}]
["set_obj_matrix",('Mesh 1', array([[ -5.04430984e-01,  -8.63452015e-01,   6.17749816e-17,          2.09801742e+02],       [ -8.63452015e-01,   5.04430984e-01,   1.05742379e-16,          7.03963621e+01],       [ -1.22464685e-16,   0.00000000e+00,  -1.00000000e+00,          7.42128372e+01],       [  0.00000000e+00,   0.00000000e+00,   0.00000000e+00,          1.00000000e+00]])),{}]
["set_obj_matrix",('Mesh 1', array([[ -5.02072101e-01,  -8.64825766e-01,   6.14861018e-17,          2.09608796e+02],       [ -8.64825766e-01,   5.02072101e-01,   1.05910615e-16,          7.09688049e+01],       [ -1.22464685e-16,   0.00000000e+00,  -1.00000000e+00,          7.42128372e+01],       [  0.00000000e+00,   0.00000000e+00,   0.00000000e+00,          1.00000000e+00]])),{}]
["set_obj_matrix",('Mesh 1', array([[ -5.20490278e-01,  -8.53867595e-01,   6.37416781e-17,          2.11081542e+02],       [ -8.53867595e-01,   5.20490278e-01,   1.04568626e-16,          6.64605259e+01],       [ -1.22464685e-16,   0.00000000e+00,  -1.00000000e+00,          7.42128372e+01],       [  0.00000000e+00,   0.00000000e+00,   0.00000000e+00,          1.00000000e+00]])),{}]
["set_obj_matrix",('Mesh 1', array([[ -5.38753895e-01,  -8.42463198e-01,   6.59783262e-17,          2.12463545e+02],       [ -8.42463198e-01,   5.38753895e-01,   1.03171990e-16,          6.19004099e+01],       [ -1.22464685e-16,   0.00000000e+00,  -1.00000000e+00,          7.42128372e+01],       [  0.00000000e+00,   0.00000000e+00,   0.00000000e+00,          1.00000000e+00]])),{}]
["set_obj_matrix",('Mesh 1', array([[ -5.56834953e-01,  -8.30623161e-01,   6.81926173e-17,          2.13751684e+02],       [ -8.30623161e-01,   5.56834953e-01,   1.01722004e-16,          5.72942984e+01],       [ -1.22464685e-16,   0.00000000e+00,  -1.00000000e+00,          7.42128372e+01],       [  0.00000000e+00,   0.00000000e+00,   0.00000000e+00,          1.00000000e+00]])),{}]
["set_obj_matrix",('Mesh 1', array([[ -5.57982218e-01,  -8.29852905e-01,   6.83331168e-17,          2.13830652e+02],       [ -8.29852905e-01,   5.57982218e-01,   1.01627675e-16,          5.69988708e+01],       [ -1.22464685e-16,   0.00000000e+00,  -1.00000000e+00,          7.42128372e+01],       [  0.00000000e+00,   0.00000000e+00,   0.00000000e+00,          1.00000000e+00]])),{}]
["save_ply",('%s',),{}]