["add_ply",('%s',),{}]
["add_polygon_ray",(array([ 120.74210358,  124.37308502,  -47.18587494], dtype=float32), array([ 128.94493103,  143.6239624 ,  176.96228027], dtype=float32), array([   8.20283318,   19.25087738,  224.14814758], dtype=float32)),{}]
["add_polygon_ray",(array([  79.26946259,  120.26434326,  -45.3152771 ], dtype=float32), array([  87.47229767,  139.51522827,  178.83287048], dtype=float32), array([   8.20283318,   19.25087738,  224.14814758], dtype=float32)),{}]
["add_polygon_ray",(array([  47.9165802 ,  102.49419403,  -42.641716  ], dtype=float32), array([  56.1194191 ,  121.74507141,  181.50642395], dtype=float32), array([   8.20283318,   19.25087738,  224.14814758], dtype=float32)),{}]
["add_polygon_ray",(array([ 43.66485977,  68.48776245, -39.914711  ], dtype=float32), array([  50.06822586,   86.04446411,  184.43107605], dtype=float32), array([   6.40336609,   17.55670929,  224.34579468], dtype=float32)),{}]
["add_polygon_ray",(array([ 63.72259903,  38.83684921, -38.55815125], dtype=float32), array([  70.01308441,   54.62008286,  185.9225769 ], dtype=float32), array([   6.29048491,   15.7832346 ,  224.48071289], dtype=float32)),{}]
["add_polygon_ray",(array([ 124.3105545 ,   30.21147919,  -39.64952087], dtype=float32), array([ 130.6010437 ,   45.99471664,  184.83120728], dtype=float32), array([   6.29048491,   15.7832346 ,  224.48071289], dtype=float32)),{}]
["add_polygon_ray",(array([ 144.85476685,   63.86657715,  -42.59150696], dtype=float32), array([ 151.14523315,   79.64981079,  181.88922119], dtype=float32), array([   6.29048491,   15.7832346 ,  224.48071289], dtype=float32)),{}]
["add_polygon_ray",(array([ 156.31285095,  114.35926056,  -46.46273041], dtype=float32), array([ 162.60333252,  130.14248657,  178.01799011], dtype=float32), array([   6.29048491,   15.7832346 ,  224.48071289], dtype=float32)),{}]
["select_region_polygon",(),{}]
["crop_selection",(),{}]
["set_obj_matrix",('Mesh 1', array([[ -9.99874915e-01,   1.57770465e-02,  -1.11278898e-03,          7.19011996e+01],       [  1.57775370e-02,   9.99875433e-01,  -4.33365906e-04,         -9.71064711e+01],       [  1.10581313e-03,  -4.50868768e-04,  -9.99999287e-01,          6.99990861e+01],       [  0.00000000e+00,   0.00000000e+00,   0.00000000e+00,          1.00000000e+00]])),{}]
["set_obj_matrix",('Mesh 1', array([[ -9.99070397e-01,   4.30004882e-02,  -3.04941312e-03,          6.93646057e+01],       [  4.30041333e-02,   9.99074244e-01,  -1.13998847e-03,         -9.89770605e+01],       [  2.99757005e-03,  -1.27006611e-03,  -9.99994701e-01,          6.99386464e+01],       [  0.00000000e+00,   0.00000000e+00,   0.00000000e+00,          1.00000000e+00]])),{}]
["set_obj_matrix",('Mesh 1', array([[ -9.90887335e-01,   1.34343514e-01,  -9.70104830e-03,          6.04621055e+01],       [  1.34379246e-01,   9.90925041e-01,  -3.12756671e-03,         -1.04757683e+02],       [  9.19284339e-03,  -4.40268580e-03,  -9.99948053e-01,          6.97816802e+01],       [  0.00000000e+00,   0.00000000e+00,   0.00000000e+00,          1.00000000e+00]])),{}]
["set_obj_matrix",('Mesh 1', array([[ -9.58812708e-01,   2.83256508e-01,  -2.10699254e-02,          4.46113841e+01],       [  2.83418008e-01,   9.58983132e-01,  -5.05815329e-03,         -1.12487849e+02],       [  1.87729482e-02,  -1.08214179e-02,  -9.99765209e-01,          6.96823474e+01],       [  0.00000000e+00,   0.00000000e+00,   0.00000000e+00,          1.00000000e+00]])),{}]
["set_obj_matrix",('Mesh 1', array([[ -9.05705182e-01,   4.22671185e-01,  -3.23603680e-02,          2.81242294e+01],       [  4.23040927e-01,   9.06095353e-01,  -5.25218175e-03,         -1.17638388e+02],       [  2.71016332e-02,  -1.84466883e-02,  -9.99462466e-01,          6.97822225e+01],       [  0.00000000e+00,   0.00000000e+00,   0.00000000e+00,          1.00000000e+00]])),{}]
["set_obj_matrix",('Mesh 1', array([[ -6.67559824e-01,   7.42012984e-01,  -6.14866841e-02,         -1.79571890e+01],       [  7.43316523e-01,   6.68935390e-01,   2.44764445e-03,         -1.18903532e+02],       [  4.29468030e-02,  -4.40701191e-02,  -9.98104903e-01,          7.09845815e+01],       [  0.00000000e+00,   0.00000000e+00,   0.00000000e+00,          1.00000000e+00]])),{}]
["set_obj_matrix",('Mesh 1', array([[ -4.20078906e-01,   9.03971371e-01,  -7.98089804e-02,         -5.03725453e+01],       [  9.06245312e-01,   4.22478495e-01,   1.52103705e-02,         -1.08089937e+02],       [  4.74673173e-02,  -6.59369585e-02,  -9.96694121e-01,          7.26532407e+01],       [  0.00000000e+00,   0.00000000e+00,   0.00000000e+00,          1.00000000e+00]])),{}]
["set_obj_matrix",('Mesh 1', array([[ -2.09202107e-01,   9.73664617e-01,  -9.06183819e-02,         -7.17726099e+01],       [  9.76765433e-01,   2.12474258e-01,   2.79996221e-02,         -9.39994586e+01],       [  4.65163148e-02,  -8.26553231e-02,  -9.95492004e-01,          7.42436228e+01],       [  0.00000000e+00,   0.00000000e+00,   0.00000000e+00,          1.00000000e+00]])),{}]
["set_obj_matrix",('Mesh 1', array([[ -3.75448390e-02,   9.94585770e-01,  -9.68995936e-02,         -8.59314753e+01],       [  9.98359675e-01,   4.15272707e-02,   3.94137791e-02,         -7.99732765e+01],       [  4.32243595e-02,  -9.52608628e-02,  -9.94513460e-01,          7.56265686e+01],       [  0.00000000e+00,   0.00000000e+00,   0.00000000e+00,          1.00000000e+00]])),{}]
["set_obj_matrix",('Mesh 1', array([[  3.13274485e-03,   9.95173524e-01,  -9.80808015e-02,         -8.88887412e+01],       [  9.99106930e-01,   1.01800183e-03,   4.22410451e-02,         -7.63375512e+01],       [  4.21370161e-02,  -9.81255389e-02,  -9.94281575e-01,          7.59650660e+01],       [  0.00000000e+00,   0.00000000e+00,   0.00000000e+00,          1.00000000e+00]])),{}]
["set_obj_matrix",('Mesh 1', array([[  6.68914825e-02,   9.92766734e-01,  -9.96982520e-02,         -9.32209342e+01],       [  9.96950146e-01,  -6.24769159e-02,   4.67658097e-02,         -7.04012832e+01],       [  4.01987008e-02,  -1.02522421e-01,  -9.93918114e-01,          7.65038432e+01],       [  0.00000000e+00,   0.00000000e+00,   0.00000000e+00,          1.00000000e+00]])),{}]
["set_obj_matrix",('Mesh 1', array([[  1.62123298e-01,   9.81528505e-01,  -1.01576715e-01,         -9.89955560e+01],       [  9.86085333e-01,  -1.57314683e-01,   5.37383091e-02,         -6.09890916e+01],       [  3.67661735e-02,  -1.08875541e-01,  -9.93375239e-01,          7.73274329e+01],       [  0.00000000e+00,   0.00000000e+00,   0.00000000e+00,          1.00000000e+00]])),{}]
["set_obj_matrix",('Mesh 1', array([[  2.18905222e-01,   9.70359884e-01,  -1.02382614e-01,         -1.02031798e+02],       [  9.75139361e-01,  -2.13861655e-01,   5.80208578e-02,         -5.50581438e+01],       [  3.44053975e-02,  -1.12538386e-01,  -9.93051550e-01,          7.78295205e+01],       [  0.00000000e+00,   0.00000000e+00,   0.00000000e+00,          1.00000000e+00]])),{}]
["set_obj_matrix",('Mesh 1', array([[  2.61284501e-01,   9.59769406e-01,  -1.02825566e-01,         -1.04092568e+02],       [  9.64715057e-01,  -2.56065578e-01,   6.12803286e-02,         -5.04706170e+01],       [  3.24848964e-02,  -1.15208972e-01,  -9.92809964e-01,          7.82098171e+01],       [  0.00000000e+00,   0.00000000e+00,   0.00000000e+00,          1.00000000e+00]])),{}]
["set_obj_matrix",('Mesh 1', array([[  3.55786431e-01,   9.28840837e-01,  -1.03299149e-01,         -1.08021942e+02],       [  9.34157042e-01,  -3.50176480e-01,   6.87535726e-02,         -3.97188336e+01],       [  2.76881936e-02,  -1.20959216e-01,  -9.92271249e-01,          7.90758852e+01],       [  0.00000000e+00,   0.00000000e+00,   0.00000000e+00,          1.00000000e+00]])),{}]
["set_obj_matrix",('Mesh 1', array([[  5.64550977e-01,   8.19141549e-01,  -1.01436275e-01,         -1.12934440e+02],       [  8.25276345e-01,  -5.58077203e-01,   8.64221649e-02,         -1.30135146e+01],       [  1.41827137e-02,  -1.32502676e-01,  -9.91081173e-01,          8.10911955e+01],       [  0.00000000e+00,   0.00000000e+00,   0.00000000e+00,          1.00000000e+00]])),{}]
["set_obj_matrix",('Mesh 1', array([[  7.57774524e-01,   6.45615291e-01,  -9.46502315e-02,         -1.10925008e+02],       [  6.52507740e-01,  -7.50501233e-01,   1.04792883e-01,          1.68429781e+01],       [ -3.37922793e-03,  -1.41169386e-01,  -9.89979689e-01,          8.31340958e+01],       [  0.00000000e+00,   0.00000000e+00,   0.00000000e+00,          1.00000000e+00]])),{}]
["set_obj_matrix",('Mesh 1', array([[  8.45029701e-01,   5.27298344e-01,  -8.87764675e-02,         -1.06378859e+02],       [  5.34532931e-01,  -8.37395366e-01,   1.14208343e-01,          3.31777367e+01],       [ -1.41191324e-02,  -1.43963387e-01,  -9.89482285e-01,          8.41551984e+01],       [  0.00000000e+00,   0.00000000e+00,   0.00000000e+00,          1.00000000e+00]])),{}]
["set_obj_matrix",('Mesh 1', array([[  8.83380646e-01,   4.60850451e-01,  -8.51792024e-02,         -1.03065287e+02],       [  4.68235417e-01,  -8.75587624e-01,   1.18751454e-01,          4.13884021e+01],       [ -1.98551942e-02,  -1.44786656e-01,  -9.89263663e-01,          8.46396360e+01],       [  0.00000000e+00,   0.00000000e+00,   0.00000000e+00,          1.00000000e+00]])),{}]
["set_obj_matrix",('Mesh 1', array([[  8.90516339e-01,   4.47052310e-01,  -8.44090146e-02,         -1.02318105e+02],       [  4.54465256e-01,  -8.82693791e-01,   1.19636961e-01,          4.30185144e+01],       [ -2.10233331e-02,  -1.44899633e-01,  -9.89222986e-01,          8.47333113e+01],       [  0.00000000e+00,   0.00000000e+00,   0.00000000e+00,          1.00000000e+00]])),{}]
["set_obj_matrix",('Mesh 1', array([[  8.94856428e-01,   4.38393769e-01,  -8.39218524e-02,         -1.01839410e+02],       [  4.45823733e-01,  -8.87015921e-01,   1.20183006e-01,          4.40289880e+01],       [ -2.17525380e-02,  -1.44960889e-01,  -9.89198245e-01,          8.47909435e+01],       [  0.00000000e+00,   0.00000000e+00,   0.00000000e+00,          1.00000000e+00]])),{}]
["set_obj_matrix",('Mesh 1', array([[  8.96371376e-01,   4.35321241e-01,  -8.37482755e-02,         -1.01667747e+02],       [  4.42757145e-01,  -8.88524601e-01,   1.20375015e-01,          4.43852856e+01],       [ -2.20106022e-02,  -1.44980865e-01,  -9.89189609e-01,          8.48111844e+01],       [  0.00000000e+00,   0.00000000e+00,   0.00000000e+00,          1.00000000e+00]])),{}]
["set_obj_matrix",('Mesh 1', array([[  8.97884414e-01,   4.32225783e-01,  -8.35730328e-02,         -1.01493859e+02],       [  4.39667621e-01,  -8.90031378e-01,   1.20567532e-01,          4.47430471e+01],       [ -2.22702256e-02,  -1.45000064e-01,  -9.89180984e-01,          8.48314658e+01],       [  0.00000000e+00,   0.00000000e+00,   0.00000000e+00,          1.00000000e+00]])),{}]
["set_obj_matrix",('Mesh 1', array([[  8.95340692e-01,   4.37414499e-01,  -8.38665702e-02,         -1.01784799e+02],       [  4.44846362e-01,  -8.87498181e-01,   1.20244302e-01,          4.41426751e+01],       [ -2.18348272e-02,  -1.44967356e-01,  -9.89195484e-01,          8.47974065e+01],       [  0.00000000e+00,   0.00000000e+00,   0.00000000e+00,          1.00000000e+00]])),{}]
["set_obj_matrix",('Mesh 1', array([[  8.85904673e-01,   4.56029643e-01,  -8.49109808e-02,         -1.02806446e+02],       [  4.63424507e-01,  -8.78101207e-01,   1.19062997e-01,          4.19607306e+01],       [ -2.02641785e-02,  -1.44828295e-01,  -9.89249275e-01,          8.46726230e+01],       [  0.00000000e+00,   0.00000000e+00,   0.00000000e+00,          1.00000000e+00]])),{}]
["set_obj_matrix",('Mesh 1', array([[  8.81593145e-01,   4.64226338e-01,  -8.53664710e-02,         -1.03245121e+02],       [  4.71604295e-01,  -8.73807518e-01,   1.18531891e-01,          4.09858078e+01],       [ -1.95682384e-02,  -1.44756097e-01,  -9.89273853e-01,          8.46163689e+01],       [  0.00000000e+00,   0.00000000e+00,   0.00000000e+00,          1.00000000e+00]])),{}]
["set_obj_matrix",('Mesh 1', array([[  8.80118558e-01,   4.66987975e-01,  -8.55193202e-02,         -1.03391353e+02],       [  4.74360151e-01,  -8.72339034e-01,   1.18351416e-01,          4.06553521e+01],       [ -1.93331529e-02,  -1.44730236e-01,  -9.89282259e-01,          8.45972324e+01],       [  0.00000000e+00,   0.00000000e+00,   0.00000000e+00,          1.00000000e+00]])),{}]
["set_obj_matrix",('Mesh 1', array([[  8.81769652e-01,   4.63894370e-01,  -8.53480765e-02,         -1.03227489e+02],       [  4.71273019e-01,  -8.73983296e-01,   1.18553533e-01,          4.10254632e+01],       [ -1.95964766e-02,  -1.44759153e-01,  -9.89272847e-01,          8.46186630e+01],       [  0.00000000e+00,   0.00000000e+00,   0.00000000e+00,          1.00000000e+00]])),{}]
["set_obj_matrix",('Mesh 1', array([[  8.80286844e-01,   4.66673857e-01,  -8.55019503e-02,         -1.03374760e+02],       [  4.74046692e-01,  -8.72506623e-01,   1.18371983e-01,          4.06929901e+01],       [ -1.93599079e-02,  -1.44733216e-01,  -9.89281300e-01,          8.45994137e+01],       [  0.00000000e+00,   0.00000000e+00,   0.00000000e+00,          1.00000000e+00]])),{}]
["set_obj_matrix",('Mesh 1', array([[  8.78784678e-01,   4.69468297e-01,  -8.56563331e-02,         -1.03522011e+02],       [  4.76835242e-01,  -8.71010673e-01,   1.18188661e-01,          4.03576993e+01],       [ -1.91217507e-02,  -1.44706343e-01,  -9.89289863e-01,          8.45799658e+01],       [  0.00000000e+00,   0.00000000e+00,   0.00000000e+00,          1.00000000e+00]])),{}]
["set_obj_matrix",('Mesh 1', array([[  8.72577300e-01,   4.80796024e-01,  -8.62788398e-02,         -1.04110487e+02],       [  4.88138629e-01,  -8.64828980e-01,   1.17437279e-01,          3.89878652e+01],       [ -1.81530643e-02,  -1.44589138e-01,  -9.89325249e-01,          8.45001432e+01],       [  0.00000000e+00,   0.00000000e+00,   0.00000000e+00,          1.00000000e+00]])),{}]
["set_obj_matrix",('Mesh 1', array([[  8.62702367e-01,   4.98133618e-01,  -8.72211265e-02,         -1.04984459e+02],       [  5.05437502e-01,  -8.54994907e-01,   1.16261090e-01,          3.68574352e+01],       [ -1.66600617e-02,  -1.44383545e-01,  -9.89381541e-01,          8.43748435e+01],       [  0.00000000e+00,   0.00000000e+00,   0.00000000e+00,          1.00000000e+00]])),{}]
["set_obj_matrix",('Mesh 1', array([[  8.57400774e-01,   5.07121127e-01,  -8.77044748e-02,         -1.05424476e+02],       [  5.14404223e-01,  -8.49715251e-01,   1.15638608e-01,          3.57365484e+01],       [ -1.58810484e-02,  -1.44264184e-01,  -9.89411763e-01,          8.43083643e+01],       [  0.00000000e+00,   0.00000000e+00,   0.00000000e+00,          1.00000000e+00]])),{}]
["set_obj_matrix",('Mesh 1', array([[  8.55586955e-01,   5.10147481e-01,  -8.78664301e-02,         -1.05570599e+02],       [  5.17423465e-01,  -8.47908937e-01,   1.15427000e-01,          3.53565260e+01],       [ -1.56179381e-02,  -1.44221988e-01,  -9.89422103e-01,          8.42857397e+01],       [  0.00000000e+00,   0.00000000e+00,   0.00000000e+00,          1.00000000e+00]])),{}]
["set_obj_matrix",('Mesh 1', array([[  8.53749328e-01,   5.13189066e-01,  -8.80287892e-02,         -1.05716410e+02],       [  5.20457844e-01,  -8.46078914e-01,   1.15213301e-01,          3.49732637e+01],       [ -1.53530963e-02,  -1.44178552e-01,  -9.89432579e-01,          8.42628785e+01],       [  0.00000000e+00,   0.00000000e+00,   0.00000000e+00,          1.00000000e+00]])),{}]
["set_obj_matrix",('Mesh 1', array([[  8.55600089e-01,   5.10125654e-01,  -8.78652635e-02,         -1.05569549e+02],       [  5.17401690e-01,  -8.47922017e-01,   1.15428530e-01,          3.53592715e+01],       [ -1.56198372e-02,  -1.44222296e-01,  -9.89422028e-01,          8.42859033e+01],       [  0.00000000e+00,   0.00000000e+00,   0.00000000e+00,          1.00000000e+00]])),{}]
["save_ply",('%s',),{}]