["add_ply",('%s',),{}]
["add_polygon_ray",(array([ 524.71099854,   52.5211792 , -261.18539429], dtype=float32), array([ 524.71099854,   52.5211792 ,  443.55160522], dtype=float32), array([  8.63053932e-14,   0.00000000e+00,   7.04737000e+02], dtype=float32)),{}]
["add_polygon_ray",(array([ 592.36572266,  166.68858337, -261.18539429], dtype=float32), array([ 592.36572266,  166.68858337,  443.55160522], dtype=float32), array([  8.63053932e-14,   0.00000000e+00,   7.04737000e+02], dtype=float32)),{}]
["add_polygon_ray",(array([ 621.96472168,  289.31283569, -261.18539429], dtype=float32), array([ 621.96472168,  289.31283569,  443.55160522], dtype=float32), array([  8.63053932e-14,   0.00000000e+00,   7.04737000e+02], dtype=float32)),{}]
["add_polygon_ray",(array([ 609.37042236,  423.70373535, -261.5920105 ], dtype=float32), array([ 607.70544434,  433.01571655,  443.08151245], dtype=float32), array([  -1.66495264,    9.31197071,  704.67352295], dtype=float32)),{}]
["add_polygon_ray",(array([ 711.28125   ,  467.82833862, -261.93432617], dtype=float32), array([ 709.61633301,  477.14031982,  442.73919678], dtype=float32), array([  -1.66495264,    9.31197071,  704.67352295], dtype=float32)),{}]
["add_polygon_ray",(array([ 636.4831543 ,  636.98944092, -267.09555054], dtype=float32), array([ 638.671875  ,  650.06970215,  437.5166626 ], dtype=float32), array([   2.18871593,   13.08023167,  704.61224365], dtype=float32)),{}]
["add_polygon_ray",(array([ 442.262146  ,  665.77319336, -267.02658081], dtype=float32), array([ 444.4508667 ,  678.85339355,  437.58563232], dtype=float32), array([   2.18871593,   13.08023167,  704.61224365], dtype=float32)),{}]
["add_polygon_ray",(array([ 234.49645996,  624.77416992, -275.11361694], dtype=float32), array([ 236.29789734,  661.67370605,  428.65441895], dtype=float32), array([   1.80143523,   36.8995285 ,  703.76800537], dtype=float32)),{}]
["add_polygon_ray",(array([ 102.48059082,  500.55181885, -268.26254272], dtype=float32), array([ 104.28204346,  537.45135498,  435.50549316], dtype=float32), array([   1.80143523,   36.8995285 ,  703.76800537], dtype=float32)),{}]
["add_polygon_ray",(array([  56.96609497,  254.20245361, -236.47897339], dtype=float32), array([ 113.43569946,  237.64337158,  465.79678345], dtype=float32), array([  56.46958923,  -16.55908203,  702.27575684], dtype=float32)),{}]
["add_polygon_ray",(array([ 182.64570618,  112.09431458, -247.4251709 ], dtype=float32), array([ 250.05567932,   93.96014404,  453.84603882], dtype=float32), array([  67.40998077,  -18.13417435,  701.27124023], dtype=float32)),{}]
["add_polygon_ray",(array([ 388.88894653,   39.5920105 , -268.31945801], dtype=float32), array([ 454.23895264,   23.09759521,  433.18719482], dtype=float32), array([  65.35002136,  -16.49443054,  701.50665283], dtype=float32)),{}]
["select_region_polygon",(),{}]
["crop_selection",(),{}]
["transform_mesh",(array([[ 0.,  1.,  0.],       [ 1.,  0.,  0.],       [ 0.,  0.,  1.]], dtype=float32), array([ 0.,  0.,  0.], dtype=float32)),{'reverse': True}]
["set_obj_matrix",('Mesh 1', array([[ -9.99987982e-01,   4.90133277e-03,   1.14124810e-04,          4.08764805e+02],       [  4.90128015e-03,   9.99987884e-01,  -4.56871779e-04,         -3.61752701e+02],       [ -1.16362707e-04,  -4.56306931e-04,  -9.99999889e-01,          9.13950404e+01],       [  0.00000000e+00,   0.00000000e+00,   0.00000000e+00,          1.00000000e+00]])),{}]
["set_obj_matrix",('Mesh 1', array([[ -9.99125285e-01,   4.18073299e-02,   9.01524551e-04,          3.95060552e+02],       [  4.18035001e-02,   9.99118181e-01,  -3.91500866e-03,         -3.76274439e+02],       [ -1.06440563e-03,  -3.87389726e-03,  -9.99991930e-01,          9.30131306e+01],       [  0.00000000e+00,   0.00000000e+00,   0.00000000e+00,          1.00000000e+00]])),{}]
["set_obj_matrix",('Mesh 1', array([[ -9.90341904e-01,   1.38626635e-01,   2.35979343e-03,          3.56487341e+02],       [  1.38584349e-01,   9.90263473e-01,  -1.31389891e-02,         -4.11980319e+02],       [ -4.15823109e-03,  -1.26850611e-02,  -9.99910895e-01,          9.74460298e+01],       [  0.00000000e+00,   0.00000000e+00,   0.00000000e+00,          1.00000000e+00]])),{}]
["set_obj_matrix",('Mesh 1', array([[ -9.37181932e-01,   3.48833060e-01,   2.35014311e-03,          2.59034295e+02],       [  3.48558021e-01,   9.36671797e-01,  -3.39595297e-02,         -4.77003618e+02],       [ -1.40475194e-02,  -3.10070964e-02,  -9.99420446e-01,          1.08053314e+02],       [  0.00000000e+00,   0.00000000e+00,   0.00000000e+00,          1.00000000e+00]])),{}]
["set_obj_matrix",('Mesh 1', array([[ -7.77647084e-01,   6.28673068e-01,  -5.93175052e-03,          9.36107912e+01],       [  6.27699532e-01,   7.75841396e-01,  -6.37450049e-02,         -5.31022828e+02],       [ -3.54726702e-02,  -5.32944742e-02,  -9.97948590e-01,          1.24733762e+02],       [  0.00000000e+00,   0.00000000e+00,   0.00000000e+00,          1.00000000e+00]])),{}]
["set_obj_matrix",('Mesh 1', array([[ -4.84812245e-01,   8.74187746e-01,  -2.74385134e-02,         -1.12982492e+02],       [  8.71932079e-01,   4.80628499e-01,  -9.34381951e-02,         -5.22369791e+02],       [ -6.84947936e-02,  -6.92245012e-02,  -9.95246920e-01,          1.43775846e+02],       [  0.00000000e+00,   0.00000000e+00,   0.00000000e+00,          1.00000000e+00]])),{}]
["set_obj_matrix",('Mesh 1', array([[ -3.29614654e-01,   9.43256237e-01,  -4.02722050e-02,         -2.00377563e+02],       [  9.40321063e-01,   3.24170576e-01,  -1.03487859e-01,         -4.93238637e+02],       [ -8.45605043e-02,  -7.19799173e-02,  -9.93815080e-01,          1.51232322e+02],       [  0.00000000e+00,   0.00000000e+00,   0.00000000e+00,          1.00000000e+00]])),{}]
["set_obj_matrix",('Mesh 1', array([[ -2.24489306e-01,   9.73225604e-01,  -4.93606660e-02,         -2.53489961e+02],       [  9.69830155e-01,   2.18191524e-01,  -1.08728698e-01,         -4.66745694e+02],       [ -9.50474743e-02,  -7.22798924e-02,  -9.92845202e-01,          1.55557171e+02],       [  0.00000000e+00,   0.00000000e+00,   0.00000000e+00,          1.00000000e+00]])),{}]
["set_obj_matrix",('Mesh 1', array([[ -3.36161289e-02,   9.97214803e-01,  -6.65777194e-02,         -3.38912804e+02],       [  9.92983646e-01,   2.57683000e-02,  -1.15410022e-01,         -4.06410703e+02],       [ -1.13372987e-01,  -6.99902248e-02,  -9.91084222e-01,          1.62096229e+02],       [  0.00000000e+00,   0.00000000e+00,   0.00000000e+00,          1.00000000e+00]])),{}]
["set_obj_matrix",('Mesh 1', array([[  1.75109306e-01,   9.80749821e-01,  -8.64090234e-02,         -4.16871533e+02],       [  9.75604793e-01,  -1.84652157e-01,  -1.18738654e-01,         -3.23265966e+02],       [ -1.32408526e-01,  -6.35088141e-02,  -9.89158538e-01,          1.67403633e+02],       [  0.00000000e+00,   0.00000000e+00,   0.00000000e+00,          1.00000000e+00]])),{}]
["set_obj_matrix",('Mesh 1', array([[  2.89788993e-01,   9.52084086e-01,  -9.77662139e-02,         -4.52603413e+02],       [  9.46436952e-01,  -3.00263137e-01,  -1.18739820e-01,         -2.69695916e+02],       [ -1.42405883e-01,  -5.81200645e-02,  -9.88100512e-01,          1.69472711e+02],       [  0.00000000e+00,   0.00000000e+00,   0.00000000e+00,          1.00000000e+00]])),{}]
["set_obj_matrix",('Mesh 1', array([[  3.09274383e-01,   9.45728881e-01,  -9.97308369e-02,         -4.58137357e+02],       [  9.39996433e-01,  -3.19906764e-01,  -1.18601721e-01,         -2.59996882e+02],       [ -1.44069642e-01,  -5.70661568e-02,  -9.87920742e-01,          1.69760182e+02],       [  0.00000000e+00,   0.00000000e+00,   0.00000000e+00,          1.00000000e+00]])),{}]
["set_obj_matrix",('Mesh 1', array([[  5.34121372e-01,   8.36375681e-01,  -1.23248039e-01,         -5.08958665e+02],       [  8.29658777e-01,  -5.46579695e-01,  -1.13652763e-01,         -1.33595860e+02],       [ -1.62421283e-01,  -4.15494476e-02,  -9.85846322e-01,          1.71522476e+02],       [  0.00000000e+00,   0.00000000e+00,   0.00000000e+00,          1.00000000e+00]])),{}]
["set_obj_matrix",('Mesh 1', array([[  8.04252691e-01,   5.73829982e-01,  -1.54585773e-01,         -5.22541465e+02],       [  5.65930351e-01,  -8.18904701e-01,  -9.54878443e-02,          7.09986866e+01],       [ -1.81384804e-01,  -1.06884252e-02,  -9.83354112e-01,          1.67977200e+02],       [  0.00000000e+00,   0.00000000e+00,   0.00000000e+00,          1.00000000e+00]])),{}]
["set_obj_matrix",('Mesh 1', array([[  8.05943731e-01,   5.71394334e-01,  -1.54800574e-01,         -5.22339811e+02],       [  5.63487299e-01,  -8.20609474e-01,  -9.53003418e-02,          7.25979232e+01],       [ -1.81484893e-01,  -1.04214442e-02,  -9.83338511e-01,          1.67920812e+02],       [  0.00000000e+00,   0.00000000e+00,   0.00000000e+00,          1.00000000e+00]])),{}]
["set_obj_matrix",('Mesh 1', array([[  8.06450381e-01,   5.70661559e-01,  -1.54865001e-01,         -5.22278296e+02],       [  5.62752306e-01,  -8.21120238e-01,  -9.52438818e-02,          7.30782879e+01],       [ -1.81514809e-01,  -1.03411718e-02,  -9.83333837e-01,          1.67903786e+02],       [  0.00000000e+00,   0.00000000e+00,   0.00000000e+00,          1.00000000e+00]])),{}]
["set_obj_matrix",('Mesh 1', array([[  8.05426108e-01,   5.72141530e-01,  -1.54734785e-01,         -5.22402135e+02],       [  5.64236762e-01,  -8.20087647e-01,  -9.53578896e-02,          7.21077374e+01],       [ -1.81454295e-01,  -1.05033202e-02,  -9.83343287e-01,          1.67938143e+02],       [  0.00000000e+00,   0.00000000e+00,   0.00000000e+00,          1.00000000e+00]])),{}]
["set_obj_matrix",('Mesh 1', array([[  8.06111446e-01,   5.71151921e-01,  -1.54821897e-01,         -5.22319504e+02],       [  5.63244152e-01,  -8.20778551e-01,  -9.52816665e-02,          7.27568743e+01],       [ -1.81494799e-01,  -1.03948864e-02,  -9.83336964e-01,          1.67915183e+02],       [  0.00000000e+00,   0.00000000e+00,   0.00000000e+00,          1.00000000e+00]])),{}]
["set_obj_matrix",('Mesh 1', array([[  8.04379028e-01,   5.73648551e-01,  -1.54601808e-01,         -5.22526594e+02],       [  5.65748367e-01,  -8.19032064e-01,  -9.54738859e-02,          7.11179499e+01],       [ -1.81392294e-01,  -1.06685290e-02,  -9.83352947e-01,          1.67973010e+02],       [  0.00000000e+00,   0.00000000e+00,   0.00000000e+00,          1.00000000e+00]])),{}]
["set_obj_matrix",('Mesh 1', array([[  7.70345011e-01,   6.19647901e-01,  -1.50349736e-01,         -5.25491810e+02],       [  6.11896729e-01,  -7.84721663e-01,  -9.89661775e-02,          4.01460539e+01],       [ -1.79306879e-01,  -1.57604107e-02,  -9.83666942e-01,          1.68977478e+02],       [  0.00000000e+00,   0.00000000e+00,   0.00000000e+00,          1.00000000e+00]])),{}]
["set_obj_matrix",('Mesh 1', array([[  7.20686429e-01,   6.78066453e-01,  -1.44350121e-01,         -5.26670069e+02],       [  6.70532703e-01,  -7.34659812e-01,  -1.03251412e-01,         -1.54740728e+00],       [ -1.76059551e-01,  -2.23795857e-02,  -9.84125088e-01,          1.70067573e+02],       [  0.00000000e+00,   0.00000000e+00,   0.00000000e+00,          1.00000000e+00]])),{}]
["set_obj_matrix",('Mesh 1', array([[  6.56415182e-01,   7.41881260e-01,  -1.36862357e-01,         -5.23926387e+02],       [  7.34628912e-01,  -6.69866631e-01,  -1.07698927e-01,         -5.07678700e+01],       [ -1.71579342e-01,  -2.98478335e-02,  -9.84718049e-01,          1.70969295e+02],       [  0.00000000e+00,   0.00000000e+00,   0.00000000e+00,          1.00000000e+00]])),{}]
["set_obj_matrix",('Mesh 1', array([[  5.99444863e-01,   7.89717519e-01,  -1.30430425e-01,         -5.18334914e+02],       [  7.82714606e-01,  -6.12433666e-01,  -1.10828016e-01,         -9.08874299e+01],       [ -1.67402809e-01,  -3.56545133e-02,  -9.85243653e-01,          1.71391738e+02],       [  0.00000000e+00,   0.00000000e+00,   0.00000000e+00,          1.00000000e+00]])),{}]
["set_obj_matrix",('Mesh 1', array([[  5.83380121e-01,   8.01946226e-01,  -1.28646355e-01,         -5.16302038e+02],       [  7.95013651e-01,  -5.96238465e-01,  -1.11592959e-01,         -1.01693789e+02],       [ -1.66195457e-01,  -3.71744945e-02,  -9.85391865e-01,          1.71456451e+02],       [  0.00000000e+00,   0.00000000e+00,   0.00000000e+00,          1.00000000e+00]])),{}]
["set_obj_matrix",('Mesh 1', array([[  5.80618412e-01,   8.03996817e-01,  -1.28340868e-01,         -5.15933866e+02],       [  7.97076333e-01,  -5.93454329e-01,  -1.11719648e-01,         -1.03530753e+02],       [ -1.65986685e-01,  -3.74309837e-02,  -9.85417344e-01,          1.71465345e+02],       [  0.00000000e+00,   0.00000000e+00,   0.00000000e+00,          1.00000000e+00]])),{}]
["set_obj_matrix",('Mesh 1', array([[  5.83380121e-01,   8.01946226e-01,  -1.28646355e-01,         -5.16302038e+02],       [  7.95013651e-01,  -5.96238465e-01,  -1.11592959e-01,         -1.01693789e+02],       [ -1.66195457e-01,  -3.71744945e-02,  -9.85391865e-01,          1.71456451e+02],       [  0.00000000e+00,   0.00000000e+00,   0.00000000e+00,          1.00000000e+00]])),{}]
["set_obj_matrix",('Mesh 1', array([[  5.86117427e-01,   7.99898988e-01,  -1.28949490e-01,         -5.16661612e+02],       [  7.92954428e-01,  -5.98998000e-01,  -1.11466013e-01,         -9.98671200e+01],       [ -1.66402037e-01,  -3.69188960e-02,  -9.85366610e-01,          1.71446997e+02],       [  0.00000000e+00,   0.00000000e+00,   0.00000000e+00,          1.00000000e+00]])),{}]
["set_obj_matrix",('Mesh 1', array([[  5.91704780e-01,   7.95674081e-01,  -1.29569328e-01,         -5.17378880e+02],       [  7.88705057e-01,  -6.04630727e-01,  -1.11202597e-01,         -9.61200080e+01],       [ -1.66822622e-01,  -3.63928762e-02,  -9.85315062e-01,          1.71425710e+02],       [  0.00000000e+00,   0.00000000e+00,   0.00000000e+00,          1.00000000e+00]])),{}]
["set_obj_matrix",('Mesh 1', array([[  6.02265889e-01,   7.87516062e-01,  -1.30744985e-01,         -5.18672331e+02],       [  7.80500798e-01,  -6.15277601e-01,  -1.10688655e-01,         -8.89680629e+01],       [ -1.67613554e-01,  -3.53825639e-02,  -9.85217626e-01,          1.71378041e+02],       [  0.00000000e+00,   0.00000000e+00,   0.00000000e+00,          1.00000000e+00]])),{}]
["set_obj_matrix",('Mesh 1', array([[  6.14735647e-01,   7.77585411e-01,  -1.32140124e-01,         -5.20091582e+02],       [  7.70515550e-01,  -6.27848624e-01,  -1.10054043e-01,         -8.04036651e+01],       [ -1.68540413e-01,  -3.41618769e-02,  -9.85102581e-01,          1.71308880e+02],       [  0.00000000e+00,   0.00000000e+00,   0.00000000e+00,          1.00000000e+00]])),{}]
["set_obj_matrix",('Mesh 1', array([[  6.38427891e-01,   7.57783169e-01,  -1.34812822e-01,         -5.22449996e+02],       [  7.50609575e-01,  -6.51733268e-01,  -1.08761265e-01,         -6.37559007e+01],       [ -1.70279457e-01,  -3.17555696e-02,  -9.84883998e-01,          1.71137145e+02],       [  0.00000000e+00,   0.00000000e+00,   0.00000000e+00,          1.00000000e+00]])),{}]
["set_obj_matrix",('Mesh 1', array([[  6.49908377e-01,   7.47723723e-01,  -1.36118832e-01,         -5.23424897e+02],       [  7.40499864e-01,  -6.63306985e-01,  -1.08091609e-01,         -5.55024176e+01],       [ -1.71111232e-01,  -3.05463339e-02,  -9.84778080e-01,          1.71033901e+02],       [  0.00000000e+00,   0.00000000e+00,   0.00000000e+00,          1.00000000e+00]])),{}]
["set_obj_matrix",('Mesh 1', array([[  6.54476071e-01,   7.43633270e-01,  -1.36640521e-01,         -5.23780875e+02],       [  7.36389412e-01,  -6.67911772e-01,  -1.07816965e-01,         -5.21832005e+01],       [ -1.71440095e-01,  -3.00570092e-02,  -9.84735939e-01,          1.70989018e+02],       [  0.00000000e+00,   0.00000000e+00,   0.00000000e+00,          1.00000000e+00]])),{}]
["set_obj_matrix",('Mesh 1', array([[  6.56637374e-01,   7.41679912e-01,  -1.36887790e-01,         -5.23942845e+02],       [  7.34426591e-01,  -6.70090627e-01,  -1.07685346e-01,         -5.06054561e+01],       [ -1.71595283e-01,  -2.98238099e-02,  -9.84715999e-01,          1.70967010e+02],       [  0.00000000e+00,   0.00000000e+00,   0.00000000e+00,          1.00000000e+00]])),{}]
["set_obj_matrix",('Mesh 1', array([[  6.63527213e-01,   7.35375035e-01,  -1.37677870e-01,         -5.24430973e+02],       [  7.28091548e-01,  -6.77036417e-01,  -1.07258510e-01,         -4.55445633e+01],       [ -1.72088163e-01,  -2.90731531e-02,  -9.84652434e-01,          1.70893486e+02],       [  0.00000000e+00,   0.00000000e+00,   0.00000000e+00,          1.00000000e+00]])),{}]
["set_obj_matrix",('Mesh 1', array([[  6.72780882e-01,   7.26715985e-01,  -1.38743510e-01,         -5.25017429e+02],       [  7.19391982e-01,  -6.86365234e-01,  -1.06667435e-01,         -3.86705256e+01],       [ -1.72745652e-01,  -2.80471576e-02,  -9.84567061e-01,          1.70786490e+02],       [  0.00000000e+00,   0.00000000e+00,   0.00000000e+00,          1.00000000e+00]])),{}]
["set_obj_matrix",('Mesh 1', array([[  6.77577021e-01,   7.22139511e-01,  -1.39297908e-01,         -5.25289348e+02],       [  7.14794509e-01,  -6.91200321e-01,  -1.06352837e-01,         -3.50721494e+01],       [ -1.73084344e-01,  -2.75071419e-02,  -9.84522812e-01,          1.70727213e+02],       [  0.00000000e+00,   0.00000000e+00,   0.00000000e+00,          1.00000000e+00]])),{}]
["set_obj_matrix",('Mesh 1', array([[  6.79984229e-01,   7.19819276e-01,  -1.39576711e-01,         -5.25417400e+02],       [  7.12463734e-01,  -6.93627078e-01,  -1.06192769e-01,         -3.32567459e+01],       [ -1.73253789e-01,  -2.72339365e-02,  -9.84500603e-01,          1.70696456e+02],       [  0.00000000e+00,   0.00000000e+00,   0.00000000e+00,          1.00000000e+00]])),{}]
["set_obj_matrix",('Mesh 1', array([[  6.84816436e-01,   7.15113928e-01,  -1.40137500e-01,         -5.25657177e+02],       [  7.07737230e-01,  -6.98498526e-01,  -1.05867006e-01,         -2.95933323e+01],       [ -1.73592807e-01,  -2.66810603e-02,  -9.84456022e-01,          1.70632656e+02],       [  0.00000000e+00,   0.00000000e+00,   0.00000000e+00,          1.00000000e+00]])),{}]
["set_obj_matrix",('Mesh 1', array([[  7.23546731e-01,   6.74940672e-01,  -1.44690073e-01,         -5.26688736e+02],       [  6.67394399e-01,  -7.37543343e-01,  -1.03026858e-01,          7.57983281e-01],       [ -1.76252217e-01,  -2.20205983e-02,  -9.84098699e-01,          1.70015106e+02],       [  0.00000000e+00,   0.00000000e+00,   0.00000000e+00,          1.00000000e+00]])),{}]
["set_obj_matrix",('Mesh 1', array([[  7.35721623e-01,   6.61328614e-01,  -1.46144304e-01,         -5.26657024e+02],       [  6.53729035e-01,  -7.49817105e-01,  -1.02042429e-01,          1.06943820e+01],       [ -1.77065077e-01,  -2.04639530e-02,  -9.83986374e-01,          1.69778519e+02],       [  0.00000000e+00,   0.00000000e+00,   0.00000000e+00,          1.00000000e+00]])),{}]
["set_obj_matrix",('Mesh 1', array([[  7.38165392e-01,   6.58534637e-01,  -1.46437652e-01,         -5.26628314e+02],       [  6.50924358e-01,  -7.52280720e-01,  -1.01839082e-01,          1.27136574e+01],       [ -1.77226785e-01,  -2.01457488e-02,  -9.83963828e-01,          1.69728365e+02],       [  0.00000000e+00,   0.00000000e+00,   0.00000000e+00,          1.00000000e+00]])),{}]
["set_obj_matrix",('Mesh 1', array([[  7.40611715e-01,   6.55716452e-01,  -1.46731807e-01,         -5.26591869e+02],       [  6.48095462e-01,  -7.54746908e-01,  -1.01633538e-01,          1.47436017e+01],       [ -1.77388160e-01,  -1.98252289e-02,  -9.83941259e-01,          1.69677240e+02],       [  0.00000000e+00,   0.00000000e+00,   0.00000000e+00,          1.00000000e+00]])),{}]
["set_obj_matrix",('Mesh 1', array([[  7.45511342e-01,   6.50006864e-01,  -1.47322488e-01,         -5.26495286e+02],       [  6.42364423e-01,  -7.59686324e-01,  -1.01215794e-01,          1.88354873e+01],       [ -1.77709840e-01,  -1.91772030e-02,  -9.83896055e-01,          1.69572031e+02],       [  0.00000000e+00,   0.00000000e+00,   0.00000000e+00,          1.00000000e+00]])),{}]
["set_obj_matrix",('Mesh 1', array([[  7.60253233e-01,   6.32281952e-01,  -1.49112557e-01,         -5.26007067e+02],       [  6.24574966e-01,  -7.74547931e-01,  -9.99080262e-02,          3.13665943e+01],       [ -1.78664864e-01,  -1.71765704e-02,  -9.83760048e-01,          1.69231908e+02],       [  0.00000000e+00,   0.00000000e+00,   0.00000000e+00,          1.00000000e+00]])),{}]
["set_obj_matrix",('Mesh 1', array([[  7.67638990e-01,   6.23077262e-01,  -1.50017018e-01,         -5.25645047e+02],       [  6.15337938e-01,  -7.81993667e-01,  -9.92226061e-02,          3.77751735e+01],       [ -1.79135708e-01,  -1.61440216e-02,  -9.83691907e-01,          1.69047499e+02],       [  0.00000000e+00,   0.00000000e+00,   0.00000000e+00,          1.00000000e+00]])),{}]
["set_obj_matrix",('Mesh 1', array([[  7.72564618e-01,   6.16811611e-01,  -1.50623197e-01,         -5.25357661e+02],       [  6.09050721e-01,  -7.86959295e-01,  -9.87536660e-02,          4.21001568e+01],       [ -1.79446733e-01,  -1.54435783e-02,  -9.83646464e-01,          1.68919035e+02],       [  0.00000000e+00,   0.00000000e+00,   0.00000000e+00,          1.00000000e+00]])),{}]
["set_obj_matrix",('Mesh 1', array([[  7.75027330e-01,   6.13639649e-01,  -1.50927197e-01,         -5.25199763e+02],       [  6.05867977e-01,  -7.89442006e-01,  -9.85155478e-02,          4.42783456e+01],       [ -1.79601315e-01,  -1.50897133e-02,  -9.83623743e-01,          1.68853110e+02],       [  0.00000000e+00,   0.00000000e+00,   0.00000000e+00,          1.00000000e+00]])),{}]
["set_obj_matrix",('Mesh 1', array([[  7.73474170e-01,   6.15643198e-01,  -1.50735400e-01,         -5.25300462e+02],       [  6.07878326e-01,  -7.87876234e-01,  -9.86660094e-02,          4.29033856e+01],       [ -1.79503897e-01,  -1.53131730e-02,  -9.83638073e-01,          1.68894820e+02],       [  0.00000000e+00,   0.00000000e+00,   0.00000000e+00,          1.00000000e+00]])),{}]
["set_obj_matrix",('Mesh 1', array([[  7.71903171e-01,   6.17659052e-01,  -1.50541653e-01,         -5.25398442e+02],       [  6.09901059e-01,  -7.86292477e-01,  -9.88172018e-02,          4.15169373e+01],       [ -1.79405108e-01,  -1.55382019e-02,  -9.83652566e-01,          1.68936547e+02],       [  0.00000000e+00,   0.00000000e+00,   0.00000000e+00,          1.00000000e+00]])),{}]
["set_obj_matrix",('Mesh 1', array([[  7.69412172e-01,   6.20833607e-01,  -1.50234957e-01,         -5.25545906e+02],       [  6.13086520e-01,  -7.83781249e-01,  -9.90549026e-02,          3.93273350e+01],       [ -1.79247954e-01,  -1.58929790e-02,  -9.83675548e-01,          1.69001768e+02],       [  0.00000000e+00,   0.00000000e+00,   0.00000000e+00,          1.00000000e+00]])),{}]
["save_ply",('%s',),{}]