["add_ply",('%s',),{}]
["add_polygon_ray",(array([ 654.11468506,  594.86578369, -418.69067383], dtype=float32), array([ 654.11468506,  594.86578369,  659.57385254], dtype=float32), array([  1.32049319e-13,   0.00000000e+00,   1.07826453e+03], dtype=float32)),{}]
["add_polygon_ray",(array([ 470.8097229 ,  625.05718994, -418.69067383], dtype=float32), array([ 470.8097229 ,  625.05718994,  659.57385254], dtype=float32), array([  1.32049319e-13,   0.00000000e+00,   1.07826453e+03], dtype=float32)),{}]
["add_polygon_ray",(array([ 265.93945312,  605.6484375 , -418.69067383], dtype=float32), array([ 265.93948364,  605.6484375 ,  659.57385254], dtype=float32), array([  1.32049319e-13,   0.00000000e+00,   1.07826453e+03], dtype=float32)),{}]
["add_polygon_ray",(array([ 114.98242188,  579.77008057, -418.69067383], dtype=float32), array([ 114.98242188,  579.77008057,  659.57385254], dtype=float32), array([  1.32049319e-13,   0.00000000e+00,   1.07826453e+03], dtype=float32)),{}]
["add_polygon_ray",(array([  52.44308472,  394.30859375, -418.69067383], dtype=float32), array([  52.44308472,  394.30859375,  659.57385254], dtype=float32), array([  1.32049319e-13,   0.00000000e+00,   1.07826453e+03], dtype=float32)),{}]
["add_polygon_ray",(array([ 168.8956604 ,  120.42938232, -418.69067383], dtype=float32), array([ 168.8956604 ,  120.42938232,  659.57385254], dtype=float32), array([  1.32049319e-13,   0.00000000e+00,   1.07826453e+03], dtype=float32)),{}]
["add_polygon_ray",(array([ 446.1048584 ,   31.2789917 , -420.65875244], dtype=float32), array([ 460.09103394,   27.27526855,  657.50762939], dtype=float32), array([   13.98617268,    -4.00373411,  1078.16638184], dtype=float32)),{}]
["add_polygon_ray",(array([ 664.78442383,  101.91677856, -423.2331543 ], dtype=float32), array([ 678.77056885,   97.91305542,  654.93322754], dtype=float32), array([   13.98617268,    -4.00373411,  1078.16638184], dtype=float32)),{}]
["add_polygon_ray",(array([ 737.52612305,  420.3326416 , -421.89862061], dtype=float32), array([ 747.83972168,  426.41937256,  656.29937744], dtype=float32), array([   10.31361961,     6.08674765,  1078.19799805], dtype=float32)),{}]
["select_region_polygon",(),{}]
["crop_selection",(),{}]
["set_obj_matrix",('Mesh 1', array([[ -9.99986310e-01,  -5.23264662e-03,   1.22463009e-16,          4.10440917e+02],       [ -5.23264662e-03,   9.99986310e-01,   6.40814422e-19,         -4.13731843e+02],       [ -1.22464685e-16,   0.00000000e+00,  -1.00000000e+00,          1.20441574e+02],       [  0.00000000e+00,   0.00000000e+00,   0.00000000e+00,          1.00000000e+00]])),{}]
["set_obj_matrix",('Mesh 1', array([[ -8.92519205e-01,  -4.51009388e-01,   1.09302084e-16,          5.51952180e+02],       [ -4.51009388e-01,   8.92519205e-01,   5.52327227e-17,         -1.87041640e+02],       [ -1.22464685e-16,   0.00000000e+00,  -1.00000000e+00,          1.20441574e+02],       [  0.00000000e+00,   0.00000000e+00,   0.00000000e+00,          1.00000000e+00]])),{}]
["set_obj_matrix",('Mesh 1', array([[ -5.94134612e-01,  -8.04365628e-01,   7.27605082e-17,          5.77082214e+02],       [ -8.04365628e-01,   5.94134612e-01,   9.85063835e-17,          8.13136045e+01],       [ -1.22464685e-16,   0.00000000e+00,  -1.00000000e+00,          1.20441574e+02],       [  0.00000000e+00,   0.00000000e+00,   0.00000000e+00,          1.00000000e+00]])),{}]
["set_obj_matrix",('Mesh 1', array([[ -4.99317960e-01,  -8.66418822e-01,   6.11488169e-17,          5.64177685e+02],       [ -8.66418822e-01,   4.99317960e-01,   1.06105708e-16,          1.46079853e+02],       [ -1.22464685e-16,   0.00000000e+00,  -1.00000000e+00,          1.20441574e+02],       [  0.00000000e+00,   0.00000000e+00,   0.00000000e+00,          1.00000000e+00]])),{}]
["set_obj_matrix",('Mesh 1', array([[ -2.23034942e-01,  -9.74810451e-01,   2.73139040e-17,          4.96456757e+02],       [ -9.74810451e-01,   2.23034942e-01,   1.19379855e-16,          3.05231834e+02],       [ -1.22464685e-16,   0.00000000e+00,  -1.00000000e+00,          1.20441574e+02],       [  0.00000000e+00,   0.00000000e+00,   0.00000000e+00,          1.00000000e+00]])),{}]
["set_obj_matrix",('Mesh 1', array([[  6.41973649e-01,  -7.66726701e-01,  -7.86191009e-17,          5.67627718e+01],       [ -7.66726701e-01,  -6.41973649e-01,   9.38969441e-17,          5.80011872e+02],       [ -1.22464685e-16,   0.00000000e+00,  -1.00000000e+00,          1.20441574e+02],       [  0.00000000e+00,   0.00000000e+00,   0.00000000e+00,          1.00000000e+00]])),{}]
["set_obj_matrix",('Mesh 1', array([[  8.59145461e-01,  -5.11731450e-01,  -1.05214978e-16,         -1.37947910e+02],       [ -5.11731450e-01,  -8.59145461e-01,   6.26690309e-17,          5.66220945e+02],       [ -1.22464685e-16,   0.00000000e+00,  -1.00000000e+00,          1.20441574e+02],       [  0.00000000e+00,   0.00000000e+00,   0.00000000e+00,          1.00000000e+00]])),{}]
["set_obj_matrix",('Mesh 1', array([[  8.83725871e-01,  -4.68004898e-01,  -1.08225211e-16,         -1.66168094e+02],       [ -4.68004898e-01,  -8.83725871e-01,   5.73140726e-17,          5.58591039e+02],       [ -1.22464685e-16,   0.00000000e+00,  -1.00000000e+00,          1.20441574e+02],       [  0.00000000e+00,   0.00000000e+00,   0.00000000e+00,          1.00000000e+00]])),{}]
["set_obj_matrix",('Mesh 1', array([[  8.87432078e-01,  -4.60938506e-01,  -1.08679090e-16,         -1.70619956e+02],       [ -4.60938506e-01,  -8.87432078e-01,   5.64486891e-17,          5.57247355e+02],       [ -1.22464685e-16,   0.00000000e+00,  -1.00000000e+00,          1.20441574e+02],       [  0.00000000e+00,   0.00000000e+00,   0.00000000e+00,          1.00000000e+00]])),{}]
["set_obj_matrix",('Mesh 1', array([[  8.88270883e-01,  -4.59319974e-01,  -1.08781814e-16,         -1.71635521e+02],       [ -4.59319974e-01,  -8.88270883e-01,   5.62504760e-17,          5.56935393e+02],       [ -1.22464685e-16,   0.00000000e+00,  -1.00000000e+00,          1.20441574e+02],       [  0.00000000e+00,   0.00000000e+00,   0.00000000e+00,          1.00000000e+00]])),{}]
["set_obj_matrix",('Mesh 1', array([[  9.18520392e-01,  -3.95373607e-01,  -1.12486311e-16,         -2.10579122e+02],       [ -3.95373607e-01,  -9.18520392e-01,   4.84193044e-17,          5.43407966e+02],       [ -1.22464685e-16,   0.00000000e+00,  -1.00000000e+00,          1.20441574e+02],       [  0.00000000e+00,   0.00000000e+00,   0.00000000e+00,          1.00000000e+00]])),{}]
["set_obj_matrix",('Mesh 1', array([[  9.63074942e-01,  -2.69233461e-01,  -1.17942670e-16,         -2.81227817e+02],       [ -2.69233461e-01,  -9.63074942e-01,   3.29715910e-17,          5.10437753e+02],       [ -1.22464685e-16,   0.00000000e+00,  -1.00000000e+00,          1.20441574e+02],       [  0.00000000e+00,   0.00000000e+00,   0.00000000e+00,          1.00000000e+00]])),{}]
["set_obj_matrix",('Mesh 1', array([[  9.65679272e-01,  -2.59737451e-01,  -1.18261608e-16,         -2.86240230e+02],       [ -2.59737451e-01,  -9.65679272e-01,   3.18086652e-17,          5.07643886e+02],       [ -1.22464685e-16,   0.00000000e+00,  -1.00000000e+00,          1.20441574e+02],       [  0.00000000e+00,   0.00000000e+00,   0.00000000e+00,          1.00000000e+00]])),{}]
["transform_mesh",(array([[ 0.,  1.,  0.],       [ 1.,  0.,  0.],       [ 0.,  0.,  1.]], dtype=float32), array([ 0.,  0.,  0.], dtype=float32)),{'reverse': True}]
["set_obj_matrix",('Mesh 1', array([[  9.62400447e-01,  -2.71634644e-01,  -1.17860068e-16,         -2.79953851e+02],       [ -2.71634644e-01,  -9.62400447e-01,   3.32656512e-17,          5.11137580e+02],       [ -1.22464685e-16,   0.00000000e+00,  -1.00000000e+00,          1.20441574e+02],       [  0.00000000e+00,   0.00000000e+00,   0.00000000e+00,          1.00000000e+00]])),{}]
["set_obj_matrix",('Mesh 1', array([[  8.37325998e-01,  -5.46703918e-01,  -1.02542865e-16,         -1.14495533e+02],       [ -5.46703918e-01,  -8.37325998e-01,   6.69519232e-17,          5.71425023e+02],       [ -1.22464685e-16,   0.00000000e+00,  -1.00000000e+00,          1.20441574e+02],       [  0.00000000e+00,   0.00000000e+00,   0.00000000e+00,          1.00000000e+00]])),{}]
["set_obj_matrix",('Mesh 1', array([[  3.48135670e-01,  -9.37444161e-01,  -4.26343252e-17,          2.47725048e+02],       [ -9.37444161e-01,  -3.48135670e-01,   1.14803804e-16,          5.27511218e+02],       [ -1.22464685e-16,   0.00000000e+00,  -1.00000000e+00,          1.20441574e+02],       [  0.00000000e+00,   0.00000000e+00,   0.00000000e+00,          1.00000000e+00]])),{}]
["set_obj_matrix",('Mesh 1', array([[ -1.79267895e-01,  -9.83800296e-01,   2.19539863e-17,          4.82326610e+02],       [ -9.83800296e-01,   1.79267895e-01,   1.20480794e-16,          3.27103693e+02],       [ -1.22464685e-16,   0.00000000e+00,  -1.00000000e+00,          1.20441574e+02],       [  0.00000000e+00,   0.00000000e+00,   0.00000000e+00,          1.00000000e+00]])),{}]
["set_obj_matrix",('Mesh 1', array([[ -3.51137921e-01,  -9.36323748e-01,   4.30019950e-17,          5.32751796e+02],       [ -9.36323748e-01,   3.51137921e-01,   1.14666593e-16,          2.36244171e+02],       [ -1.22464685e-16,   0.00000000e+00,  -1.00000000e+00,          1.20441574e+02],       [  0.00000000e+00,   0.00000000e+00,   0.00000000e+00,          1.00000000e+00]])),{}]
["set_obj_matrix",('Mesh 1', array([[ -3.48245922e-01,  -9.37403210e-01,   4.26478272e-17,          5.32019998e+02],       [ -9.37403210e-01,   3.48245922e-01,   1.14798789e-16,          2.37887591e+02],       [ -1.22464685e-16,   0.00000000e+00,  -1.00000000e+00,          1.20441574e+02],       [  0.00000000e+00,   0.00000000e+00,   0.00000000e+00,          1.00000000e+00]])),{}]
["set_obj_matrix",('Mesh 1', array([[ -3.37457023e-01,  -9.41340936e-01,   4.13265681e-17,          5.29252808e+02],       [ -9.41340936e-01,   3.37457023e-01,   1.15281021e-16,          2.43982069e+02],       [ -1.22464685e-16,   0.00000000e+00,  -1.00000000e+00,          1.20441574e+02],       [  0.00000000e+00,   0.00000000e+00,   0.00000000e+00,          1.00000000e+00]])),{}]
["set_obj_matrix",('Mesh 1', array([[ -1.84121158e-01,  -9.82903555e-01,   2.25483397e-17,          4.83935123e+02],       [ -9.82903555e-01,   1.84121158e-01,   1.20370975e-16,          3.24719235e+02],       [ -1.22464685e-16,   0.00000000e+00,  -1.00000000e+00,          1.20441574e+02],       [  0.00000000e+00,   0.00000000e+00,   0.00000000e+00,          1.00000000e+00]])),{}]
["set_obj_matrix",('Mesh 1', array([[  2.95100010e-02,  -9.99564485e-01,  -3.61393299e-18,          4.03644692e+02],       [ -9.99564485e-01,  -2.95100010e-02,   1.22411350e-16,          4.20365016e+02],       [ -1.22464685e-16,   0.00000000e+00,  -1.00000000e+00,          1.20441574e+02],       [  0.00000000e+00,   0.00000000e+00,   0.00000000e+00,          1.00000000e+00]])),{}]
["set_obj_matrix",('Mesh 1', array([[  3.64888332e-02,  -9.99334061e-01,  -4.46859347e-18,          4.00699614e+02],       [ -9.99334061e-01,  -3.64888332e-02,   1.22383131e-16,          4.23173255e+02],       [ -1.22464685e-16,   0.00000000e+00,  -1.00000000e+00,          1.20441574e+02],       [  0.00000000e+00,   0.00000000e+00,   0.00000000e+00,          1.00000000e+00]])),{}]
["set_obj_matrix",('Mesh 1', array([[  5.04503617e-02,  -9.98726570e-01,  -6.17838767e-18,          3.94746896e+02],       [ -9.98726570e-01,  -5.04503617e-02,   1.22308735e-16,          4.28731469e+02],       [ -1.22464685e-16,   0.00000000e+00,  -1.00000000e+00,          1.20441574e+02],       [  0.00000000e+00,   0.00000000e+00,   0.00000000e+00,          1.00000000e+00]])),{}]
["set_obj_matrix",('Mesh 1', array([[  7.13869597e-02,  -9.97448696e-01,  -8.74238155e-18,          3.85667669e+02],       [ -9.97448696e-01,  -7.13869597e-02,   1.22152241e-16,          4.36916735e+02],       [ -1.22464685e-16,   0.00000000e+00,  -1.00000000e+00,          1.20441574e+02],       [  0.00000000e+00,   0.00000000e+00,   0.00000000e+00,          1.00000000e+00]])),{}]
["set_obj_matrix",('Mesh 1', array([[  8.55265648e-02,  -9.96335891e-01,  -1.04739838e-17,          3.79432100e+02],       [ -9.96335891e-01,  -8.55265648e-02,   1.22015961e-16,          4.42342702e+02],       [ -1.22464685e-16,   0.00000000e+00,  -1.00000000e+00,          1.20441574e+02],       [  0.00000000e+00,   0.00000000e+00,   0.00000000e+00,          1.00000000e+00]])),{}]
["set_obj_matrix",('Mesh 1', array([[  8.56274898e-02,  -9.96327222e-01,  -1.04863436e-17,          3.79387290e+02],       [ -9.96327222e-01,  -8.56274898e-02,   1.22014900e-16,          4.42381135e+02],       [ -1.22464685e-16,   0.00000000e+00,  -1.00000000e+00,          1.20441574e+02],       [  0.00000000e+00,   0.00000000e+00,   0.00000000e+00,          1.00000000e+00]])),{}]
["set_obj_matrix",('Mesh 1', array([[  7.85095905e-02,  -9.96913358e-01,  -9.61465229e-18,          3.82537076e+02],       [ -9.96913358e-01,  -7.85095905e-02,   1.22086681e-16,          4.39660289e+02],       [ -1.22464685e-16,   0.00000000e+00,  -1.00000000e+00,          1.20441574e+02],       [  0.00000000e+00,   0.00000000e+00,   0.00000000e+00,          1.00000000e+00]])),{}]
["set_obj_matrix",('Mesh 1', array([[  7.13869597e-02,  -9.97448696e-01,  -8.74238155e-18,          3.85667669e+02],       [ -9.97448696e-01,  -7.13869597e-02,   1.22152241e-16,          4.36916735e+02],       [ -1.22464685e-16,   0.00000000e+00,  -1.00000000e+00,          1.20441574e+02],       [  0.00000000e+00,   0.00000000e+00,   0.00000000e+00,          1.00000000e+00]])),{}]
["save_ply",('%s',),{}]