["add_ply",('%s',),{}]
["set_obj_matrix",('Mesh 1', array([[-9.99994814e-01, -3.22069307e-03,  1.22464050e-16,         5.86381968e+02],       [-3.22069307e-03,  9.99994814e-01,  3.94421163e-19,        -5.39046735e+02],       [-1.22464685e-16,  0.00000000e+00, -1.00000000e+00,         2.00567017e+02],       [ 0.00000000e+00,  0.00000000e+00,  0.00000000e+00,         1.00000000e+00]])),{}]
["set_obj_matrix",('Mesh 1', array([[-9.99962695e-01, -8.63767277e-03,  1.22460117e-16,         5.89293410e+02],       [-8.63767277e-03,  9.99962695e-01,  1.05780988e-18,        -5.35862362e+02],       [-1.22464685e-16,  0.00000000e+00, -1.00000000e+00,         2.00567017e+02],       [ 0.00000000e+00,  0.00000000e+00,  0.00000000e+00,         1.00000000e+00]])),{}]
["set_obj_matrix",('Mesh 1', array([[-9.99809807e-01, -1.95025382e-02,  1.22441393e-16,         5.95081184e+02],       [-1.95025382e-02,  9.99809807e-01,  2.38837220e-18,        -5.29427595e+02],       [-1.22464685e-16,  0.00000000e+00, -1.00000000e+00,         2.00567017e+02],       [ 0.00000000e+00,  0.00000000e+00,  0.00000000e+00,         1.00000000e+00]])),{}]
["set_obj_matrix",('Mesh 1', array([[-9.99510891e-01, -3.12726676e-02,  1.22404787e-16,         6.01273270e+02],       [-3.12726676e-02,  9.99510891e-01,  3.82979739e-18,        -5.22384579e+02],       [-1.22464685e-16,  0.00000000e+00, -1.00000000e+00,         2.00567017e+02],       [ 0.00000000e+00,  0.00000000e+00,  0.00000000e+00,         1.00000000e+00]])),{}]
["set_obj_matrix",('Mesh 1', array([[-9.93205180e-01, -1.16376421e-01,  1.21632560e-16,         6.43622067e+02],       [-1.16376421e-01,  9.93205180e-01,  1.42520018e-17,        -4.69218317e+02],       [-1.22464685e-16,  0.00000000e+00, -1.00000000e+00,         2.00567017e+02],       [ 0.00000000e+00,  0.00000000e+00,  0.00000000e+00,         1.00000000e+00]])),{}]
["set_obj_matrix",('Mesh 1', array([[-9.74671625e-01, -2.23640835e-01,  1.19362854e-16,         6.90809365e+02],       [-2.23640835e-01,  9.74671625e-01,  2.73881045e-17,        -3.96481545e+02],       [-1.22464685e-16,  0.00000000e+00, -1.00000000e+00,         2.00567017e+02],       [ 0.00000000e+00,  0.00000000e+00,  0.00000000e+00,         1.00000000e+00]])),{}]
["set_obj_matrix",('Mesh 1', array([[-9.40455746e-01, -3.39916151e-01,  1.15172617e-16,         7.33702393e+02],       [-3.39916151e-01,  9.40455746e-01,  4.16277245e-17,        -3.09993535e+02],       [-1.22464685e-16,  0.00000000e+00, -1.00000000e+00,         2.00567017e+02],       [ 0.00000000e+00,  0.00000000e+00,  0.00000000e+00,         1.00000000e+00]])),{}]
["set_obj_matrix",('Mesh 1', array([[-8.96468033e-01, -4.43108413e-01,  1.09785676e-16,         7.63805340e+02],       [-4.43108413e-01,  8.96468033e-01,  5.42651323e-17,        -2.25868537e+02],       [-1.22464685e-16,  0.00000000e+00, -1.00000000e+00,         2.00567017e+02],       [ 0.00000000e+00,  0.00000000e+00,  0.00000000e+00,         1.00000000e+00]])),{}]
["set_obj_matrix",('Mesh 1', array([[-8.46968546e-01, -5.31643003e-01,  1.03723736e-16,         7.82757057e+02],       [-5.31643003e-01,  8.46968546e-01,  6.51074931e-17,        -1.47331543e+02],       [-1.22464685e-16,  0.00000000e+00, -1.00000000e+00,         2.00567017e+02],       [ 0.00000000e+00,  0.00000000e+00,  0.00000000e+00,         1.00000000e+00]])),{}]
["set_obj_matrix",('Mesh 1', array([[-8.05026107e-01, -5.93239384e-01,  9.85872688e-17,         7.91555196e+02],       [-5.93239384e-01,  8.05026107e-01,  7.26508745e-17,        -8.86316329e+01],       [-1.22464685e-16,  0.00000000e+00, -1.00000000e+00,         2.00567017e+02],       [ 0.00000000e+00,  0.00000000e+00,  0.00000000e+00,         1.00000000e+00]])),{}]
["set_obj_matrix",('Mesh 1', array([[-7.51296645e-01, -6.59964659e-01,  9.20073072e-17,         7.96236521e+02],       [-6.59964659e-01,  7.51296645e-01,  8.08223643e-17,        -2.05571678e+01],       [-1.22464685e-16,  0.00000000e+00, -1.00000000e+00,         2.00567017e+02],       [ 0.00000000e+00,  0.00000000e+00,  0.00000000e+00,         1.00000000e+00]])),{}]
["set_obj_matrix",('Mesh 1', array([[-7.09610509e-01, -7.04594157e-01,  8.69022276e-17,         7.96006566e+02],       [-7.04594157e-01,  7.09610509e-01,  8.62879016e-17,         2.80845330e+01],       [-1.22464685e-16,  0.00000000e+00, -1.00000000e+00,         2.00567017e+02],       [ 0.00000000e+00,  0.00000000e+00,  0.00000000e+00,         1.00000000e+00]])),{}]
["set_obj_matrix",('Mesh 1', array([[-6.85015729e-01, -7.28528277e-01,  8.38902357e-17,         7.94574148e+02],       [-7.28528277e-01,  6.85015729e-01,  8.92189862e-17,         5.53815607e+01],       [-1.22464685e-16,  0.00000000e+00, -1.00000000e+00,         2.00567017e+02],       [ 0.00000000e+00,  0.00000000e+00,  0.00000000e+00,         1.00000000e+00]])),{}]
["set_obj_matrix",('Mesh 1', array([[-6.65849775e-01, -7.46085837e-01,  8.15430832e-17,         7.92866365e+02],       [-7.46085837e-01,  6.65849775e-01,  9.13691672e-17,         7.60139491e+01],       [-1.22464685e-16,  0.00000000e+00, -1.00000000e+00,         2.00567017e+02],       [ 0.00000000e+00,  0.00000000e+00,  0.00000000e+00,         1.00000000e+00]])),{}]
["set_obj_matrix",('Mesh 1', array([[-6.52744164e-01, -7.57578416e-01,  7.99381085e-17,         7.91420973e+02],       [-7.57578416e-01,  6.52744164e-01,  9.27766023e-17,         8.98222544e+01],       [-1.22464685e-16,  0.00000000e+00, -1.00000000e+00,         2.00567017e+02],       [ 0.00000000e+00,  0.00000000e+00,  0.00000000e+00,         1.00000000e+00]])),{}]
["set_obj_matrix",('Mesh 1', array([[-6.42408857e-01, -7.66362095e-01,  7.86723985e-17,         7.90129887e+02],       [-7.66362095e-01,  6.42408857e-01,  9.38522927e-17,         1.00548272e+02],       [-1.22464685e-16,  0.00000000e+00, -1.00000000e+00,         2.00567017e+02],       [ 0.00000000e+00,  0.00000000e+00,  0.00000000e+00,         1.00000000e+00]])),{}]
["set_obj_matrix",('Mesh 1', array([[-6.32316093e-01, -7.74710500e-01,  7.74363914e-17,         7.88745149e+02],       [-7.74710500e-01,  6.32316093e-01,  9.48746775e-17,         1.10888611e+02],       [-1.22464685e-16,  0.00000000e+00, -1.00000000e+00,         2.00567017e+02],       [ 0.00000000e+00,  0.00000000e+00,  0.00000000e+00,         1.00000000e+00]])),{}]
["set_obj_matrix",('Mesh 1', array([[-6.18412485e-01, -7.85853675e-01,  7.57336904e-17,         7.86644210e+02],       [-7.85853675e-01,  6.18412485e-01,  9.62393229e-17,         1.24924302e+02],       [-1.22464685e-16,  0.00000000e+00, -1.00000000e+00,         2.00567017e+02],       [ 0.00000000e+00,  0.00000000e+00,  0.00000000e+00,         1.00000000e+00]])),{}]
["set_obj_matrix",('Mesh 1', array([[-6.14975737e-01, -7.88546031e-01,  7.53128101e-17,         7.86091323e+02],       [-7.88546031e-01,  6.14975737e-01,  9.65690414e-17,         1.28357417e+02],       [-1.22464685e-16,  0.00000000e+00, -1.00000000e+00,         2.00567017e+02],       [ 0.00000000e+00,  0.00000000e+00,  0.00000000e+00,         1.00000000e+00]])),{}]
["set_obj_matrix",('Mesh 1', array([[-6.08061298e-01, -7.93890079e-01,  7.44660355e-17,         7.84939615e+02],       [-7.93890079e-01,  6.08061298e-01,  9.72234987e-17,         1.35222022e+02],       [-1.22464685e-16,  0.00000000e+00, -1.00000000e+00,         2.00567017e+02],       [ 0.00000000e+00,  0.00000000e+00,  0.00000000e+00,         1.00000000e+00]])),{}]
["set_obj_matrix",('Mesh 1', array([[-6.04583961e-01, -7.96541420e-01,  7.40401845e-17,         7.84340811e+02],       [-7.96541420e-01,  6.04583961e-01,  9.75481943e-17,         1.38653113e+02],       [-1.22464685e-16,  0.00000000e+00, -1.00000000e+00,         2.00567017e+02],       [ 0.00000000e+00,  0.00000000e+00,  0.00000000e+00,         1.00000000e+00]])),{}]
["set_obj_matrix",('Mesh 1', array([[-6.00925460e-01, -7.99305068e-01,  7.35921474e-17,         7.83696842e+02],       [-7.99305068e-01,  6.00925460e-01,  9.78866435e-17,         1.42247862e+02],       [-1.22464685e-16,  0.00000000e+00, -1.00000000e+00,         2.00567017e+02],       [ 0.00000000e+00,  0.00000000e+00,  0.00000000e+00,         1.00000000e+00]])),{}]
["set_obj_matrix",('Mesh 1', array([[-5.93935218e-01, -8.04512869e-01,  7.27360896e-17,         7.82427116e+02],       [-8.04512869e-01,  5.93935218e-01,  9.85244153e-17,         1.49073815e+02],       [-1.22464685e-16,  0.00000000e+00, -1.00000000e+00,         2.00567017e+02],       [ 0.00000000e+00,  0.00000000e+00,  0.00000000e+00,         1.00000000e+00]])),{}]
["set_obj_matrix",('Mesh 1', array([[-5.79729036e-01, -8.14809330e-01,  7.09963340e-17,         7.79691264e+02],       [-8.14809330e-01,  5.79729036e-01,  9.97853682e-17,         1.62778152e+02],       [-1.22464685e-16,  0.00000000e+00, -1.00000000e+00,         2.00567017e+02],       [ 0.00000000e+00,  0.00000000e+00,  0.00000000e+00,         1.00000000e+00]])),{}]
["set_obj_matrix",('Mesh 1', array([[-5.61883036e-01, -8.27216691e-01,  6.88108291e-17,         7.75969273e+02],       [-8.27216691e-01,  5.61883036e-01,  1.01304832e-16,         1.79685509e+02],       [-1.22464685e-16,  0.00000000e+00, -1.00000000e+00,         2.00567017e+02],       [ 0.00000000e+00,  0.00000000e+00,  0.00000000e+00,         1.00000000e+00]])),{}]
["set_obj_matrix",('Mesh 1', array([[-5.47413880e-01, -8.36862022e-01,  6.70388685e-17,         7.72727457e+02],       [-8.36862022e-01,  5.47413880e-01,  1.02486044e-16,         1.93151419e+02],       [-1.22464685e-16,  0.00000000e+00, -1.00000000e+00,         2.00567017e+02],       [ 0.00000000e+00,  0.00000000e+00,  0.00000000e+00,         1.00000000e+00]])),{}]
["set_obj_matrix",('Mesh 1', array([[-5.32788087e-01, -8.46248695e-01,  6.52477254e-17,         7.69254149e+02],       [-8.46248695e-01,  5.32788087e-01,  1.03635580e-16,         2.06550836e+02],       [-1.22464685e-16,  0.00000000e+00, -1.00000000e+00,         2.00567017e+02],       [ 0.00000000e+00,  0.00000000e+00,  0.00000000e+00,         1.00000000e+00]])),{}]
["set_obj_matrix",('Mesh 1', array([[-5.03380599e-01, -8.64064796e-01,  6.16463466e-17,         7.61698580e+02],       [-8.64064796e-01,  5.03380599e-01,  1.05817423e-16,         2.32874358e+02],       [-1.22464685e-16,  0.00000000e+00, -1.00000000e+00,         2.00567017e+02],       [ 0.00000000e+00,  0.00000000e+00,  0.00000000e+00,         1.00000000e+00]])),{}]
["set_obj_matrix",('Mesh 1', array([[-4.73390320e-01, -8.80852772e-01,  5.79735965e-17,         7.53246140e+02],       [-8.80852772e-01,  4.73390320e-01,  1.07873357e-16,         2.58912043e+02],       [-1.22464685e-16,  0.00000000e+00, -1.00000000e+00,         2.00567017e+02],       [ 0.00000000e+00,  0.00000000e+00,  0.00000000e+00,         1.00000000e+00]])),{}]
["set_obj_matrix",('Mesh 1', array([[-4.46865337e-01, -8.94601235e-01,  5.47252229e-17,         7.45175490e+02],       [-8.94601235e-01,  4.46865337e-01,  1.09557059e-16,         2.81298209e+02],       [-1.22464685e-16,  0.00000000e+00, -1.00000000e+00,         2.00567017e+02],       [ 0.00000000e+00,  0.00000000e+00,  0.00000000e+00,         1.00000000e+00]])),{}]
["set_obj_matrix",('Mesh 1', array([[-4.31620959e-01, -9.02055069e-01,  5.28583248e-17,         7.40294995e+02],       [-9.02055069e-01,  4.31620959e-01,  1.10469890e-16,         2.93902220e+02],       [-1.22464685e-16,  0.00000000e+00, -1.00000000e+00,         2.00567017e+02],       [ 0.00000000e+00,  0.00000000e+00,  0.00000000e+00,         1.00000000e+00]])),{}]
["set_obj_matrix",('Mesh 1', array([[-4.27802213e-01, -9.03872373e-01,  5.23906634e-17,         7.39045431e+02],       [-9.03872373e-01,  4.27802213e-01,  1.10692446e-16,         2.97030376e+02],       [-1.22464685e-16,  0.00000000e+00, -1.00000000e+00,         2.00567017e+02],       [ 0.00000000e+00,  0.00000000e+00,  0.00000000e+00,         1.00000000e+00]])),{}]
["set_obj_matrix",('Mesh 1', array([[-4.28394954e-01, -9.03591591e-01,  5.24632532e-17,         7.39240089e+02],       [-9.03591591e-01,  4.28394954e-01,  1.10658060e-16,         2.96545587e+02],       [-1.22464685e-16,  0.00000000e+00, -1.00000000e+00,         2.00567017e+02],       [ 0.00000000e+00,  0.00000000e+00,  0.00000000e+00,         1.00000000e+00]])),{}]
["set_obj_matrix",('Mesh 1', array([[-4.28982544e-01, -9.03312779e-01,  5.25352122e-17,         7.39432801e+02],       [-9.03312779e-01,  4.28982544e-01,  1.10623915e-16,         2.96064735e+02],       [-1.22464685e-16,  0.00000000e+00, -1.00000000e+00,         2.00567017e+02],       [ 0.00000000e+00,  0.00000000e+00,  0.00000000e+00,         1.00000000e+00]])),{}]
["set_obj_matrix",('Mesh 1', array([[-4.29565049e-01, -9.03035918e-01,  5.26065485e-17,         7.39623595e+02],       [-9.03035918e-01,  4.29565049e-01,  1.10590009e-16,         2.95587774e+02],       [-1.22464685e-16,  0.00000000e+00, -1.00000000e+00,         2.00567017e+02],       [ 0.00000000e+00,  0.00000000e+00,  0.00000000e+00,         1.00000000e+00]])),{}]
["save_ply",('%s',),{}]