["add_ply",('%s',),{}]
["add_polygon_ray",(array([ 656.36212158,  180.33409119, -301.12512207], dtype=float32), array([ 656.36212158,  180.33409119,  473.86004639], dtype=float32), array([  9.49083138e-14,   0.00000000e+00,   7.74985168e+02], dtype=float32)),{}]
["add_polygon_ray",(array([ 614.51293945,  259.38256836, -301.12512207], dtype=float32), array([ 614.51293945,  259.38256836,  473.86004639], dtype=float32), array([  9.49083138e-14,   0.00000000e+00,   7.74985168e+02], dtype=float32)),{}]
["add_polygon_ray",(array([ 564.91381836,  322.93136597, -301.12512207], dtype=float32), array([ 564.91381836,  322.93136597,  473.86004639], dtype=float32), array([  9.49083138e-14,   0.00000000e+00,   7.74985168e+02], dtype=float32)),{}]
["add_polygon_ray",(array([ 550.96411133,  401.9798584 , -301.12512207], dtype=float32), array([ 550.96411133,  401.9798584 ,  473.86004639], dtype=float32), array([  9.49083138e-14,   0.00000000e+00,   7.74985168e+02], dtype=float32)),{}]
["add_polygon_ray",(array([ 555.61401367,  530.62738037, -301.12512207], dtype=float32), array([ 555.61401367,  530.62738037,  473.86004639], dtype=float32), array([  9.49083138e-14,   0.00000000e+00,   7.74985168e+02], dtype=float32)),{}]
["add_polygon_ray",(array([ 461.06582642,  629.82550049, -301.12512207], dtype=float32), array([ 461.06582642,  629.82550049,  473.86004639], dtype=float32), array([  9.49083138e-14,   0.00000000e+00,   7.74985168e+02], dtype=float32)),{}]
["add_polygon_ray",(array([ 344.8180542 ,  660.82489014, -301.12512207], dtype=float32), array([ 344.8180542 ,  660.82489014,  473.86004639], dtype=float32), array([  9.49083138e-14,   0.00000000e+00,   7.74985168e+02], dtype=float32)),{}]
["add_polygon_ray",(array([ 172.61346436,  626.59008789, -303.36682129], dtype=float32), array([ 163.88717651,  624.8604126 ,  471.56732178], dtype=float32), array([  -8.72627735,   -1.72962248,  774.93414307], dtype=float32)),{}]
["add_polygon_ray",(array([  79.89743042,  541.15612793, -304.6015625 ], dtype=float32), array([  71.1711731 ,  539.42651367,  470.33258057], dtype=float32), array([  -8.72627735,   -1.72962248,  774.93414307], dtype=float32)),{}]
["add_polygon_ray",(array([  44.13076782,  428.52615356, -305.25570679], dtype=float32), array([  35.40447998,  426.79653931,  469.67843628], dtype=float32), array([  -8.72627735,   -1.72962248,  774.93414307], dtype=float32)),{}]
["add_polygon_ray",(array([  46.37319946,  265.7286377 , -305.59381104], dtype=float32), array([  37.64691162,  263.99902344,  469.34033203], dtype=float32), array([  -8.72627735,   -1.72962248,  774.93414307], dtype=float32)),{}]
["add_polygon_ray",(array([ 101.62640381,  123.84762573, -305.28829956], dtype=float32), array([  92.90011597,  122.11798096,  469.64584351], dtype=float32), array([  -8.72627735,   -1.72962248,  774.93414307], dtype=float32)),{}]
["add_polygon_ray",(array([ 300.34616089,   40.29620361, -303.23706055], dtype=float32), array([ 291.61987305,   38.56658936,  471.69708252], dtype=float32), array([  -8.72627735,   -1.72962248,  774.93414307], dtype=float32)),{}]
["add_polygon_ray",(array([ 468.83837891,   13.23950195, -279.07058716], dtype=float32), array([ 474.95358276,   58.82397461,  494.54864502], dtype=float32), array([   6.11521578,   45.58448792,  773.61920166], dtype=float32)),{}]
["add_polygon_ray",(array([ 622.52209473,   31.35321045, -281.35272217], dtype=float32), array([ 628.6373291 ,   76.93771362,  492.26651001], dtype=float32), array([   6.11521578,   45.58448792,  773.61920166], dtype=float32)),{}]
["select_region_polygon",(),{}]
["crop_selection",(),{}]
["set_obj_matrix",('Mesh 1', array([[ -9.99988139e-01,  -4.86201995e-03,   2.86394323e-04,          4.14964162e+02],       [ -4.86200894e-03,   9.99988180e-01,   3.91291462e-05,         -4.04620243e+02],       [ -2.86581184e-04,   3.77362303e-05,  -9.99999958e-01,          8.64704767e+01],       [  0.00000000e+00,   0.00000000e+00,   0.00000000e+00,          1.00000000e+00]])),{}]
["set_obj_matrix",('Mesh 1', array([[ -9.99565324e-01,  -2.94307177e-02,   1.73073003e-03,          4.24655153e+02],       [ -2.94303142e-02,   9.99566801e-01,   2.58163004e-04,         -3.94320693e+02],       [ -1.73757821e-03,   2.07114858e-04,  -9.99998469e-01,          8.70007598e+01],       [  0.00000000e+00,   0.00000000e+00,   0.00000000e+00,          1.00000000e+00]])),{}]
["set_obj_matrix",('Mesh 1', array([[ -9.78162208e-01,  -2.07493142e-01,   1.20536374e-02,          4.87329225e+02],       [ -2.07472869e-01,   9.78236407e-01,   2.92239834e-03,         -3.12342665e+02],       [ -1.23976845e-02,   3.57776884e-04,  -9.99923082e-01,          9.13357876e+01],       [  0.00000000e+00,   0.00000000e+00,   0.00000000e+00,          1.00000000e+00]])),{}]
["set_obj_matrix",('Mesh 1', array([[ -8.49675358e-01,  -5.26461577e-01,   2.98327814e-02,          5.62428522e+02],       [ -5.26322027e-01,   8.50186119e-01,   1.29879936e-02,         -1.29452903e+02],       [ -3.22010962e-02,  -4.66607183e-03,  -9.99470518e-01,          1.01518688e+02],       [  0.00000000e+00,   0.00000000e+00,   0.00000000e+00,          1.00000000e+00]])),{}]
["set_obj_matrix",('Mesh 1', array([[ -6.53842995e-01,  -7.55475903e-01,   4.17791539e-02,          5.73638738e+02],       [ -7.55154557e-01,   6.55019139e-01,   2.62967979e-02,          4.32700206e+01],       [ -4.72327426e-02,  -1.43557413e-02,  -9.98780747e-01,          1.11607544e+02],       [  0.00000000e+00,   0.00000000e+00,   0.00000000e+00,          1.00000000e+00]])),{}]
["set_obj_matrix",('Mesh 1', array([[ -4.84695906e-01,  -8.73397973e-01,   4.73905012e-02,          5.51244141e+02],       [ -8.72919604e-01,   4.86446764e-01,   3.71605970e-02,          1.59517224e+02],       [ -5.55089461e-02,  -2.33565083e-02,  -9.98184968e-01,          1.18634279e+02],       [  0.00000000e+00,   0.00000000e+00,   0.00000000e+00,          1.00000000e+00]])),{}]
["set_obj_matrix",('Mesh 1', array([[ -3.43603057e-01,  -9.37779321e-01,   5.00687923e-02,          5.18918486e+02],       [ -9.37169973e-01,   3.45833309e-01,   4.59539373e-02,          2.42471860e+02],       [ -6.04101082e-02,  -3.11330554e-02,  -9.97688003e-01,          1.23777795e+02],       [  0.00000000e+00,   0.00000000e+00,   0.00000000e+00,          1.00000000e+00]])),{}]
["set_obj_matrix",('Mesh 1', array([[ -2.39642855e-01,  -9.69514496e-01,   5.11169728e-02,          4.88795118e+02],       [ -9.68808639e-01,   2.42226335e-01,   5.23089345e-02,          2.97119973e+02],       [ -6.30961472e-02,  -3.69871024e-02,  -9.97321829e-01,          1.27235978e+02],       [  0.00000000e+00,   0.00000000e+00,   0.00000000e+00,          1.00000000e+00]])),{}]
["set_obj_matrix",('Mesh 1', array([[ -1.82470749e-01,  -9.81867198e-01,   5.13929120e-02,          4.70181225e+02],       [ -9.81108267e-01,   1.85248483e-01,   5.57635035e-02,          3.25070453e+02],       [ -6.42728139e-02,  -4.02468026e-02,  -9.97120454e-01,          1.29030060e+02],       [  0.00000000e+00,   0.00000000e+00,   0.00000000e+00,          1.00000000e+00]])),{}]
["set_obj_matrix",('Mesh 1', array([[ -1.39993036e-01,  -9.88814013e-01,   5.14664710e-02,          4.55455647e+02],       [ -9.88015649e-01,   1.42915098e-01,   5.83125427e-02,          3.44917178e+02],       [ -6.50155951e-02,  -4.26863288e-02,  -9.96970837e-01,          1.30315903e+02],       [  0.00000000e+00,   0.00000000e+00,   0.00000000e+00,          1.00000000e+00]])),{}]
["set_obj_matrix",('Mesh 1', array([[ -1.25627316e-01,  -9.90741630e-01,   5.14664968e-02,          4.50306188e+02],       [ -9.89929930e-01,   1.28598188e-01,   5.91712794e-02,          3.51455323e+02],       [ -6.52419481e-02,  -4.35146965e-02,  -9.96920237e-01,          1.30741859e+02],       [  0.00000000e+00,   0.00000000e+00,   0.00000000e+00,          1.00000000e+00]])),{}]
["set_obj_matrix",('Mesh 1', array([[ -1.14948169e-01,  -9.92037774e-01,   5.14584551e-02,          4.46423266e+02],       [ -9.91216161e-01,   1.17955325e-01,   5.98085633e-02,          3.56259222e+02],       [ -6.54021528e-02,  -4.41315675e-02,  -9.96882623e-01,          1.31055616e+02],       [  0.00000000e+00,   0.00000000e+00,   0.00000000e+00,          1.00000000e+00]])),{}]
["set_obj_matrix",('Mesh 1', array([[ -8.03593159e-02,  -9.95440559e-01,   5.13855457e-02,          4.33527461e+02],       [ -9.94586835e-01,   8.34839960e-02,   6.18663848e-02,          3.71490706e+02],       [ -6.58741793e-02,  -4.61358469e-02,  -9.96760792e-01,          1.32055048e+02],       [  0.00000000e+00,   0.00000000e+00,   0.00000000e+00,          1.00000000e+00]])),{}]
["set_obj_matrix",('Mesh 1', array([[ -3.55575020e-02,  -9.98055964e-01,   5.11855108e-02,          4.16104339e+02],       [ -9.97160650e-01,   3.88344061e-02,   6.45176478e-02,          3.90480604e+02],       [ -6.63799821e-02,  -4.87460908e-02,  -9.96602988e-01,          1.33311727e+02],       [  0.00000000e+00,   0.00000000e+00,   0.00000000e+00,          1.00000000e+00]])),{}]
["set_obj_matrix",('Mesh 1', array([[  5.82199417e-02,  -9.97031546e-01,   5.03838672e-02,          3.77025361e+02],       [ -9.96049176e-01,  -5.46244083e-02,   7.00157987e-02,          4.27549821e+02],       [ -6.70557711e-02,  -5.42611252e-02,  -9.96272680e-01,          1.35804888e+02],       [  0.00000000e+00,   0.00000000e+00,   0.00000000e+00,          1.00000000e+00]])),{}]
["set_obj_matrix",('Mesh 1', array([[  1.96848028e-01,  -9.79246520e-01,   4.82400969e-02,          3.12722870e+02],       [ -9.78135458e-01,  -1.92781476e-01,   7.80149184e-02,          4.75639067e+02],       [ -6.70960402e-02,  -6.25424322e-02,  -9.95784397e-01,          1.39146774e+02],       [  0.00000000e+00,   0.00000000e+00,   0.00000000e+00,          1.00000000e+00]])),{}]
["set_obj_matrix",('Mesh 1', array([[  4.02632724e-01,  -9.14360921e-01,   4.27901360e-02,          2.01816626e+02],       [ -9.13058825e-01,  -3.97866973e-01,   8.95848991e-02,          5.31155924e+02],       [ -6.48881489e-02,  -7.51397233e-02,  -9.95059571e-01,          1.43294710e+02],       [  0.00000000e+00,   0.00000000e+00,   0.00000000e+00,          1.00000000e+00]])),{}]
["set_obj_matrix",('Mesh 1', array([[  5.09837303e-01,  -8.59399738e-01,   3.87042029e-02,          1.35543378e+02],       [ -8.57998121e-01,  -5.04707301e-01,   9.54450862e-02,          5.51353258e+02],       [ -6.24911883e-02,  -8.18695987e-02,  -9.94681969e-01,          1.45008680e+02],       [  0.00000000e+00,   0.00000000e+00,   0.00000000e+00,          1.00000000e+00]])),{}]
["set_obj_matrix",('Mesh 1', array([[  5.28433306e-01,  -8.48128738e-01,   3.78930786e-02,          1.23349848e+02],       [ -8.46709858e-01,  -5.23240120e-01,   9.64478779e-02,          5.54140404e+02],       [ -6.19730379e-02,  -8.30507142e-02,  -9.94616470e-01,          1.45269295e+02],       [  0.00000000e+00,   0.00000000e+00,   0.00000000e+00,          1.00000000e+00]])),{}]
["set_obj_matrix",('Mesh 1', array([[  5.35758981e-01,  -8.43534957e-01,   3.75644891e-02,          1.18484633e+02],       [ -8.42109277e-01,  -5.30540904e-01,   9.68417007e-02,          5.55174989e+02],       [ -6.17598619e-02,  -8.35172156e-02,  -9.94590667e-01,          1.45368715e+02],       [  0.00000000e+00,   0.00000000e+00,   0.00000000e+00,          1.00000000e+00]])),{}]
["set_obj_matrix",('Mesh 1', array([[  5.36517603e-01,  -8.43054179e-01,   3.75301632e-02,          1.17978775e+02],       [ -8.41627795e-01,  -5.31296948e-01,   9.68824437e-02,          5.55280040e+02],       [ -6.17374878e-02,  -8.35655649e-02,  -9.94587995e-01,          1.45378903e+02],       [  0.00000000e+00,   0.00000000e+00,   0.00000000e+00,          1.00000000e+00]])),{}]
["set_obj_matrix",('Mesh 1', array([[  5.43802921e-01,  -8.38388167e-01,   3.71976365e-02,          1.13101197e+02],       [ -8.36955020e-01,  -5.38557513e-01,   9.72733260e-02,          5.56268708e+02],       [ -6.15197389e-02,  -8.40302674e-02,  -9.94562334e-01,          1.45475715e+02],       [  0.00000000e+00,   0.00000000e+00,   0.00000000e+00,          1.00000000e+00]])),{}]
["set_obj_matrix",('Mesh 1', array([[  5.47420204e-01,  -8.36038191e-01,   3.70305738e-02,          1.10666057e+02],       [ -8.34601685e-01,  -5.42162506e-01,   9.74671431e-02,          5.56745899e+02],       [ -6.14096653e-02,  -8.42612626e-02,  -9.94549593e-01,          1.45523082e+02],       [  0.00000000e+00,   0.00000000e+00,   0.00000000e+00,          1.00000000e+00]])),{}]
["set_obj_matrix",('Mesh 1', array([[  5.51020403e-01,  -8.33677177e-01,   3.68629957e-02,          1.08233529e+02],       [ -8.32237329e-01,  -5.45750472e-01,   9.76598697e-02,          5.57211709e+02],       [ -6.12988072e-02,  -8.44913418e-02,  -9.94536912e-01,          1.45569758e+02],       [  0.00000000e+00,   0.00000000e+00,   0.00000000e+00,          1.00000000e+00]])),{}]
["set_obj_matrix",('Mesh 1', array([[  5.54603394e-01,  -8.31305334e-01,   3.66949156e-02,          1.05803748e+02],       [ -8.29862160e-01,  -5.49321290e-01,   9.78515005e-02,          5.57666175e+02],       [ -6.11871759e-02,  -8.47204962e-02,  -9.94524292e-01,          1.45615743e+02],       [  0.00000000e+00,   0.00000000e+00,   0.00000000e+00,          1.00000000e+00]])),{}]
["set_obj_matrix",('Mesh 1', array([[  5.61717292e-01,  -8.26529994e-01,   3.63573019e-02,          1.00952953e+02],       [ -8.25080216e-01,  -5.56411016e-01,   9.82314534e-02,          5.58541230e+02],       [ -6.09616393e-02,  -8.51759965e-02,  -9.94499235e-01,          1.45705648e+02],       [  0.00000000e+00,   0.00000000e+00,   0.00000000e+00,          1.00000000e+00]])),{}]
["set_obj_matrix",('Mesh 1', array([[  5.73143119e-01,  -8.18672729e-01,   3.58040055e-02,          9.30866842e+01],       [ -8.17212345e-01,  -5.67798022e-01,   9.88402246e-02,          5.59869385e+02],       [ -6.05883530e-02,  -8.59090699e-02,  -9.94458990e-01,          1.45846089e+02],       [  0.00000000e+00,   0.00000000e+00,   0.00000000e+00,          1.00000000e+00]])),{}]
["set_obj_matrix",('Mesh 1', array([[  5.84481287e-01,  -8.10641528e-01,   3.52411529e-02,          8.51867176e+01],       [ -8.09170617e-01,  -5.79097666e-01,   9.94424738e-02,          5.61090773e+02],       [ -6.02041295e-02,  -8.66383705e-02,  -9.94419054e-01,          1.45980504e+02],       [  0.00000000e+00,   0.00000000e+00,   0.00000000e+00,          1.00000000e+00]])),{}]
["set_obj_matrix",('Mesh 1', array([[  6.11237146e-01,  -7.90723038e-01,   3.38559857e-02,          6.61562822e+01],       [ -7.89227290e-01,  -6.05762616e-01,   1.00856025e-01,          5.63574522e+02],       [ -5.92404920e-02,  -8.83670167e-02,  -9.94324813e-01,          1.46277285e+02],       [  0.00000000e+00,   0.00000000e+00,   0.00000000e+00,          1.00000000e+00]])),{}]
["set_obj_matrix",('Mesh 1', array([[  6.26618361e-01,  -7.78626356e-01,   3.30216211e-02,          5.49567740e+01],       [ -7.77116329e-01,  -6.21091569e-01,   1.01663530e-01,          5.64735959e+02],       [ -5.86484533e-02,  -8.93658754e-02,  -9.94270637e-01,          1.46434250e+02],       [  0.00000000e+00,   0.00000000e+00,   0.00000000e+00,          1.00000000e+00]])),{}]
["set_obj_matrix",('Mesh 1', array([[  6.30985909e-01,  -7.75101473e-01,   3.27793980e-02,          5.17405008e+01],       [ -7.73587391e-01,  -6.25444279e-01,   1.01892112e-01,          5.65028648e+02],       [ -5.84750394e-02,  -8.96502161e-02,  -9.94255253e-01,          1.46476920e+02],       [  0.00000000e+00,   0.00000000e+00,   0.00000000e+00,          1.00000000e+00]])),{}]
["save_ply",('%s',),{}]