["add_ply",('%s',),{}]
["add_polygon_ray",(array([ 778.67980957,  308.43280029, -379.58441162], dtype=float32), array([ 778.67980957,  308.43280029,  685.80352783], dtype=float32), array([  1.30472402e-13,   0.00000000e+00,   1.06538794e+03], dtype=float32)),{}]
["add_polygon_ray",(array([ 797.85681152,  466.11022949, -379.58441162], dtype=float32), array([ 797.85681152,  466.11022949,  685.80352783], dtype=float32), array([  1.30472402e-13,   0.00000000e+00,   1.06538794e+03], dtype=float32)),{}]
["add_polygon_ray",(array([ 650.83325195,  653.61853027, -379.58441162], dtype=float32), array([ 650.83325195,  653.61853027,  685.80352783], dtype=float32), array([  1.30472402e-13,   0.00000000e+00,   1.06538794e+03], dtype=float32)),{}]
["add_polygon_ray",(array([ 367.44009399,  738.8494873 , -379.58441162], dtype=float32), array([ 367.44009399,  738.8494873 ,  685.80352783], dtype=float32), array([  1.30472402e-13,   0.00000000e+00,   1.06538794e+03], dtype=float32)),{}]
["add_polygon_ray",(array([ 116.0085144 ,  698.36474609, -379.58441162], dtype=float32), array([ 116.0085144 ,  698.36474609,  685.80352783], dtype=float32), array([  1.30472402e-13,   0.00000000e+00,   1.06538794e+03], dtype=float32)),{}]
["add_polygon_ray",(array([ -24.62268066,  572.64898682, -379.58441162], dtype=float32), array([ -24.62268066,  572.64898682,  685.80352783], dtype=float32), array([  1.30472402e-13,   0.00000000e+00,   1.06538794e+03], dtype=float32)),{}]
["add_polygon_ray",(array([ -31.01501465,  380.87918091, -379.58441162], dtype=float32), array([ -31.01501465,  380.87918091,  685.80352783], dtype=float32), array([  1.30472402e-13,   0.00000000e+00,   1.06538794e+03], dtype=float32)),{}]
["add_polygon_ray",(array([  -8.15908813,  323.79541016, -295.49966431], dtype=float32), array([  -8.15908813,  323.79541016,  601.71881104], dtype=float32), array([  1.09877581e-13,   0.00000000e+00,   8.97218506e+02], dtype=float32)),{}]
["add_polygon_ray",(array([ 167.695755  ,  311.234375  , -295.49969482], dtype=float32), array([ 167.695755  ,  311.234375  ,  601.71881104], dtype=float32), array([  1.09877581e-13,   0.00000000e+00,   8.97218506e+02], dtype=float32)),{}]
["add_polygon_ray",(array([ 194.61230469,  180.24046326, -295.49969482], dtype=float32), array([ 194.61230469,  180.24046326,  601.71881104], dtype=float32), array([  1.09877581e-13,   0.00000000e+00,   8.97218506e+02], dtype=float32)),{}]
["add_polygon_ray",(array([ 352.52276611,   68.98538208, -295.49969482], dtype=float32), array([ 352.52276611,   68.98538208,  601.71881104], dtype=float32), array([  1.09877581e-13,   0.00000000e+00,   8.97218506e+02], dtype=float32)),{}]
["add_polygon_ray",(array([ 503.25546265,   36.68551636, -295.49969482], dtype=float32), array([ 503.25546265,   36.68551636,  601.71881104], dtype=float32), array([  1.09877581e-13,   0.00000000e+00,   8.97218506e+02], dtype=float32)),{}]
["add_polygon_ray",(array([ 691.67138672,  113.84629822, -295.49969482], dtype=float32), array([ 691.67138672,  113.84629822,  601.71881104], dtype=float32), array([  1.09877581e-13,   0.00000000e+00,   8.97218506e+02], dtype=float32)),{}]
["select_region_polygon",(),{}]
["crop_selection",(),{}]
["set_obj_matrix",('Mesh 1', array([[ -9.99997751e-01,   2.12106838e-03,   1.22464410e-16,          3.85876118e+02],       [  2.12106838e-03,   9.99997751e-01,  -2.59755971e-19,         -3.49736798e+02],       [ -1.22464685e-16,   0.00000000e+00,  -1.00000000e+00,          1.53109573e+02],       [  0.00000000e+00,   0.00000000e+00,   0.00000000e+00,          1.00000000e+00]])),{}]
["set_obj_matrix",('Mesh 1', array([[ -9.99975247e-01,   7.03603657e-03,   1.22461654e-16,          3.84152499e+02],       [  7.03603657e-03,   9.99975247e-01,  -8.61666005e-19,         -3.51629156e+02],       [ -1.22464685e-16,   0.00000000e+00,  -1.00000000e+00,          1.53109573e+02],       [  0.00000000e+00,   0.00000000e+00,   0.00000000e+00,          1.00000000e+00]])),{}]
["set_obj_matrix",('Mesh 1', array([[ -9.99520142e-01,   3.09755626e-02,   1.22405920e-16,          3.75623627e+02],       [  3.09755626e-02,   9.99520142e-01,  -3.79341253e-18,         -3.60725792e+02],       [ -1.22464685e-16,   0.00000000e+00,  -1.00000000e+00,          1.53109573e+02],       [  0.00000000e+00,   0.00000000e+00,   0.00000000e+00,          1.00000000e+00]])),{}]
["set_obj_matrix",('Mesh 1', array([[ -9.95230036e-01,   9.75560114e-02,   1.21880533e-16,          3.50733912e+02],       [  9.75560114e-02,   9.95230036e-01,  -1.19471662e-17,         -3.84970036e+02],       [ -1.22464685e-16,   0.00000000e+00,  -1.00000000e+00,          1.53109573e+02],       [  0.00000000e+00,   0.00000000e+00,   0.00000000e+00,          1.00000000e+00]])),{}]
["set_obj_matrix",('Mesh 1', array([[ -9.87477326e-01,   1.57760992e-01,   1.20931100e-16,          3.26730009e+02],       [  1.57760992e-01,   9.87477326e-01,  -1.93201502e-17,         -4.05541253e+02],       [ -1.22464685e-16,   0.00000000e+00,  -1.00000000e+00,          1.53109573e+02],       [  0.00000000e+00,   0.00000000e+00,   0.00000000e+00,          1.00000000e+00]])),{}]
["set_obj_matrix",('Mesh 1', array([[ -9.75767740e-01,   2.18808860e-01,   1.19497089e-16,          3.00902211e+02],       [  2.18808860e-01,   9.75767740e-01,  -2.67963581e-17,         -4.25057720e+02],       [ -1.22464685e-16,   0.00000000e+00,  -1.00000000e+00,          1.53109573e+02],       [  0.00000000e+00,   0.00000000e+00,   0.00000000e+00,          1.00000000e+00]])),{}]
["set_obj_matrix",('Mesh 1', array([[ -9.61110534e-01,   2.76163975e-01,   1.17702099e-16,          2.75223279e+02],       [  2.76163975e-01,   9.61110534e-01,  -3.38203342e-17,         -4.42118030e+02],       [ -1.22464685e-16,   0.00000000e+00,  -1.00000000e+00,          1.53109573e+02],       [  0.00000000e+00,   0.00000000e+00,   0.00000000e+00,          1.00000000e+00]])),{}]
["set_obj_matrix",('Mesh 1', array([[ -9.49125882e-01,   3.14896905e-01,   1.16234402e-16,          2.57075209e+02],       [  3.14896905e-01,   9.49125882e-01,  -3.85637503e-17,         -4.52911186e+02],       [ -1.22464685e-16,   0.00000000e+00,  -1.00000000e+00,          1.53109573e+02],       [  0.00000000e+00,   0.00000000e+00,   0.00000000e+00,          1.00000000e+00]])),{}]
["set_obj_matrix",('Mesh 1', array([[ -9.41876453e-01,   3.35959442e-01,   1.15346603e-16,          2.46923368e+02],       [  3.35959442e-01,   9.41876453e-01,  -4.11431673e-17,         -4.58524870e+02],       [ -1.22464685e-16,   0.00000000e+00,  -1.00000000e+00,          1.53109573e+02],       [  0.00000000e+00,   0.00000000e+00,   0.00000000e+00,          1.00000000e+00]])),{}]
["set_obj_matrix",('Mesh 1', array([[ -9.40605042e-01,   3.39502806e-01,   1.15190900e-16,          2.45195477e+02],       [  3.39502806e-01,   9.40605042e-01,  -4.15771043e-17,         -4.59451177e+02],       [ -1.22464685e-16,   0.00000000e+00,  -1.00000000e+00,          1.53109573e+02],       [  0.00000000e+00,   0.00000000e+00,   0.00000000e+00,          1.00000000e+00]])),{}]
["set_obj_matrix",('Mesh 1', array([[ -9.39401833e-01,   3.42818021e-01,   1.15043550e-16,          2.43573559e+02],       [  3.42818021e-01,   9.39401833e-01,  -4.19831011e-17,         -4.60313075e+02],       [ -1.22464685e-16,   0.00000000e+00,  -1.00000000e+00,          1.53109573e+02],       [  0.00000000e+00,   0.00000000e+00,   0.00000000e+00,          1.00000000e+00]])),{}]
["set_obj_matrix",('Mesh 1', array([[ -9.40605042e-01,   3.39502806e-01,   1.15190900e-16,          2.45195477e+02],       [  3.39502806e-01,   9.40605042e-01,  -4.15771043e-17,         -4.59451177e+02],       [ -1.22464685e-16,   0.00000000e+00,  -1.00000000e+00,          1.53109573e+02],       [  0.00000000e+00,   0.00000000e+00,   0.00000000e+00,          1.00000000e+00]])),{}]
["set_obj_matrix",('Mesh 1', array([[ -9.41876453e-01,   3.35959442e-01,   1.15346603e-16,          2.46923368e+02],       [  3.35959442e-01,   9.41876453e-01,  -4.11431673e-17,         -4.58524870e+02],       [ -1.22464685e-16,   0.00000000e+00,  -1.00000000e+00,          1.53109573e+02],       [  0.00000000e+00,   0.00000000e+00,   0.00000000e+00,          1.00000000e+00]])),{}]
["set_obj_matrix",('Mesh 1', array([[ -9.45435937e-01,   3.25808055e-01,   1.15782514e-16,          2.51841522e+02],       [  3.25808055e-01,   9.45435937e-01,  -3.98999809e-17,         -4.55842137e+02],       [ -1.22464685e-16,   0.00000000e+00,  -1.00000000e+00,          1.53109573e+02],       [  0.00000000e+00,   0.00000000e+00,   0.00000000e+00,          1.00000000e+00]])),{}]
["set_obj_matrix",('Mesh 1', array([[ -9.47774420e-01,   3.18941450e-01,   1.16068896e-16,          2.55141498e+02],       [  3.18941450e-01,   9.47774420e-01,  -3.90590643e-17,         -4.54003328e+02],       [ -1.22464685e-16,   0.00000000e+00,  -1.00000000e+00,          1.53109573e+02],       [  0.00000000e+00,   0.00000000e+00,   0.00000000e+00,          1.00000000e+00]])),{}]
["set_obj_matrix",('Mesh 1', array([[ -9.52449780e-01,   3.04695612e-01,   1.16641463e-16,          2.61919695e+02],       [  3.04695612e-01,   9.52449780e-01,  -3.73144522e-17,         -4.50126959e+02],       [ -1.22464685e-16,   0.00000000e+00,  -1.00000000e+00,          1.53109573e+02],       [  0.00000000e+00,   0.00000000e+00,   0.00000000e+00,          1.00000000e+00]])),{}]
["set_obj_matrix",('Mesh 1', array([[ -9.58115681e-01,   2.86381462e-01,   1.17335335e-16,          2.70500357e+02],       [  2.86381462e-01,   9.58115681e-01,  -3.50716157e-17,         -4.45023328e+02],       [ -1.22464685e-16,   0.00000000e+00,  -1.00000000e+00,          1.53109573e+02],       [  0.00000000e+00,   0.00000000e+00,   0.00000000e+00,          1.00000000e+00]])),{}]
["set_obj_matrix",('Mesh 1', array([[ -9.64842497e-01,   2.62828759e-01,   1.18159133e-16,          2.81319010e+02],       [  2.62828759e-01,   9.64842497e-01,  -3.21872412e-17,         -4.38264555e+02],       [ -1.22464685e-16,   0.00000000e+00,  -1.00000000e+00,          1.53109573e+02],       [  0.00000000e+00,   0.00000000e+00,   0.00000000e+00,          1.00000000e+00]])),{}]
["set_obj_matrix",('Mesh 1', array([[ -9.68899046e-01,   2.47456336e-01,   1.18655917e-16,          2.88251050e+02],       [  2.47456336e-01,   9.68899046e-01,  -3.03046623e-17,         -4.33736716e+02],       [ -1.22464685e-16,   0.00000000e+00,  -1.00000000e+00,          1.53109573e+02],       [  0.00000000e+00,   0.00000000e+00,   0.00000000e+00,          1.00000000e+00]])),{}]
["set_obj_matrix",('Mesh 1', array([[ -9.71998136e-01,   2.34988560e-01,   1.19035446e-16,          2.93799436e+02],       [  2.34988560e-01,   9.71998136e-01,  -2.87778001e-17,         -4.29997788e+02],       [ -1.22464685e-16,   0.00000000e+00,  -1.00000000e+00,          1.53109573e+02],       [  0.00000000e+00,   0.00000000e+00,   0.00000000e+00,          1.00000000e+00]])),{}]
["set_obj_matrix",('Mesh 1', array([[ -9.73008452e-01,   2.30769477e-01,   1.19159174e-16,          2.95662154e+02],       [  2.30769477e-01,   9.73008452e-01,  -2.82611114e-17,         -4.28719135e+02],       [ -1.22464685e-16,   0.00000000e+00,  -1.00000000e+00,          1.53109573e+02],       [  0.00000000e+00,   0.00000000e+00,   0.00000000e+00,          1.00000000e+00]])),{}]
["set_obj_matrix",('Mesh 1', array([[ -9.78807144e-01,   2.04784217e-01,   1.19869309e-16,          3.06970740e+02],       [  2.04784217e-01,   9.78807144e-01,  -2.50788346e-17,         -4.20696055e+02],       [ -1.22464685e-16,   0.00000000e+00,  -1.00000000e+00,          1.53109573e+02],       [  0.00000000e+00,   0.00000000e+00,   0.00000000e+00,          1.00000000e+00]])),{}]
["set_obj_matrix",('Mesh 1', array([[ -9.87776235e-01,   1.55878511e-01,   1.20967706e-16,          3.27502402e+02],       [  1.55878511e-01,   9.87776235e-01,  -1.90896128e-17,         -4.04917748e+02],       [ -1.22464685e-16,   0.00000000e+00,  -1.00000000e+00,          1.53109573e+02],       [  0.00000000e+00,   0.00000000e+00,   0.00000000e+00,          1.00000000e+00]])),{}]
["set_obj_matrix",('Mesh 1', array([[ -9.90206824e-01,   1.39608186e-01,   1.21265367e-16,          3.34119111e+02],       [  1.39608186e-01,   9.90206824e-01,  -1.70970725e-17,         -3.99475438e+02],       [ -1.22464685e-16,   0.00000000e+00,  -1.00000000e+00,          1.53109573e+02],       [  0.00000000e+00,   0.00000000e+00,   0.00000000e+00,          1.00000000e+00]])),{}]
["set_obj_matrix",('Mesh 1', array([[ -9.89508276e-01,   1.44476201e-01,   1.21179820e-16,          3.32150505e+02],       [  1.44476201e-01,   9.89508276e-01,  -1.76932324e-17,         -4.01113759e+02],       [ -1.22464685e-16,   0.00000000e+00,  -1.00000000e+00,          1.53109573e+02],       [  0.00000000e+00,   0.00000000e+00,   0.00000000e+00,          1.00000000e+00]])),{}]
["set_obj_matrix",('Mesh 1', array([[ -9.88053067e-01,   1.54114035e-01,   1.21001608e-16,          3.28225087e+02],       [  1.54114035e-01,   9.88053067e-01,  -1.88735268e-17,         -4.04332163e+02],       [ -1.22464685e-16,   0.00000000e+00,  -1.00000000e+00,          1.53109573e+02],       [  0.00000000e+00,   0.00000000e+00,   0.00000000e+00,          1.00000000e+00]])),{}]
["set_obj_matrix",('Mesh 1', array([[ -9.86523295e-01,   1.63620868e-01,   1.20814265e-16,          3.24316550e+02],       [  1.63620868e-01,   9.86523295e-01,  -2.00377781e-17,         -4.07473903e+02],       [ -1.22464685e-16,   0.00000000e+00,  -1.00000000e+00,          1.53109573e+02],       [  0.00000000e+00,   0.00000000e+00,   0.00000000e+00,          1.00000000e+00]])),{}]
["set_obj_matrix",('Mesh 1', array([[ -9.84922399e-01,   1.72996727e-01,   1.20618212e-16,          3.20426215e+02],       [  1.72996727e-01,   9.84922399e-01,  -2.11859897e-17,         -4.10540189e+02],       [ -1.22464685e-16,   0.00000000e+00,  -1.00000000e+00,          1.53109573e+02],       [  0.00000000e+00,   0.00000000e+00,   0.00000000e+00,          1.00000000e+00]])),{}]
["set_obj_matrix",('Mesh 1', array([[ -9.84096336e-01,   1.77635587e-01,   1.20517048e-16,          3.18488265e+02],       [  1.77635587e-01,   9.84096336e-01,  -2.17540862e-17,         -4.12045423e+02],       [ -1.22464685e-16,   0.00000000e+00,  -1.00000000e+00,          1.53109573e+02],       [  0.00000000e+00,   0.00000000e+00,   0.00000000e+00,          1.00000000e+00]])),{}]
["set_obj_matrix",('Mesh 1', array([[ -9.84641538e-01,   1.74588205e-01,   1.20583816e-16,          3.19762335e+02],       [  1.74588205e-01,   9.84641538e-01,  -2.13808895e-17,         -4.11057484e+02],       [ -1.22464685e-16,   0.00000000e+00,  -1.00000000e+00,          1.53109573e+02],       [  0.00000000e+00,   0.00000000e+00,   0.00000000e+00,          1.00000000e+00]])),{}]
["set_obj_matrix",('Mesh 1', array([[ -9.85451096e-01,   1.69959224e-01,   1.20682958e-16,          3.21690456e+02],       [  1.69959224e-01,   9.85451096e-01,  -2.08140029e-17,         -4.09550310e+02],       [ -1.22464685e-16,   0.00000000e+00,  -1.00000000e+00,          1.53109573e+02],       [  0.00000000e+00,   0.00000000e+00,   0.00000000e+00,          1.00000000e+00]])),{}]
["set_obj_matrix",('Mesh 1', array([[ -9.85965595e-01,   1.66948629e-01,   1.20745966e-16,          3.22939820e+02],       [  1.66948629e-01,   9.85965595e-01,  -2.04453113e-17,         -4.08565881e+02],       [ -1.22464685e-16,   0.00000000e+00,  -1.00000000e+00,          1.53109573e+02],       [  0.00000000e+00,   0.00000000e+00,   0.00000000e+00,          1.00000000e+00]])),{}]
["save_ply",('%s',),{}]