["add_ply",('%s',),{}]
["add_polygon_ray",(array([-12.921539, 164.74545 ,  21.264656], dtype=float32), array([120.96309 ,  46.086044, 199.23767 ], dtype=float32), array([ 133.88463, -118.6594 ,  177.97302], dtype=float32)),{}]
["add_polygon_ray",(array([  1.1480255, 132.96646  , -10.507427 ], dtype=float32), array([135.03265 ,  14.307068, 167.46559 ], dtype=float32), array([ 133.88463, -118.6594 ,  177.97302], dtype=float32)),{}]
["add_polygon_ray",(array([ 56.51175, 105.79918, -71.77643], dtype=float32), array([190.33197 , -14.947342, 104.83604 ], dtype=float32), array([ 133.82024, -120.74652,  176.61247], dtype=float32)),{}]
["add_polygon_ray",(array([108.12077, 150.12114, -80.57881], dtype=float32), array([241.94101,  29.37461,  96.03365], dtype=float32), array([ 133.82024, -120.74652,  176.61247], dtype=float32)),{}]
["add_polygon_ray",(array([129.07364, 193.09329, -67.07568], dtype=float32), array([262.89386,  72.34678, 109.53679], dtype=float32), array([ 133.82024, -120.74652,  176.61247], dtype=float32)),{}]
["add_polygon_ray",(array([105.10252 , 226.91153 , -25.791775], dtype=float32), array([238.92276, 106.16501, 150.8207 ], dtype=float32), array([ 133.82024, -120.74652,  176.61247], dtype=float32)),{}]
["add_polygon_ray",(array([ 51.86386 , 255.59146 ,  34.155365], dtype=float32), array([185.6841 , 134.84492, 210.76784], dtype=float32), array([ 133.82024, -120.74652,  176.61247], dtype=float32)),{}]
["add_polygon_ray",(array([ -4.4976654, 204.7217   ,  42.082134 ], dtype=float32), array([129.32257 ,  83.975174, 218.69461 ], dtype=float32), array([ 133.82024, -120.74652,  176.61247], dtype=float32)),{}]
["select_region_polygon",(),{}]
["crop_selection",(),{}]
["set_obj_matrix",('Mesh 1', array([[-9.99852319e-01, -1.68753587e-02, -3.25006141e-03,         1.58452447e+02],       [-1.68511712e-02,  9.99831133e-01, -7.33106072e-03,        -1.42124936e+02],       [ 3.37322686e-03, -7.27521072e-03, -9.99967846e-01,         6.07284802e+01],       [ 0.00000000e+00,  0.00000000e+00,  0.00000000e+00,         1.00000000e+00]])),{}]
["set_obj_matrix",('Mesh 1', array([[-9.99338059e-01, -3.63669531e-02,  9.42593161e-04,         1.60950419e+02],       [-3.63774376e-02,  9.98702468e-01, -3.56379321e-02,        -1.37214210e+02],       [ 3.54672889e-04, -3.56486310e-02, -9.99364323e-01,         6.52828214e+01],       [ 0.00000000e+00,  0.00000000e+00,  0.00000000e+00,         1.00000000e+00]])),{}]
["set_obj_matrix",('Mesh 1', array([[-9.88793227e-01, -1.28398270e-01,  7.61697967e-02,         1.68143063e+02],       [-1.44719075e-01,  9.49671101e-01, -2.77815026e-01,        -9.86322847e+01],       [-3.66652858e-02, -2.85724839e-01, -9.57610032e-01,         1.04853261e+02],       [ 0.00000000e+00,  0.00000000e+00,  0.00000000e+00,         1.00000000e+00]])),{}]
["set_obj_matrix",('Mesh 1', array([[-9.41017357e-01, -2.25520546e-01,  2.52243566e-01,         1.64202394e+02],       [-3.36566104e-01,  7.00506855e-01, -6.29295958e-01,        -1.13950992e+01],       [-3.47791795e-02, -6.77075054e-01, -7.35091681e-01,         1.47994422e+02],       [ 0.00000000e+00,  0.00000000e+00,  0.00000000e+00,         1.00000000e+00]])),{}]
["set_obj_matrix",('Mesh 1', array([[-8.61307712e-01, -2.36837880e-01,  4.49507335e-01,         1.41549572e+02],       [-5.04091302e-01,  2.87644374e-01, -8.14341865e-01,         8.58044314e+01],       [ 6.35687447e-02, -9.27991666e-01, -3.67138233e-01,         1.46955578e+02],       [ 0.00000000e+00,  0.00000000e+00,  0.00000000e+00,         1.00000000e+00]])),{}]
["set_obj_matrix",('Mesh 1', array([[-8.21870364e-01, -2.74737213e-01,  4.99047662e-01,         1.37925389e+02],       [-5.52881842e-01,  1.73548422e-01, -8.14986266e-01,         1.10014853e+02],       [ 1.37298121e-01, -9.45727450e-01, -2.94531521e-01,         1.33671024e+02],       [ 0.00000000e+00,  0.00000000e+00,  0.00000000e+00,         1.00000000e+00]])),{}]
["set_obj_matrix",('Mesh 1', array([[-7.50128744e-01, -3.23494231e-01,  5.76765420e-01,         1.29147705e+02],       [-6.08051437e-01, -5.45613192e-03, -7.93878883e-01,         1.43335681e+02],       [ 2.59962147e-01, -9.46214412e-01, -1.92608330e-01,         1.08491366e+02],       [ 0.00000000e+00,  0.00000000e+00,  0.00000000e+00,         1.00000000e+00]])),{}]
["set_obj_matrix",('Mesh 1', array([[-6.71813288e-01, -3.56263590e-01,  6.49417554e-01,         1.17328898e+02],       [-6.35688243e-01, -1.72735687e-01, -7.52371477e-01,         1.69435358e+02],       [ 3.80220151e-01, -9.18280260e-01, -1.10426446e-01,         8.07478349e+01],       [ 0.00000000e+00,  0.00000000e+00,  0.00000000e+00,         1.00000000e+00]])),{}]
["set_obj_matrix",('Mesh 1', array([[-6.67125913e-01, -3.64444538e-01,  6.49710085e-01,         1.17768868e+02],       [-6.37327916e-01, -1.72328257e-01, -7.51076627e-01,         1.69553752e+02],       [ 3.85689181e-01, -9.15141055e-01, -1.17306032e-01,         7.98538834e+01],       [ 0.00000000e+00,  0.00000000e+00,  0.00000000e+00,         1.00000000e+00]])),{}]
["set_obj_matrix",('Mesh 1', array([[-6.52989009e-01, -3.77158650e-01,  6.56777517e-01,         1.16986770e+02],       [-6.40634996e-01, -1.87485798e-01, -7.44604510e-01,         1.71880601e+02],       [ 4.03970489e-01, -9.06973224e-01, -1.19194865e-01,         7.59327228e+01],       [ 0.00000000e+00,  0.00000000e+00,  0.00000000e+00,         1.00000000e+00]])),{}]
["set_obj_matrix",('Mesh 1', array([[ -0.54842994,  -0.49236924,   0.67586769, 116.27469084],       [ -0.66205025,  -0.23806095,  -0.7106451 , 180.5177357 ],       [  0.51079749,  -0.83719742,  -0.19541342,  53.74166865],       [  0.        ,   0.        ,   0.        ,   1.        ]])),{}]
["set_obj_matrix",('Mesh 1', array([[ -0.54483477,  -0.49956944,   0.67348753, 116.90333243],       [ -0.66165841,  -0.23727966,  -0.71127105, 180.38090377],       [  0.51513417,  -0.83314389,  -0.20126611,  52.82957506],       [  0.        ,   0.        ,   0.        ,   1.        ]])),{}]
["set_obj_matrix",('Mesh 1', array([[ -0.52476317,  -0.53462902,   0.66241636, 119.53330618],       [ -0.66505169,  -0.22824322,  -0.71106348, 179.58493812],       [  0.53134722,  -0.81368105,  -0.23578229,  49.55463949],       [  0.        ,   0.        ,   0.        ,   1.        ]])),{}]
["set_obj_matrix",('Mesh 1', array([[-4.06865927e-01, -6.98014702e-01,  5.89266997e-01,         1.29291360e+02],       [-7.14908556e-01, -1.58252469e-01, -6.81074088e-01,         1.75384920e+02],       [ 5.68652684e-01, -6.98377858e-01, -4.34629145e-01,         3.89679072e+01],       [ 0.00000000e+00,  0.00000000e+00,  0.00000000e+00,         1.00000000e+00]])),{}]
["set_obj_matrix",('Mesh 1', array([[-3.42960672e-01, -7.73185831e-01,  5.33443201e-01,         1.33609725e+02],       [-7.37703739e-01, -1.29867095e-01, -6.62516211e-01,         1.73697869e+02],       [ 5.81524866e-01, -6.20740049e-01, -5.25842772e-01,         3.11787616e+01],       [ 0.00000000e+00,  0.00000000e+00,  0.00000000e+00,         1.00000000e+00]])),{}]
["set_obj_matrix",('Mesh 1', array([[-3.18613871e-01, -7.97518319e-01,  5.12298479e-01,         1.34622169e+02],       [-7.56669842e-01, -1.11526817e-01, -6.44214653e-01,         1.72888282e+02],       [ 5.70908006e-01, -5.92896534e-01, -5.67924070e-01,         3.13231120e+01],       [ 0.00000000e+00,  0.00000000e+00,  0.00000000e+00,         1.00000000e+00]])),{}]
["set_obj_matrix",('Mesh 1', array([[-2.40653173e-01, -8.71089328e-01,  4.28123152e-01,         1.38224672e+02],       [-8.02076616e-01, -6.99167609e-02, -5.93114449e-01,         1.70845298e+02],       [ 5.46588650e-01, -4.86122443e-01, -6.81854690e-01,         2.64659738e+01],       [ 0.00000000e+00,  0.00000000e+00,  0.00000000e+00,         1.00000000e+00]])),{}]
["set_obj_matrix",('Mesh 1', array([[-1.92427370e-01, -9.10507353e-01,  3.65989162e-01,         1.40174278e+02],       [-8.28107655e-01, -4.94364596e-02, -5.58384946e-01,         1.69836912e+02],       [ 5.26506807e-01, -4.10526973e-01, -7.44485182e-01,         2.23879173e+01],       [ 0.00000000e+00,  0.00000000e+00,  0.00000000e+00,         1.00000000e+00]])),{}]
["set_obj_matrix",('Mesh 1', array([[-1.40948815e-01, -9.48448377e-01,  2.83864594e-01,         1.42605949e+02],       [-8.83021349e-01, -9.21554938e-03, -4.69242337e-01,         1.67186975e+02],       [ 4.47668101e-01, -3.16797648e-01, -8.36201245e-01,         2.65834980e+01],       [ 0.00000000e+00,  0.00000000e+00,  0.00000000e+00,         1.00000000e+00]])),{}]
["set_obj_matrix",('Mesh 1', array([[-1.15683018e-01, -9.66928634e-01,  2.27302565e-01,         1.44757451e+02],       [-9.22370228e-01,  1.96578543e-02, -3.85806598e-01,         1.64102984e+02],       [ 3.68579166e-01, -2.54288390e-01, -8.94140265e-01,         3.33183823e+01],       [ 0.00000000e+00,  0.00000000e+00,  0.00000000e+00,         1.00000000e+00]])),{}]
["set_obj_matrix",('Mesh 1', array([[-1.01405899e-01, -9.84006529e-01,  1.46451339e-01,         1.49879864e+02],       [-9.77770965e-01,  7.14231930e-02, -1.97136166e-01,         1.53860965e+02],       [ 1.83523252e-01, -1.63186638e-01, -9.69375746e-01,         5.34551513e+01],       [ 0.00000000e+00,  0.00000000e+00,  0.00000000e+00,         1.00000000e+00]])),{}]
["set_obj_matrix",('Mesh 1', array([[-9.76823820e-02, -9.91379057e-01,  8.73253538e-02,         1.53929605e+02],       [-9.93022134e-01,  9.12658218e-02, -7.46832711e-02,         1.45984449e+02],       [ 6.60696107e-02, -9.40112490e-02, -9.93376410e-01,         6.31572701e+01],       [ 0.00000000e+00,  0.00000000e+00,  0.00000000e+00,         1.00000000e+00]])),{}]
["set_obj_matrix",('Mesh 1', array([[-9.16333636e-02, -9.95720150e-01,  1.20295574e-02,         1.58150166e+02],       [-9.95339208e-01,  9.19495259e-02,  2.90714022e-02,         1.40000244e+02],       [-3.00530931e-02, -9.30957979e-03, -9.99504949e-01,         6.62048358e+01],       [ 0.00000000e+00,  0.00000000e+00,  0.00000000e+00,         1.00000000e+00]])),{}]
["set_obj_matrix",('Mesh 1', array([[-9.14784416e-02, -9.94654939e-01, -4.78878612e-02,         1.61578342e+02],       [-9.90359884e-01,  8.58497243e-02,  1.08706600e-01,         1.35316107e+02],       [-1.04014396e-01,  5.73705270e-02, -9.92919749e-01,         6.76506776e+01],       [ 0.00000000e+00,  0.00000000e+00,  0.00000000e+00,         1.00000000e+00]])),{}]
["set_obj_matrix",('Mesh 1', array([[-9.52274325e-02, -9.91987624e-01, -8.30198167e-02,         1.63890134e+02],       [-9.83485026e-01,  8.08598599e-02,  1.61922469e-01,         1.31765842e+02],       [-1.53912114e-01,  9.70682075e-02, -9.83305051e-01,         6.90826337e+01],       [ 0.00000000e+00,  0.00000000e+00,  0.00000000e+00,         1.00000000e+00]])),{}]
["set_obj_matrix",('Mesh 1', array([[-9.60029917e-02, -9.89426446e-01, -1.08714002e-01,         1.65185843e+02],       [-9.79128568e-01,  7.42144836e-02,  1.89207449e-01,         1.30409454e+02],       [-1.79138700e-01,  1.24609466e-01, -9.75900511e-01,         6.85684723e+01],       [ 0.00000000e+00,  0.00000000e+00,  0.00000000e+00,         1.00000000e+00]])),{}]
["set_obj_matrix",('Mesh 1', array([[-9.11487372e-02, -9.85732887e-01, -1.41501174e-01,         1.65866816e+02],       [-9.77863139e-01,  6.17204310e-02,  1.99935666e-01,         1.31380774e+02],       [-1.88349648e-01,  1.56592666e-01, -9.69537594e-01,         6.49762679e+01],       [ 0.00000000e+00,  0.00000000e+00,  0.00000000e+00,         1.00000000e+00]])),{}]
["set_obj_matrix",('Mesh 1', array([[-7.55916731e-02, -9.73862013e-01, -2.14193085e-01,         1.66094744e+02],       [-9.78439752e-01,  3.10377282e-02,  2.04186953e-01,         1.35670342e+02],       [-1.92201851e-01,  2.25009862e-01, -9.55211500e-01,         5.47788099e+01],       [ 0.00000000e+00,  0.00000000e+00,  0.00000000e+00,         1.00000000e+00]])),{}]
["set_obj_matrix",('Mesh 1', array([[-3.99850391e-02, -9.26470197e-01, -3.74238121e-01,         1.63298751e+02],       [-9.78721446e-01, -3.91249781e-02,  2.01428815e-01,         1.46069073e+02],       [-2.01259852e-01,  3.74329014e-01, -9.05191836e-01,         3.14955155e+01],       [ 0.00000000e+00,  0.00000000e+00,  0.00000000e+00,         1.00000000e+00]])),{}]
["set_obj_matrix",('Mesh 1', array([[-1.09188671e-02, -8.71274737e-01, -4.90674139e-01,         1.57763490e+02],       [-9.78392338e-01, -9.20119146e-02,  1.85154638e-01,         1.54677552e+02],       [-2.06468426e-01,  4.82093497e-01, -8.51443862e-01,         1.34223564e+01],       [ 0.00000000e+00,  0.00000000e+00,  0.00000000e+00,         1.00000000e+00]])),{}]
["set_obj_matrix",('Mesh 1', array([[ 1.17708091e-02, -8.50640120e-01, -5.25616623e-01,         1.53334807e+02],       [-9.82820025e-01, -1.06669225e-01,  1.50620304e-01,         1.59574954e+02],       [-1.84190791e-01,  5.14813619e-01, -8.37281727e-01,         4.34678738e+00],       [ 0.00000000e+00,  0.00000000e+00,  0.00000000e+00,         1.00000000e+00]])),{}]
["set_obj_matrix",('Mesh 1', array([[ 1.72063936e-02, -8.46377260e-01, -5.32305809e-01,         1.52271432e+02],       [-9.83815236e-01, -1.09300678e-01,  1.41989237e-01,         1.60631754e+02],       [-1.78357847e-01,  5.21247442e-01, -8.34559514e-01,         2.33966976e+00],       [ 0.00000000e+00,  0.00000000e+00,  0.00000000e+00,         1.00000000e+00]])),{}]
["set_obj_matrix",('Mesh 1', array([[ 4.36662422e-02, -8.12711517e-01, -5.81027753e-01,         1.46192427e+02],       [-9.85812247e-01, -1.29399874e-01,  1.06910645e-01,         1.65973403e+02],       [-1.62072431e-01,  5.68115889e-01, -8.06831373e-01,        -8.67337725e+00],       [ 0.00000000e+00,  0.00000000e+00,  0.00000000e+00,         1.00000000e+00]])),{}]
["set_obj_matrix",('Mesh 1', array([[ 4.93298290e-02, -8.07795168e-01, -5.87395552e-01,         1.44979278e+02],       [-9.86412736e-01, -1.31675258e-01,  9.82422582e-02,         1.66919233e+02],       [-1.56705082e-01,  5.74568179e-01, -8.03314960e-01,        -1.06584338e+01],       [ 0.00000000e+00,  0.00000000e+00,  0.00000000e+00,         1.00000000e+00]])),{}]
["set_obj_matrix",('Mesh 1', array([[ 5.64446576e-02, -7.97192670e-01, -6.01080567e-01,         1.43154752e+02],       [-9.86502684e-01, -1.37218592e-01,  8.93505002e-02,         1.68273514e+02],       [-1.53708993e-01,  5.87924234e-01, -7.94177965e-01,        -1.36148774e+01],       [ 0.00000000e+00,  0.00000000e+00,  0.00000000e+00,         1.00000000e+00]])),{}]
["set_obj_matrix",('Mesh 1', array([[ 7.03080400e-02, -8.02720145e-01, -5.92196883e-01,         1.41262320e+02],       [-9.83359750e-01, -1.55467333e-01,  9.39867550e-02,         1.70154675e+02],       [-1.67512331e-01,  5.75734554e-01, -8.00293285e-01,        -9.32562919e+00],       [ 0.00000000e+00,  0.00000000e+00,  0.00000000e+00,         1.00000000e+00]])),{}]
["set_obj_matrix",('Mesh 1', array([[ 8.21327919e-02, -8.09082853e-01, -5.81927093e-01,         1.39725412e+02],       [-9.81599018e-01, -1.66670939e-01,  9.31888746e-02,         1.71555284e+02],       [-1.72387856e-01,  5.63565201e-01, -8.07884083e-01,        -6.34172397e+00],       [ 0.00000000e+00,  0.00000000e+00,  0.00000000e+00,         1.00000000e+00]])),{}]
["set_obj_matrix",('Mesh 1', array([[ 1.91941125e-01, -8.19023087e-01, -5.40703049e-01,         1.21575882e+02],       [-9.26134405e-01, -3.33446109e-01,  1.76320037e-01,         1.82126353e+02],       [-3.24705509e-01,  4.66920630e-01, -8.22527481e-01,         3.23097487e+01],       [ 0.00000000e+00,  0.00000000e+00,  0.00000000e+00,         1.00000000e+00]])),{}]
["set_obj_matrix",('Mesh 1', array([[  0.311589  ,  -0.78527483,  -0.53502873,  97.68884488],       [ -0.79336682,  -0.52487827,   0.30833731, 181.28904333],       [ -0.52295448,   0.32839953,  -0.78655729,  81.15291699],       [  0.        ,   0.        ,   0.        ,   1.        ]])),{}]
["set_obj_matrix",('Mesh 1', array([[  0.31568466,  -0.7814303 ,  -0.53824704,  96.68607313],       [ -0.78335913,  -0.53472966,   0.31687959, 180.64589723],       [ -0.53543597,   0.32160671,  -0.78094651,  83.74656207],       [  0.        ,   0.        ,   0.        ,   1.        ]])),{}]
["set_obj_matrix",('Mesh 1', array([[  0.31569422,  -0.77385667,  -0.54907469,  96.23658413],       [ -0.76811314,  -0.54816217,   0.33093871, 179.37439979],       [ -0.5570811 ,   0.31727605,  -0.76746111,  86.93657548],       [  0.        ,   0.        ,   0.        ,   1.        ]])),{}]
["set_obj_matrix",('Mesh 1', array([[  0.29402335,  -0.73816593,  -0.60717487,  97.92825564],       [ -0.70290701,  -0.59745418,   0.38596663, 173.05874201],       [ -0.64766658,   0.31330427,  -0.69452749,  97.23863503],       [  0.        ,   0.        ,   0.        ,   1.        ]])),{}]
["set_obj_matrix",('Mesh 1', array([[  0.27571743,  -0.7119568 ,  -0.64583079,  99.30191968],       [ -0.64955375,  -0.63325805,   0.42078992, 167.84771866],       [ -0.70856179,   0.30348269,  -0.6370545 , 104.69429626],       [  0.        ,   0.        ,   0.        ,   1.        ]])),{}]
["set_obj_matrix",('Mesh 1', array([[  0.27054051,  -0.70820174,  -0.65211818,  99.941836  ],       [ -0.64341819,  -0.63688376,   0.42472593, 167.18118501],       [ -0.71611512,   0.30467913,  -0.62797274, 105.15086483],       [  0.        ,   0.        ,   0.        ,   1.        ]])),{}]
["set_obj_matrix",('Mesh 1', array([[  0.25466604,  -0.69688796,  -0.67044193, 101.87567422],       [ -0.62475066,  -0.6477585 ,   0.43599947, 165.1727704 ],       [ -0.73812724,   0.30782477,  -0.60034331, 106.46091537],       [  0.        ,   0.        ,   0.        ,   1.        ]])),{}]
["set_obj_matrix",('Mesh 1', array([[  0.21083241,  -0.67687077,  -0.70526283, 107.89560855],       [ -0.605644  ,  -0.65676901,   0.44927699, 162.70456901],       [ -0.76729723,   0.33241605,  -0.54841091, 104.30908139],       [  0.        ,   0.        ,   0.        ,   1.        ]])),{}]
["set_obj_matrix",('Mesh 1', array([[  0.18558298,  -0.66443962,  -0.72393297, 111.14893168],       [ -0.59267471,  -0.66332458,   0.45687764, 161.17799832],       [ -0.78377014,   0.34426805,  -0.51689832, 103.25788796],       [  0.        ,   0.        ,   0.        ,   1.        ]])),{}]
["set_obj_matrix",('Mesh 1', array([[  0.17863784,  -0.6620494 ,  -0.72785927, 112.12044964],       [ -0.59264085,  -0.66291067,   0.45752186, 161.07383367],       [ -0.78540775,   0.34962842,  -0.51077845, 102.36624668],       [  0.        ,   0.        ,   0.        ,   1.        ]])),{}]
["set_obj_matrix",('Mesh 1', array([[  0.17168725,  -0.65961802,  -0.73172915, 113.08344374],       [ -0.59260416,  -0.66249851,   0.45816595, 160.96948843],       [ -0.78698399,   0.35496449,  -0.50463493, 101.46714803],       [  0.        ,   0.        ,   0.        ,   1.        ]])),{}]
["set_obj_matrix",('Mesh 1', array([[  0.16473162,  -0.65714575,  -0.73554263, 114.03788852],       [ -0.59256463,  -0.66208808,   0.4588099 , 160.86496324],       [ -0.78849898,   0.36027605,  -0.49846817, 100.5606641 ],       [  0.        ,   0.        ,   0.        ,   1.        ]])),{}]
["set_obj_matrix",('Mesh 1', array([[ 1.42776677e-01, -6.50910773e-01, -7.45607126e-01,         1.17159566e+02],       [-5.98863934e-01, -6.56594071e-01,  4.58526133e-01,         1.61065839e+02],       [-7.88020817e-01,  3.81050379e-01, -4.83553306e-01,         9.65715038e+01],       [ 0.00000000e+00,  0.00000000e+00,  0.00000000e+00,         1.00000000e+00]])),{}]
["set_obj_matrix",('Mesh 1', array([[ 1.35725508e-01, -6.47963438e-01, -7.49481134e-01,         1.18063555e+02],       [-5.99090398e-01, -6.56186017e-01,  4.58814349e-01,         1.61024521e+02],       [-7.89093963e-01,  3.86734140e-01, -4.77249854e-01,         9.55338892e+01],       [ 0.00000000e+00,  0.00000000e+00,  0.00000000e+00,         1.00000000e+00]])),{}]
["set_obj_matrix",('Mesh 1', array([[ 1.05176932e-01, -6.26167853e-01, -7.72561734e-01,         1.21048276e+02],       [-6.16783047e-01, -6.50471831e-01,  4.43243804e-01,         1.63889098e+02],       [-7.80074667e-01,  4.29883957e-01, -4.54624348e-01,         8.65002997e+01],       [ 0.00000000e+00,  0.00000000e+00,  0.00000000e+00,         1.00000000e+00]])),{}]
["set_obj_matrix",('Mesh 1', array([[ 8.72572544e-02, -5.99374544e-01, -7.95698641e-01,         1.21342682e+02],       [-6.50290634e-01, -6.39358135e-01,  4.10296559e-01,         1.69480076e+02],       [-7.54657712e-01,  4.81634023e-01, -4.45556287e-01,         7.44787287e+01],       [ 0.00000000e+00,  0.00000000e+00,  0.00000000e+00,         1.00000000e+00]])),{}]
["set_obj_matrix",('Mesh 1', array([[ 6.52125103e-02, -5.39104420e-01, -8.39710517e-01,         1.18675166e+02],       [-7.24144437e-01, -6.04539326e-01,  3.31884073e-01,         1.80652783e+02],       [-6.86558200e-01,  5.86428706e-01, -4.29812994e-01,         4.77011579e+01],       [ 0.00000000e+00,  0.00000000e+00,  0.00000000e+00,         1.00000000e+00]])),{}]
["set_obj_matrix",('Mesh 1', array([[ 7.03877089e-02, -4.95843035e-01, -8.65554883e-01,         1.13142264e+02],       [-7.80877031e-01, -5.67319928e-01,  2.61494094e-01,         1.88325949e+02],       [-6.20706559e-01,  6.57485957e-01, -4.27124787e-01,         2.69590201e+01],       [ 0.00000000e+00,  0.00000000e+00,  0.00000000e+00,         1.00000000e+00]])),{}]
["set_obj_matrix",('Mesh 1', array([[ 7.67286082e-02, -4.39189540e-01, -8.95111875e-01,         1.05706452e+02],       [-8.40186932e-01, -5.11859488e-01,  1.79125050e-01,         1.94472965e+02],       [-5.36841354e-01,  7.38317285e-01, -4.08275578e-01,         1.01759792e+00],       [ 0.00000000e+00,  0.00000000e+00,  0.00000000e+00,         1.00000000e+00]])),{}]
["set_obj_matrix",('Mesh 1', array([[ 8.30674740e-02, -3.95164756e-01, -9.14846769e-01,         9.95135703e+01],       [-8.77476539e-01, -4.64153647e-01,  1.20815209e-01,         1.96866319e+02],       [-4.72371377e-01,  7.92720762e-01, -3.85303874e-01,        -1.83118885e+01],       [ 0.00000000e+00,  0.00000000e+00,  0.00000000e+00,         1.00000000e+00]])),{}]
["set_obj_matrix",('Mesh 1', array([[ 9.19289423e-02, -3.48659871e-01, -9.32730059e-01,         9.24559756e+01],       [-9.10018784e-01, -4.09682518e-01,  6.34511445e-02,         1.97480527e+02],       [-4.04246068e-01,  8.42968877e-01, -3.54948712e-01,        -3.80520355e+01],       [ 0.00000000e+00,  0.00000000e+00,  0.00000000e+00,         1.00000000e+00]])),{}]
["set_obj_matrix",('Mesh 1', array([[ 9.47551652e-02, -3.45751614e-01, -9.33529475e-01,         9.16413646e+01],       [-9.12724443e-01, -4.04553176e-01,  5.71910795e-02,         1.97534135e+02],       [-3.97436222e-01,  8.46636019e-01, -3.53909453e-01,        -3.97083017e+01],       [ 0.00000000e+00,  0.00000000e+00,  0.00000000e+00,         1.00000000e+00]])),{}]
["set_obj_matrix",('Mesh 1', array([[ 9.75937978e-02, -3.42838268e-01, -9.34311176e-01,         9.08230142e+01],       [-9.15373530e-01, -3.99371234e-01,  5.09305295e-02,         1.97571319e+02],       [-3.90597942e-01,  8.50273215e-01, -3.52801231e-01,        -4.13688016e+01],       [ 0.00000000e+00,  0.00000000e+00,  0.00000000e+00,         1.00000000e+00]])),{}]
["set_obj_matrix",('Mesh 1', array([[ 9.97913517e-02, -3.40212604e-01, -9.35038539e-01,         9.01430678e+01],       [-9.11787190e-01, -4.07489556e-01,  5.09546984e-02,         1.98189923e+02],       [-3.98353870e-01,  8.47471324e-01, -3.50865428e-01,        -3.98698546e+01],       [ 0.00000000e+00,  0.00000000e+00,  0.00000000e+00,         1.00000000e+00]])),{}]
["set_obj_matrix",('Mesh 1', array([[ 9.56556755e-02, -3.32195770e-01, -9.38347463e-01,         8.98225448e+01],       [-9.07827274e-01, -4.15768409e-01,  5.46467886e-02,         1.98552818e+02],       [-4.08288664e-01,  8.46630144e-01, -3.41346988e-01,        -3.87725761e+01],       [ 0.00000000e+00,  0.00000000e+00,  0.00000000e+00,         1.00000000e+00]])),{}]
["set_obj_matrix",('Mesh 1', array([[ 7.83753201e-02, -3.00618482e-01, -9.50518720e-01,         8.86624845e+01],       [-8.91216004e-01, -4.48402791e-01,  6.83298766e-02,         1.99879637e+02],       [-4.46756470e-01,  8.41762119e-01, -3.03059715e-01,        -3.43761269e+01],       [ 0.00000000e+00,  0.00000000e+00,  0.00000000e+00,         1.00000000e+00]])),{}]
["set_obj_matrix",('Mesh 1', array([[ 9.00549716e-02, -2.85457098e-01, -9.54151114e-01,         8.48594359e+01],       [-8.66650613e-01, -4.94510988e-01,  6.61483009e-02,         2.02878641e+02],       [-4.90720712e-01,  8.20958664e-01, -2.91924742e-01,        -2.51745252e+01],       [ 0.00000000e+00,  0.00000000e+00,  0.00000000e+00,         1.00000000e+00]])),{}]
["set_obj_matrix",('Mesh 1', array([[ 1.23842408e-01, -2.66959373e-01, -9.55717401e-01,         7.70024776e+01],       [-8.17162940e-01, -5.73833932e-01,  5.43998894e-02,         2.07393280e+02],       [-5.62945635e-01,  7.74239828e-01, -2.89214282e-01,        -7.29858532e+00],       [ 0.00000000e+00,  0.00000000e+00,  0.00000000e+00,         1.00000000e+00]])),{}]
["set_obj_matrix",('Mesh 1', array([[ 1.75632772e-01, -2.31981650e-01, -9.56732796e-01,         6.39138024e+01],       [-7.22972829e-01, -6.90010090e-01,  3.45885048e-02,         2.10779062e+02],       [-6.68179181e-01,  6.85616941e-01, -2.88904815e-01,         2.19507690e+01],       [ 0.00000000e+00,  0.00000000e+00,  0.00000000e+00,         1.00000000e+00]])),{}]
["set_obj_matrix",('Mesh 1', array([[ 2.40079425e-01, -2.00481741e-01, -9.49825742e-01,         4.88810162e+01],       [-6.15057070e-01, -7.88406586e-01,  1.09478786e-02,         2.09674603e+02],       [-7.51043720e-01,  5.81568678e-01, -3.12587912e-01,         5.13987428e+01],       [ 0.00000000e+00,  0.00000000e+00,  0.00000000e+00,         1.00000000e+00]])),{}]
["set_obj_matrix",('Mesh 1', array([[ 2.98999011e-01, -1.72239440e-01, -9.38580399e-01,         3.49214045e+01],       [-5.15925691e-01, -8.56603417e-01, -7.16015192e-03,         2.05220451e+02],       [-8.02757917e-01,  4.86378619e-01, -3.44986327e-01,         7.52308821e+01],       [ 0.00000000e+00,  0.00000000e+00,  0.00000000e+00,         1.00000000e+00]])),{}]
["set_obj_matrix",('Mesh 1', array([[ 3.10660271e-01, -1.65970092e-01, -9.35918866e-01,         3.20336022e+01],       [-4.95202817e-01, -8.68716100e-01, -1.03202864e-02,         2.03940424e+02],       [-8.11334928e-01,  4.66675762e-01, -3.52064436e-01,         7.98547141e+01],       [ 0.00000000e+00,  0.00000000e+00,  0.00000000e+00,         1.00000000e+00]])),{}]
["set_obj_matrix",('Mesh 1', array([[ 3.50480112e-01, -1.55647560e-01, -9.23546170e-01,         2.35846723e+01],       [-4.45886661e-01, -8.94900464e-01, -1.83914280e-02,         2.00543812e+02],       [-8.23619315e-01,  4.18242747e-01, -3.83045986e-01,         9.06673390e+01],       [ 0.00000000e+00,  0.00000000e+00,  0.00000000e+00,         1.00000000e+00]])),{}]
["set_obj_matrix",('Mesh 1', array([[ 3.59446477e-01, -1.55325021e-01, -9.20148014e-01,         2.19360450e+01],       [-4.38739328e-01, -8.98397634e-01, -1.97356018e-02,         2.00018815e+02],       [-8.23593366e-01,  4.10799014e-01, -3.91073059e-01,         9.22274760e+01],       [ 0.00000000e+00,  0.00000000e+00,  0.00000000e+00,         1.00000000e+00]])),{}]
["set_obj_matrix",('Mesh 1', array([[ 3.51766021e-01, -1.52283363e-01, -9.23618126e-01,         2.29000843e+01],       [-4.38695483e-01, -8.98435987e-01, -1.89486434e-02,         1.99970177e+02],       [-8.26926200e-01,  4.11852589e-01, -3.82845276e-01,         9.20985233e+01],       [ 0.00000000e+00,  0.00000000e+00,  0.00000000e+00,         1.00000000e+00]])),{}]
["set_obj_matrix",('Mesh 1', array([[ 3.54297278e-01, -1.45544193e-01, -9.23737152e-01,         2.15341658e+01],       [-4.24236996e-01, -9.05328731e-01, -2.00713733e-02,         1.98785652e+02],       [-8.33364512e-01,  3.98994707e-01, -3.82500737e-01,         9.49482383e+01],       [ 0.00000000e+00,  0.00000000e+00,  0.00000000e+00,         1.00000000e+00]])),{}]
["set_obj_matrix",('Mesh 1', array([[ 3.57993014e-01, -1.35408563e-01, -9.23853626e-01,         1.94934113e+01],       [-4.02364408e-01, -9.15220643e-01, -2.17728591e-02,         1.96916163e+02],       [-8.42581679e-01,  3.79520349e-01, -3.82126183e-01,         9.91899961e+01],       [ 0.00000000e+00,  0.00000000e+00,  0.00000000e+00,         1.00000000e+00]])),{}]
["set_obj_matrix",('Mesh 1', array([[ 3.77284773e-01, -1.03980410e-01, -9.20241422e-01,         1.17058459e+01],       [-3.27985732e-01, -9.44274331e-01, -2.77731365e-02,         1.89906086e+02],       [-8.66072491e-01,  3.12304438e-01, -3.90364417e-01,         1.13107362e+02],       [ 0.00000000e+00,  0.00000000e+00,  0.00000000e+00,         1.00000000e+00]])),{}]
["set_obj_matrix",('Mesh 1', array([[ 3.79433071e-01, -9.70733154e-02, -9.20112665e-01,         1.03603018e+01],       [-3.12850584e-01, -9.49364008e-01, -2.88529297e-02,         1.88351697e+02],       [-8.70720998e-01,  2.98805541e-01, -3.90589544e-01,         1.15805553e+02],       [ 0.00000000e+00,  0.00000000e+00,  0.00000000e+00,         1.00000000e+00]])),{}]
["set_obj_matrix",('Mesh 1', array([[ 3.90433610e-01, -8.91209412e-02, -9.16307292e-01,         7.26219693e+00],       [-2.90007302e-01, -9.56537123e-01, -3.05368183e-02,         1.85935071e+02],       [-8.73760471e-01,  2.77658406e-01, -3.99309966e-01,         1.19875074e+02],       [ 0.00000000e+00,  0.00000000e+00,  0.00000000e+00,         1.00000000e+00]])),{}]
["set_obj_matrix",('Mesh 1', array([[ 4.16072790e-01, -8.92301188e-02, -9.04942771e-01,         2.59857848e+00],       [-2.74680014e-01, -9.61018519e-01, -3.15324726e-02,         1.84257343e+02],       [-8.66853115e-01,  2.61689497e-01, -4.24363386e-01,         1.22625864e+02],       [ 0.00000000e+00,  0.00000000e+00,  0.00000000e+00,         1.00000000e+00]])),{}]
["set_obj_matrix",('Mesh 1', array([[ 4.41623447e-01, -8.89405703e-02, -8.92781220e-01,        -2.15712811e+00],       [-2.59265926e-01, -9.65272838e-01, -3.20862430e-02,         1.82506513e+02],       [-8.58923693e-01,  2.45637787e-01, -4.49346377e-01,         1.25225170e+02],       [ 0.00000000e+00,  0.00000000e+00,  0.00000000e+00,         1.00000000e+00]])),{}]
["set_obj_matrix",('Mesh 1', array([[ 4.66035090e-01, -9.20430081e-02, -8.79965556e-01,        -6.28214744e+00],       [-2.51527406e-01, -9.67320022e-01, -3.20302911e-02,         1.81594542e+02],       [-8.48260136e-01,  2.36262694e-01, -4.73956413e-01,         1.26406410e+02],       [ 0.00000000e+00,  0.00000000e+00,  0.00000000e+00,         1.00000000e+00]])),{}]
["set_obj_matrix",('Mesh 1', array([[ 4.99064342e-01, -9.32309482e-02, -8.61535126e-01,        -1.23660656e+01],       [-2.36007330e-01, -9.71237005e-01, -3.16104304e-02,         1.79719597e+02],       [-8.33807725e-01,  2.19104244e-01, -5.06712944e-01,         1.28617924e+02],       [ 0.00000000e+00,  0.00000000e+00,  0.00000000e+00,         1.00000000e+00]])),{}]
["set_obj_matrix",('Mesh 1', array([[ 5.23133666e-01, -9.57640089e-02, -8.46853247e-01,        -1.66327699e+01],       [-2.28232838e-01, -9.73114640e-01, -3.09462380e-02,         1.78740784e+02],       [-8.21121756e-01,  2.09468739e-01, -5.30925521e-01,         1.29497903e+02],       [ 0.00000000e+00,  0.00000000e+00,  0.00000000e+00,         1.00000000e+00]])),{}]
["set_obj_matrix",('Mesh 1', array([[ 5.79249450e-01, -9.79531535e-02, -8.09243631e-01,        -2.73234318e+01],       [-2.04882631e-01, -9.78379438e-01, -2.82273464e-02,         1.75702999e+02],       [-7.88982371e-01,  1.82150639e-01, -5.86794651e-01,         1.31819990e+02],       [ 0.00000000e+00,  0.00000000e+00,  0.00000000e+00,         1.00000000e+00]])),{}]
["set_obj_matrix",('Mesh 1', array([[ 6.18420006e-01, -9.91676897e-02, -7.79565562e-01,        -3.50375855e+01],       [-1.89341563e-01, -9.81584359e-01, -2.53361080e-02,         1.73572603e+02],       [-7.62696839e-01,  1.63272518e-01, -6.25807971e-01,         1.32813939e+02],       [ 0.00000000e+00,  0.00000000e+00,  0.00000000e+00,         1.00000000e+00]])),{}]
["set_obj_matrix",('Mesh 1', array([[ 7.34414250e-01, -1.14305268e-01, -6.69006738e-01,        -5.75702442e+01],       [-1.66788210e-01, -9.85883926e-01, -1.46484497e-02,         1.70039108e+02],       [-6.57888594e-01,  1.22340467e-01, -7.43111975e-01,         1.29487421e+02],       [ 0.00000000e+00,  0.00000000e+00,  0.00000000e+00,         1.00000000e+00]])),{}]
["set_obj_matrix",('Mesh 1', array([[ 7.68444420e-01, -1.17585404e-01, -6.29020545e-01,        -6.48039608e+01],       [-1.59496004e-01, -9.87144655e-01, -1.03176458e-02,         1.68825136e+02],       [-6.19721065e-01,  1.08254801e-01, -7.77320204e-01,         1.27644599e+02],       [ 0.00000000e+00,  0.00000000e+00,  0.00000000e+00,         1.00000000e+00]])),{}]
["set_obj_matrix",('Mesh 1', array([[ 8.18242626e-01, -1.30089017e-01, -5.59960582e-01,        -7.49056242e+01],       [-1.60516466e-01, -9.87019188e-01, -5.25226078e-03,         1.68661000e+02],       [-5.52008577e-01,  9.41805174e-02, -8.28502602e-01,         1.22217995e+02],       [ 0.00000000e+00,  0.00000000e+00,  0.00000000e+00,         1.00000000e+00]])),{}]
["set_obj_matrix",('Mesh 1', array([[ 8.92182458e-01, -1.61077768e-01, -4.21976794e-01,        -9.02340931e+01],       [-1.78029984e-01, -9.84024751e-01, -7.83734079e-04,         1.70686272e+02],       [-4.15109368e-01,  7.58237556e-02, -9.06606293e-01,         1.08252615e+02],       [ 0.00000000e+00,  0.00000000e+00,  0.00000000e+00,         1.00000000e+00]])),{}]
["set_obj_matrix",('Mesh 1', array([[ 9.72858205e-01, -2.04590720e-01, -1.08118221e-01,        -1.15381080e+02],       [-2.05342870e-01, -9.78680868e-01,  4.25023098e-03,         1.73863354e+02],       [-1.06682792e-01,  1.80664337e-02, -9.94128958e-01,         7.38468959e+01],       [ 0.00000000e+00,  0.00000000e+00,  0.00000000e+00,         1.00000000e+00]])),{}]
["set_obj_matrix",('Mesh 1', array([[ 9.75481863e-01, -2.05650502e-01, -7.83773320e-02,        -1.17426414e+02],       [-2.05873236e-01, -9.78564232e-01,  5.31553044e-03,         1.73864933e+02],       [-7.77903951e-02,  1.09505915e-02, -9.96909594e-01,         7.05453482e+01],       [ 0.00000000e+00,  0.00000000e+00,  0.00000000e+00,         1.00000000e+00]])),{}]
["set_obj_matrix",('Mesh 1', array([[ 9.76486842e-01, -2.06102508e-01, -6.32076274e-02,        -1.18430590e+02],       [-2.06149091e-01, -9.78503078e-01,  5.85472782e-03,         1.73866579e+02],       [-6.30555321e-02,  7.31313026e-03, -9.97983225e-01,         6.88420782e+01],       [ 0.00000000e+00,  0.00000000e+00,  0.00000000e+00,         1.00000000e+00]])),{}]
["set_obj_matrix",('Mesh 1', array([[ 9.78177130e-01, -2.07121146e-01, -1.64418039e-02,        -1.21361346e+02],       [-2.07022655e-01, -9.78307397e-01,  7.50054557e-03,         1.73875212e+02],       [-1.76386600e-02, -3.93303623e-03, -9.99836691e-01,         6.35095112e+01],       [ 0.00000000e+00,  0.00000000e+00,  0.00000000e+00,         1.00000000e+00]])),{}]
["set_obj_matrix",('Mesh 1', array([[ 9.76983159e-01, -2.07597304e-01,  4.90639046e-02,        -1.25049560e+02],       [-2.08307060e-01, -9.78014697e-01,  9.76838653e-03,         1.73896332e+02],       [ 4.59573291e-02, -1.97639069e-02, -9.98747872e-01,         5.58327578e+01],       [ 0.00000000e+00,  0.00000000e+00,  0.00000000e+00,         1.00000000e+00]])),{}]
["set_obj_matrix",('Mesh 1', array([[ 9.77683360e-01, -2.07581353e-01,  3.23300138e-02,        -1.24153615e+02],       [-2.07972015e-01, -9.78091577e-01,  9.19287033e-03,         1.73889932e+02],       [ 2.97134457e-02, -1.57114545e-02, -9.99434971e-01,         5.78169089e+01],       [ 0.00000000e+00,  0.00000000e+00,  0.00000000e+00,         1.00000000e+00]])),{}]
["set_obj_matrix",('Mesh 1', array([[ 9.76983159e-01, -2.07597304e-01,  4.90639046e-02,        -1.25049560e+02],       [-2.08307060e-01, -9.78014697e-01,  9.76838653e-03,         1.73896332e+02],       [ 4.59573291e-02, -1.97639069e-02, -9.98747872e-01,         5.58327578e+01],       [ 0.00000000e+00,  0.00000000e+00,  0.00000000e+00,         1.00000000e+00]])),{}]
["set_obj_matrix",('Mesh 1', array([[ 9.71151316e-01, -2.06880073e-01,  1.18599144e-01,        -1.28430935e+02],       [-2.09752642e-01, -9.77679174e-01,  1.21351230e-02,         1.73930396e+02],       [ 1.13441398e-01, -3.66615245e-02, -9.92868059e-01,         4.74166215e+01],       [ 0.00000000e+00,  0.00000000e+00,  0.00000000e+00,         1.00000000e+00]])),{}]
["set_obj_matrix",('Mesh 1', array([[ 9.34943765e-01, -1.99274646e-01,  2.93546883e-01,        -1.34424956e+02],       [-2.13814538e-01, -9.76709217e-01,  1.79568784e-02,         1.74072037e+02],       [ 2.83131596e-01, -7.95532628e-02, -9.55776008e-01,         2.49696002e+01],       [ 0.00000000e+00,  0.00000000e+00,  0.00000000e+00,         1.00000000e+00]])),{}]
["set_obj_matrix",('Mesh 1', array([[ 9.26889847e-01, -2.05113359e-01,  3.14330593e-01,        -1.33573212e+02],       [-2.20444950e-01, -9.75304364e-01,  1.36169732e-02,         1.75162501e+02],       [ 3.03774976e-01, -8.19140261e-02, -9.49215916e-01,         2.17006656e+01],       [ 0.00000000e+00,  0.00000000e+00,  0.00000000e+00,         1.00000000e+00]])),{}]
["set_obj_matrix",('Mesh 1', array([[ 9.33549170e-01, -2.06613607e-01,  2.92910848e-01,        -1.33103609e+02],       [-2.19954954e-01, -9.75423626e-01,  1.29833755e-02,         1.75141606e+02],       [ 2.83029619e-01, -7.65478115e-02, -9.56051603e-01,         2.45656400e+01],       [ 0.00000000e+00,  0.00000000e+00,  0.00000000e+00,         1.00000000e+00]])),{}]
["set_obj_matrix",('Mesh 1', array([[ 9.38099877e-01, -2.15232447e-01,  2.71373570e-01,        -1.31264607e+02],       [-2.25668921e-01, -9.74175452e-01,  7.46506418e-03,         1.76182954e+02],       [ 2.62758746e-01, -6.82435566e-02, -9.62445146e-01,         2.69034066e+01],       [ 0.00000000e+00,  0.00000000e+00,  0.00000000e+00,         1.00000000e+00]])),{}]
["set_obj_matrix",('Mesh 1', array([[ 9.63407917e-01, -2.68012571e-01, -3.80104362e-03,        -1.10978388e+02],       [-2.68013517e-01, -9.63020045e-01, -2.75889060e-02,         1.83271762e+02],       [ 3.73369242e-03,  2.75981015e-02, -9.99612127e-01,         5.55867080e+01],       [ 0.00000000e+00,  0.00000000e+00,  0.00000000e+00,         1.00000000e+00]])),{}]
["set_obj_matrix",('Mesh 1', array([[ 9.45546437e-01, -2.93333357e-01, -1.41058417e-01,        -9.62552104e+01],       [-3.02156327e-01, -9.52179058e-01, -4.53497145e-02,         1.88087111e+02],       [-1.21010287e-01,  8.55019542e-02, -9.88962045e-01,         6.59757292e+01],       [ 0.00000000e+00,  0.00000000e+00,  0.00000000e+00,         1.00000000e+00]])),{}]
["set_obj_matrix",('Mesh 1', array([[ 9.37443508e-01, -2.96062546e-01, -1.83157414e-01,        -9.20618714e+01],       [-3.09330388e-01, -9.49740929e-01, -4.80299746e-02,         1.89012333e+02],       [-1.59732216e-01,  1.01681542e-01, -9.81909611e-01,         6.92356375e+01],       [ 0.00000000e+00,  0.00000000e+00,  0.00000000e+00,         1.00000000e+00]])),{}]
["set_obj_matrix",('Mesh 1', array([[ 9.23106002e-01, -3.02921577e-01, -2.36883573e-01,        -8.55973310e+01],       [-3.23656605e-01, -9.44676820e-01, -5.32175470e-02,         1.90821673e+02],       [-2.07657678e-01,  1.25794370e-01, -9.70079412e-01,         7.24900669e+01],       [ 0.00000000e+00,  0.00000000e+00,  0.00000000e+00,         1.00000000e+00]])),{}]
["set_obj_matrix",('Mesh 1', array([[ 9.20167991e-01, -3.01422622e-01, -2.49870509e-01,        -8.45753682e+01],       [-3.23798657e-01, -9.44647575e-01, -5.28714297e-02,         1.90818725e+02],       [-2.20102925e-01,  1.29558332e-01, -9.66834702e-01,         7.36874798e+01],       [ 0.00000000e+00,  0.00000000e+00,  0.00000000e+00,         1.00000000e+00]])),{}]
["set_obj_matrix",('Mesh 1', array([[ 9.13879385e-01, -2.98322377e-01, -2.75369261e-01,        -8.25106128e+01],       [-3.24072481e-01, -9.44591817e-01, -5.21855036e-02,         1.90812006e+02],       [-2.44543447e-01,  1.36930855e-01, -9.59921061e-01,         7.60092157e+01],       [ 0.00000000e+00,  0.00000000e+00,  0.00000000e+00,         1.00000000e+00]])),{}]
