["add_ply",('%s',),{}]
["add_polygon_ray",(array([ 301.71777344,  148.90617371,  -94.08088684], dtype=float32), array([ 301.71777344,  148.90617371,  346.12115479], dtype=float32), array([  5.39092053e-14,   0.00000000e+00,   4.40202057e+02], dtype=float32)),{}]
["add_polygon_ray",(array([ 292.91372681,  256.31549072,  -94.08088684], dtype=float32), array([ 292.91372681,  256.31549072,  346.12115479], dtype=float32), array([  5.39092053e-14,   0.00000000e+00,   4.40202057e+02], dtype=float32)),{}]
["add_polygon_ray",(array([ 219.84017944,  317.06335449,  -94.08088684], dtype=float32), array([ 219.84017944,  317.06335449,  346.12115479], dtype=float32), array([  5.39092053e-14,   0.00000000e+00,   4.40202057e+02], dtype=float32)),{}]
["add_polygon_ray",(array([ 105.67742157,  292.347229  ,  -94.24983215], dtype=float32), array([ 103.20594788,  291.5871582 ,  345.94464111], dtype=float32), array([  -2.47146869,   -0.76009268,  440.19448853], dtype=float32)),{}]
["add_polygon_ray",(array([  49.92217255,  243.37417603,  -94.64743042], dtype=float32), array([  47.45069885,  242.61407471,  345.54705811], dtype=float32), array([  -2.47146869,   -0.76009268,  440.19448853], dtype=float32)),{}]
["add_polygon_ray",(array([  83.91308594,  185.06517029,  -94.55726624], dtype=float32), array([  81.44161987,  184.30508423,  345.63720703], dtype=float32), array([  -2.47146869,   -0.76009268,  440.19448853], dtype=float32)),{}]
["add_polygon_ray",(array([  83.91308594,  185.06517029,  -94.55726624], dtype=float32), array([  81.44161987,  184.30508423,  345.63720703], dtype=float32), array([  -2.47146869,   -0.76009268,  440.19448853], dtype=float32)),{}]
["add_polygon_ray",(array([ 132.88078308,  128.42826843,  -94.38014221], dtype=float32), array([ 130.40933228,  127.66817474,  345.81433105], dtype=float32), array([  -2.47146869,   -0.76009268,  440.19448853], dtype=float32)),{}]
["add_polygon_ray",(array([ 163.49601746,   94.79098511,  -94.2663269 ], dtype=float32), array([ 161.02455139,   94.03088379,  345.92816162], dtype=float32), array([  -2.47146869,   -0.76009268,  440.19448853], dtype=float32)),{}]
["add_polygon_ray",(array([ 222.55924988,  107.64730072,  -93.91252136], dtype=float32), array([ 220.08778381,  106.88720703,  346.2819519 ], dtype=float32), array([  -2.47146869,   -0.76009268,  440.19448853], dtype=float32)),{}]
["add_polygon_ray",(array([ 252.479599  ,  105.58628845,  -93.34011841], dtype=float32), array([ 249.87739563,  108.35969543,  346.84552002], dtype=float32), array([  -2.60221052,    2.77340794,  440.18563843], dtype=float32)),{}]
["select_region_polygon",(),{}]
["crop_selection",(),{}]
["set_obj_matrix",('Mesh 1', array([[ -9.99989754e-01,  -4.52680494e-03,   2.85818959e-05,          1.78273340e+02],       [ -4.52680570e-03,   9.99989754e-01,  -2.66962007e-05,         -1.53379781e+02],       [ -2.84607545e-05,  -2.68253119e-05,  -9.99999999e-01,          1.26029332e+02],       [  0.00000000e+00,   0.00000000e+00,   0.00000000e+00,          1.00000000e+00]])),{}]
["set_obj_matrix",('Mesh 1', array([[ -9.99649561e-01,  -2.64712596e-02,   1.68854937e-04,          1.81578836e+02],       [ -2.64712857e-02,   9.99649562e-01,  -1.54280254e-04,         -1.49414331e+02],       [ -1.64711771e-04,  -1.58695996e-04,  -9.99999974e-01,          1.26073857e+02],       [  0.00000000e+00,   0.00000000e+00,   0.00000000e+00,          1.00000000e+00]])),{}]
["set_obj_matrix",('Mesh 1', array([[ -9.81583334e-01,  -1.91029936e-01,   1.31246441e-03,          2.03599575e+02],       [ -1.91031308e-01,   9.81583421e-01,  -1.01327022e-03,         -1.17297791e+02],       [ -1.09472836e-03,  -1.24533096e-03,  -9.99998625e-01,          1.26406387e+02],       [  0.00000000e+00,   0.00000000e+00,   0.00000000e+00,          1.00000000e+00]])),{}]
["set_obj_matrix",('Mesh 1', array([[ -8.94668747e-01,  -4.46716934e-01,   3.43723705e-03,          2.27321471e+02],       [ -4.46724780e-01,   8.94669247e-01,  -1.97722669e-03,         -5.83688921e+01],       [ -2.19192963e-03,  -3.30446189e-03,  -9.99992138e-01,          1.26917906e+02],       [  0.00000000e+00,   0.00000000e+00,   0.00000000e+00,          1.00000000e+00]])),{}]
["set_obj_matrix",('Mesh 1', array([[ -8.36875650e-01,  -5.47375256e-01,   4.41308986e-03,          2.32455916e+02],       [ -5.47387407e-01,   8.36876425e-01,  -2.20817989e-03,         -3.15530453e+01],       [ -2.48450783e-03,  -4.26364180e-03,  -9.99987824e-01,          1.27117213e+02],       [  0.00000000e+00,   0.00000000e+00,   0.00000000e+00,          1.00000000e+00]])),{}]
["set_obj_matrix",('Mesh 1', array([[ -8.30255564e-01,  -5.57364613e-01,   4.51516366e-03,          2.32807698e+02],       [ -5.57377257e-01,   8.30256370e-01,  -2.22552616e-03,         -2.87561170e+01],       [ -2.50831386e-03,  -4.36440502e-03,  -9.99987330e-01,          1.27136915e+02],       [  0.00000000e+00,   0.00000000e+00,   0.00000000e+00,          1.00000000e+00]])),{}]
["set_obj_matrix",('Mesh 1', array([[ -8.03709382e-01,  -5.95001789e-01,   4.90922922e-03,          2.33847169e+02],       [ -5.95016411e-01,   8.03710314e-01,  -2.28078004e-03,         -1.79720644e+01],       [ -2.58852995e-03,  -4.75415626e-03,  -9.99985349e-01,          1.27211005e+02],       [  0.00000000e+00,   0.00000000e+00,   0.00000000e+00,          1.00000000e+00]])),{}]
["set_obj_matrix",('Mesh 1', array([[ -7.59079566e-01,  -6.50974408e-01,   5.52572157e-03,          2.34474421e+02],       [ -6.50992354e-01,   7.59080710e-01,  -2.33049790e-03,         -1.14417120e+00],       [ -2.67737416e-03,  -5.36623583e-03,  -9.99982017e-01,          1.27320738e+02],       [  0.00000000e+00,   0.00000000e+00,   0.00000000e+00,          1.00000000e+00]])),{}]
["set_obj_matrix",('Mesh 1', array([[ -7.54752604e-01,  -6.55985776e-01,   5.58287526e-03,          2.34471529e+02],       [ -6.56004044e-01,   7.54753769e-01,  -2.33286305e-03,          4.13271621e-01],       [ -2.68337117e-03,  -5.42312321e-03,  -9.99981694e-01,          1.27330534e+02],       [  0.00000000e+00,   0.00000000e+00,   0.00000000e+00,          1.00000000e+00]])),{}]
["set_obj_matrix",('Mesh 1', array([[ -7.54780810e-01,  -6.55953325e-01,   5.58250406e-03,          2.34471581e+02],       [ -6.55971591e-01,   7.54781975e-01,  -2.33284891e-03,          4.03157870e-01],       [ -2.68333344e-03,  -5.42275366e-03,  -9.99981697e-01,          1.27330470e+02],       [  0.00000000e+00,   0.00000000e+00,   0.00000000e+00,          1.00000000e+00]])),{}]
["set_obj_matrix",('Mesh 1', array([[ -7.59079566e-01,  -6.50974408e-01,   5.52572157e-03,          2.34474421e+02],       [ -6.50992354e-01,   7.59080710e-01,  -2.33049790e-03,         -1.14417120e+00],       [ -2.67737416e-03,  -5.36623583e-03,  -9.99982017e-01,          1.27320738e+02],       [  0.00000000e+00,   0.00000000e+00,   0.00000000e+00,          1.00000000e+00]])),{}]
["set_obj_matrix",('Mesh 1', array([[ -7.63344739e-01,  -6.45968188e-01,   5.46896559e-03,          2.34467084e+02],       [ -6.45985816e-01,   7.63345863e-01,  -2.32777393e-03,         -2.69121729e+00],       [ -2.67104435e-03,  -5.30976818e-03,  -9.99982336e-01,          1.27310947e+02],       [  0.00000000e+00,   0.00000000e+00,   0.00000000e+00,          1.00000000e+00]])),{}]
["set_obj_matrix",('Mesh 1', array([[ -7.67575798e-01,  -6.40935333e-01,   5.41224346e-03,          2.34449578e+02],       [ -6.40952646e-01,   7.67576902e-01,  -2.32467758e-03,         -4.23777978e+00],       [ -2.66434507e-03,  -5.25335802e-03,  -9.99982652e-01,          1.27301100e+02],       [  0.00000000e+00,   0.00000000e+00,   0.00000000e+00,          1.00000000e+00]])),{}]
["set_obj_matrix",('Mesh 1', array([[ -7.71772226e-01,  -6.35876521e-01,   5.35556251e-03,          2.34421915e+02],       [ -6.35893521e-01,   7.71773310e-01,  -2.32120959e-03,         -5.78365840e+00],       [ -2.65727753e-03,  -5.19701259e-03,  -9.99982965e-01,          1.27291196e+02],       [  0.00000000e+00,   0.00000000e+00,   0.00000000e+00,          1.00000000e+00]])),{}]
["set_obj_matrix",('Mesh 1', array([[ -7.79871211e-01,  -6.25918034e-01,   5.24494053e-03,          2.34338594e+02],       [ -6.25934431e-01,   7.79872256e-01,  -2.31336297e-03,         -8.80195540e+00],       [ -2.64240800e-03,  -5.08711405e-03,  -9.99983569e-01,          1.27271687e+02],       [  0.00000000e+00,   0.00000000e+00,   0.00000000e+00,          1.00000000e+00]])),{}]
["set_obj_matrix",('Mesh 1', array([[ -7.87964357e-01,  -6.15699462e-01,   5.13271438e-03,          2.34214337e+02],       [ -6.15715257e-01,   7.87965364e-01,  -2.30394205e-03,         -1.18657365e+01],       [ -2.62586527e-03,  -4.97571477e-03,  -9.99984173e-01,          1.27251649e+02],       [  0.00000000e+00,   0.00000000e+00,   0.00000000e+00,          1.00000000e+00]])),{}]
["set_obj_matrix",('Mesh 1', array([[ -7.95911520e-01,  -6.05392141e-01,   5.02079206e-03,          2.34050433e+02],       [ -6.05407343e-01,   7.95912489e-01,  -2.29307677e-03,         -1.49229493e+01],       [ -2.60790045e-03,  -4.86471060e-03,  -9.99984767e-01,          1.27231418e+02],       [  0.00000000e+00,   0.00000000e+00,   0.00000000e+00,          1.00000000e+00]])),{}]
["set_obj_matrix",('Mesh 1', array([[ -7.99525379e-01,  -6.00611750e-01,   4.96930924e-03,          2.33961591e+02],       [ -6.00626683e-01,   7.99526331e-01,  -2.28758448e-03,         -1.63298080e+01],       [ -2.59914347e-03,  -4.81368158e-03,  -9.99985036e-01,          1.27222029e+02],       [  0.00000000e+00,   0.00000000e+00,   0.00000000e+00,          1.00000000e+00]])),{}]
["set_obj_matrix",('Mesh 1', array([[ -8.00137009e-01,  -5.99796765e-01,   4.96055867e-03,          2.33945647e+02],       [ -5.99811653e-01,   8.00137959e-01,  -2.28661991e-03,         -1.65689692e+01],       [ -2.59762406e-03,  -4.80501011e-03,  -9.99985082e-01,          1.27220428e+02],       [  0.00000000e+00,   0.00000000e+00,   0.00000000e+00,          1.00000000e+00]])),{}]
["set_obj_matrix",('Mesh 1', array([[ -8.04039467e-01,  -5.94555702e-01,   4.90446729e-03,          2.33837604e+02],       [ -5.94570299e-01,   8.04040397e-01,  -2.28022249e-03,         -1.81022507e+01],       [ -2.58767054e-03,  -4.74943946e-03,  -9.99985373e-01,          1.27210128e+02],       [  0.00000000e+00,   0.00000000e+00,   0.00000000e+00,          1.00000000e+00]])),{}]
["set_obj_matrix",('Mesh 1', array([[ -8.00137009e-01,  -5.99796765e-01,   4.96055867e-03,          2.33945647e+02],       [ -5.99811653e-01,   8.00137959e-01,  -2.28661991e-03,         -1.65689692e+01],       [ -2.59762406e-03,  -4.80501011e-03,  -9.99985082e-01,          1.27220428e+02],       [  0.00000000e+00,   0.00000000e+00,   0.00000000e+00,          1.00000000e+00]])),{}]
["set_obj_matrix",('Mesh 1', array([[ -8.00448543e-01,  -5.99380987e-01,   4.95609738e-03,          2.33937423e+02],       [ -5.99395852e-01,   8.00449490e-01,  -2.28612467e-03,         -1.66909045e+01],       [ -2.59684596e-03,  -4.80058937e-03,  -9.99985105e-01,          1.27219611e+02],       [  0.00000000e+00,   0.00000000e+00,   0.00000000e+00,          1.00000000e+00]])),{}]
["save_ply",('%s',),{}]