["add_ply",('%s',),{}]
["add_polygon_ray",(array([ 637.58673096,  604.50775146, -199.36575317], dtype=float32), array([ 637.58673096,  604.50775146,  584.49523926], dtype=float32), array([  9.59952942e-14,   0.00000000e+00,   7.83861023e+02], dtype=float32)),{}]
["add_polygon_ray",(array([ 451.02783203,  646.83624268, -199.36575317], dtype=float32), array([ 451.02783203,  646.83624268,  584.49523926], dtype=float32), array([  9.59952942e-14,   0.00000000e+00,   7.83861023e+02], dtype=float32)),{}]
["add_polygon_ray",(array([ 413.40249634,  518.28302002, -199.36575317], dtype=float32), array([ 413.40249634,  518.28302002,  584.49523926], dtype=float32), array([  9.59952942e-14,   0.00000000e+00,   7.83861023e+02], dtype=float32)),{}]
["add_polygon_ray",(array([ 355.39678955,  533.96026611, -199.36575317], dtype=float32), array([ 355.39678955,  533.96026611,  584.49523926], dtype=float32), array([  9.59952942e-14,   0.00000000e+00,   7.83861023e+02], dtype=float32)),{}]
["add_polygon_ray",(array([ 273.87524414,  667.21661377, -199.36575317], dtype=float32), array([ 273.87524414,  667.21661377,  584.49523926], dtype=float32), array([  9.59952942e-14,   0.00000000e+00,   7.83861023e+02], dtype=float32)),{}]
["add_polygon_ray",(array([ 132.78025818,  689.16473389, -199.36575317], dtype=float32), array([ 132.78025818,  689.16473389,  584.49523926], dtype=float32), array([  9.59952942e-14,   0.00000000e+00,   7.83861023e+02], dtype=float32)),{}]
["add_polygon_ray",(array([  13.63339233,  544.93432617, -199.36575317], dtype=float32), array([  13.63339233,  544.93432617,  584.49523926], dtype=float32), array([  9.59952942e-14,   0.00000000e+00,   7.83861023e+02], dtype=float32)),{}]
["add_polygon_ray",(array([  35.58148193,  245.49940491, -199.36575317], dtype=float32), array([  35.58148193,  245.49940491,  584.49523926], dtype=float32), array([  9.59952942e-14,   0.00000000e+00,   7.83861023e+02], dtype=float32)),{}]
["add_polygon_ray",(array([ 156.2960968 ,   57.37277222, -199.36575317], dtype=float32), array([ 156.2960968 ,   57.37277222,  584.49523926], dtype=float32), array([  9.59952942e-14,   0.00000000e+00,   7.83861023e+02], dtype=float32)),{}]
["add_polygon_ray",(array([ 367.93856812,   26.01831055, -199.36575317], dtype=float32), array([ 367.93856812,   26.01831055,  584.49523926], dtype=float32), array([  9.59952942e-14,   0.00000000e+00,   7.83861023e+02], dtype=float32)),{}]
["add_polygon_ray",(array([ 571.74243164,   49.53414917, -199.36575317], dtype=float32), array([ 571.74243164,   49.53414917,  584.49523926], dtype=float32), array([  9.59952942e-14,   0.00000000e+00,   7.83861023e+02], dtype=float32)),{}]
["add_polygon_ray",(array([ 736.35327148,  253.3380127 , -199.36575317], dtype=float32), array([ 736.35327148,  253.3380127 ,  584.49523926], dtype=float32), array([  9.59952942e-14,   0.00000000e+00,   7.83861023e+02], dtype=float32)),{}]
["add_polygon_ray",(array([ 736.35327148,  524.55389404, -199.36575317], dtype=float32), array([ 736.35327148,  524.55389404,  584.49523926], dtype=float32), array([  9.59952942e-14,   0.00000000e+00,   7.83861023e+02], dtype=float32)),{}]
["select_region_polygon",(),{}]
["crop_selection",(),{}]
["transform_mesh",(array([[ 0.,  1.,  0.],       [ 1.,  0.,  0.],       [ 0.,  0.,  1.]], dtype=float32), array([ 0.,  0.,  0.], dtype=float32)),{'reverse': True}]
["set_obj_matrix",('Mesh 1', array([[ -9.99990223e-01,  -4.42200530e-03,   1.22463488e-16,          3.85397813e+02],       [ -4.42200530e-03,   9.99990223e-01,   5.41539488e-19,         -4.02139026e+02],       [ -1.22464685e-16,   0.00000000e+00,  -1.00000000e+00,          1.92564758e+02],       [  0.00000000e+00,   0.00000000e+00,   0.00000000e+00,          1.00000000e+00]])),{}]
["set_obj_matrix",('Mesh 1', array([[ -9.99435391e-01,  -3.35991028e-02,   1.22395541e-16,          3.96967830e+02],       [ -3.35991028e-02,   9.99435391e-01,   4.11470355e-18,         -3.90722167e+02],       [ -1.22464685e-16,   0.00000000e+00,  -1.00000000e+00,          1.92564758e+02],       [  0.00000000e+00,   0.00000000e+00,   0.00000000e+00,          1.00000000e+00]])),{}]
["set_obj_matrix",('Mesh 1', array([[ -9.83321639e-01,  -1.81875107e-01,   1.20422175e-16,          4.50666021e+02],       [ -1.81875107e-01,   9.83321639e-01,   2.22732777e-17,         -3.27333785e+02],       [ -1.22464685e-16,   0.00000000e+00,  -1.00000000e+00,          1.92564758e+02],       [  0.00000000e+00,   0.00000000e+00,   0.00000000e+00,          1.00000000e+00]])),{}]
["set_obj_matrix",('Mesh 1', array([[ -9.15589736e-01,  -4.02113709e-01,   1.12127409e-16,          5.13624003e+02],       [ -4.02113709e-01,   9.15589736e-01,   4.92447288e-17,         -2.15493975e+02],       [ -1.22464685e-16,   0.00000000e+00,  -1.00000000e+00,          1.92564758e+02],       [  0.00000000e+00,   0.00000000e+00,   0.00000000e+00,          1.00000000e+00]])),{}]
["set_obj_matrix",('Mesh 1', array([[ -6.74042753e-01,  -7.38692336e-01,   8.25464336e-17,          5.56886453e+02],       [ -7.38692336e-01,   6.74042753e-01,   9.04637245e-17,          1.11690692e+01],       [ -1.22464685e-16,   0.00000000e+00,  -1.00000000e+00,          1.92564758e+02],       [  0.00000000e+00,   0.00000000e+00,   0.00000000e+00,          1.00000000e+00]])),{}]
["set_obj_matrix",('Mesh 1', array([[ -5.79259762e-01,  -8.15143011e-01,   7.09388645e-17,          5.51399991e+02],       [ -8.15143011e-01,   5.79259762e-01,   9.98262322e-17,          7.87738535e+01],       [ -1.22464685e-16,   0.00000000e+00,  -1.00000000e+00,          1.92564758e+02],       [  0.00000000e+00,   0.00000000e+00,   0.00000000e+00,          1.00000000e+00]])),{}]
["set_obj_matrix",('Mesh 1', array([[ -4.21756517e-01,  -9.06709127e-01,   5.16502791e-17,          5.27957258e+02],       [ -9.06709127e-01,   4.21756517e-01,   1.11039848e-16,          1.77506065e+02],       [ -1.22464685e-16,   0.00000000e+00,  -1.00000000e+00,          1.92564758e+02],       [  0.00000000e+00,   0.00000000e+00,   0.00000000e+00,          1.00000000e+00]])),{}]
["set_obj_matrix",('Mesh 1', array([[ -3.44726848e-01,  -9.38703042e-01,   4.22168649e-17,          5.11327863e+02],       [ -9.38703042e-01,   3.44726848e-01,   1.14957973e-16,          2.20887045e+02],       [ -1.22464685e-16,   0.00000000e+00,  -1.00000000e+00,          1.92564758e+02],       [  0.00000000e+00,   0.00000000e+00,   0.00000000e+00,          1.00000000e+00]])),{}]
["set_obj_matrix",('Mesh 1', array([[ -2.63120829e-01,  -9.64762888e-01,   3.22230096e-17,          4.90546496e+02],       [ -9.64762888e-01,   2.63120829e-01,   1.18149383e-16,          2.63839733e+02],       [ -1.22464685e-16,   0.00000000e+00,  -1.00000000e+00,          1.92564758e+02],       [  0.00000000e+00,   0.00000000e+00,   0.00000000e+00,          1.00000000e+00]])),{}]
["set_obj_matrix",('Mesh 1', array([[ -1.51416630e-01,  -9.88470032e-01,   1.85431899e-17,          4.57268880e+02],       [ -9.88470032e-01,   1.51416630e-01,   1.21052671e-16,          3.18044716e+02],       [ -1.22464685e-16,   0.00000000e+00,  -1.00000000e+00,          1.92564758e+02],       [  0.00000000e+00,   0.00000000e+00,   0.00000000e+00,          1.00000000e+00]])),{}]
["set_obj_matrix",('Mesh 1', array([[ -7.68092619e-02,  -9.97045805e-01,   9.40642208e-18,          4.32111550e+02],       [ -9.97045805e-01,   7.68092619e-02,   1.22102901e-16,          3.51463907e+02],       [ -1.22464685e-16,   0.00000000e+00,  -1.00000000e+00,          1.92564758e+02],       [  0.00000000e+00,   0.00000000e+00,   0.00000000e+00,          1.00000000e+00]])),{}]
["set_obj_matrix",('Mesh 1', array([[  2.30297674e-02,  -9.99734780e-01,  -2.82033321e-18,          3.94897636e+02],       [ -9.99734780e-01,  -2.30297674e-02,   1.22432205e-16,          3.92814367e+02],       [ -1.22464685e-16,   0.00000000e+00,  -1.00000000e+00,          1.92564758e+02],       [  0.00000000e+00,   0.00000000e+00,   0.00000000e+00,          1.00000000e+00]])),{}]
["set_obj_matrix",('Mesh 1', array([[  1.15132463e-01,  -9.93350148e-01,  -1.40996608e-17,          3.56987223e+02],       [ -9.93350148e-01,  -1.15132463e-01,   1.21650313e-16,          4.27559811e+02],       [ -1.22464685e-16,   0.00000000e+00,  -1.00000000e+00,          1.92564758e+02],       [  0.00000000e+00,   0.00000000e+00,   0.00000000e+00,          1.00000000e+00]])),{}]
["set_obj_matrix",('Mesh 1', array([[  2.99542746e-01,  -9.54082881e-01,  -3.66834081e-17,          2.70386861e+02],       [ -9.54082881e-01,  -2.99542746e-01,   1.16841460e-16,          4.86968392e+02],       [ -1.22464685e-16,   0.00000000e+00,  -1.00000000e+00,          1.92564758e+02],       [  0.00000000e+00,   0.00000000e+00,   0.00000000e+00,          1.00000000e+00]])),{}]
["set_obj_matrix",('Mesh 1', array([[  3.49362861e-01,  -9.36987508e-01,  -4.27846129e-17,          2.44371295e+02],       [ -9.36987508e-01,  -3.49362861e-01,   1.14747880e-16,          5.00529659e+02],       [ -1.22464685e-16,   0.00000000e+00,  -1.00000000e+00,          1.92564758e+02],       [  0.00000000e+00,   0.00000000e+00,   0.00000000e+00,          1.00000000e+00]])),{}]
["set_obj_matrix",('Mesh 1', array([[  3.83316284e-01,  -9.23617143e-01,  -4.69427081e-17,          2.25946747e+02],       [ -9.23617143e-01,  -3.83316284e-01,   1.13110483e-16,          5.09112303e+02],       [ -1.22464685e-16,   0.00000000e+00,  -1.00000000e+00,          1.92564758e+02],       [  0.00000000e+00,   0.00000000e+00,   0.00000000e+00,          1.00000000e+00]])),{}]
["set_obj_matrix",('Mesh 1', array([[  4.07533416e-01,  -9.13190295e-01,  -4.99084515e-17,          2.12445901e+02],       [ -9.13190295e-01,  -4.07533416e-01,   1.11833562e-16,          5.14892230e+02],       [ -1.22464685e-16,   0.00000000e+00,  -1.00000000e+00,          1.92564758e+02],       [  0.00000000e+00,   0.00000000e+00,   0.00000000e+00,          1.00000000e+00]])),{}]
["set_obj_matrix",('Mesh 1', array([[  4.91222679e-01,  -8.71034029e-01,  -6.01574308e-17,          1.63317021e+02],       [ -8.71034029e-01,  -4.91222679e-01,   1.06670908e-16,          5.32517437e+02],       [ -1.22464685e-16,   0.00000000e+00,  -1.00000000e+00,          1.92564758e+02],       [  0.00000000e+00,   0.00000000e+00,   0.00000000e+00,          1.00000000e+00]])),{}]
["set_obj_matrix",('Mesh 1', array([[  4.84066795e-01,  -8.75031050e-01,  -5.92810877e-17,          1.67676286e+02],       [ -8.75031050e-01,  -4.84066795e-01,   1.07160402e-16,          5.31160930e+02],       [ -1.22464685e-16,   0.00000000e+00,  -1.00000000e+00,          1.92564758e+02],       [  0.00000000e+00,   0.00000000e+00,   0.00000000e+00,          1.00000000e+00]])),{}]
["set_obj_matrix",('Mesh 1', array([[  4.76879358e-01,  -8.78968758e-01,  -5.84008804e-17,          1.72023702e+02],       [ -8.78968758e-01,  -4.76879358e-01,   1.07642632e-16,          5.29768927e+02],       [ -1.22464685e-16,   0.00000000e+00,  -1.00000000e+00,          1.92564758e+02],       [  0.00000000e+00,   0.00000000e+00,   0.00000000e+00,          1.00000000e+00]])),{}]
["set_obj_matrix",('Mesh 1', array([[  4.25808998e-01,  -9.04813073e-01,  -5.21465649e-17,          2.02052048e+02],       [ -9.04813073e-01,  -4.25808998e-01,   1.10807648e-16,          5.19058994e+02],       [ -1.22464685e-16,   0.00000000e+00,  -1.00000000e+00,          1.92564758e+02],       [  0.00000000e+00,   0.00000000e+00,   0.00000000e+00,          1.00000000e+00]])),{}]
["set_obj_matrix",('Mesh 1', array([[  3.96951238e-01,  -9.17839700e-01,  -4.86125084e-17,          2.18383005e+02],       [ -9.17839700e-01,  -3.96951238e-01,   1.12402950e-16,          5.12402316e+02],       [ -1.22464685e-16,   0.00000000e+00,  -1.00000000e+00,          1.92564758e+02],       [  0.00000000e+00,   0.00000000e+00,   0.00000000e+00,          1.00000000e+00]])),{}]
["set_obj_matrix",('Mesh 1', array([[  3.68361069e-01,  -9.29682808e-01,  -4.51112224e-17,          2.34133357e+02],       [ -9.29682808e-01,  -3.68361069e-01,   1.13853312e-16,          5.05399684e+02],       [ -1.22464685e-16,   0.00000000e+00,  -1.00000000e+00,          1.92564758e+02],       [  0.00000000e+00,   0.00000000e+00,   0.00000000e+00,          1.00000000e+00]])),{}]
["set_obj_matrix",('Mesh 1', array([[  3.46258356e-01,  -9.38139196e-01,  -4.24044205e-17,          2.46027329e+02],       [ -9.38139196e-01,  -3.46258356e-01,   1.14888921e-16,          4.99717743e+02],       [ -1.22464685e-16,   0.00000000e+00,  -1.00000000e+00,          1.92564758e+02],       [  0.00000000e+00,   0.00000000e+00,   0.00000000e+00,          1.00000000e+00]])),{}]
["set_obj_matrix",('Mesh 1', array([[  3.38883438e-01,  -9.40828367e-01,  -4.15012536e-17,          2.49942457e+02],       [ -9.40828367e-01,  -3.38883438e-01,   1.15218250e-16,          4.97771070e+02],       [ -1.22464685e-16,   0.00000000e+00,  -1.00000000e+00,          1.92564758e+02],       [  0.00000000e+00,   0.00000000e+00,   0.00000000e+00,          1.00000000e+00]])),{}]
["set_obj_matrix",('Mesh 1', array([[  3.31507277e-01,  -9.43452662e-01,  -4.05979344e-17,          2.53831862e+02],       [ -9.43452662e-01,  -3.31507277e-01,   1.15539633e-16,          4.95799007e+02],       [ -1.22464685e-16,   0.00000000e+00,  -1.00000000e+00,          1.92564758e+02],       [  0.00000000e+00,   0.00000000e+00,   0.00000000e+00,          1.00000000e+00]])),{}]
["set_obj_matrix",('Mesh 1', array([[  3.32805508e-01,  -9.42995490e-01,  -4.07569218e-17,          2.53149216e+02],       [ -9.42995490e-01,  -3.32805508e-01,   1.15483646e-16,          4.96147906e+02],       [ -1.22464685e-16,   0.00000000e+00,  -1.00000000e+00,          1.92564758e+02],       [  0.00000000e+00,   0.00000000e+00,   0.00000000e+00,          1.00000000e+00]])),{}]
["save_ply",('%s',),{}]