["add_ply",('%s',),{}]
["add_polygon_ray",(array([ 268.98150635,  195.47163391, -231.83943176], dtype=float32), array([ 268.98150635,  195.47163391,  631.07806396], dtype=float32), array([  1.05676915e-13,   0.00000000e+00,   8.62917480e+02], dtype=float32)),{}]
["add_polygon_ray",(array([ 453.64584351,  159.22911072, -231.83943176], dtype=float32), array([ 453.64584351,  159.22911072,  631.07806396], dtype=float32), array([  1.05676915e-13,   0.00000000e+00,   8.62917480e+02], dtype=float32)),{}]
["add_polygon_ray",(array([ 641.76184082,  271.40838623, -231.83943176], dtype=float32), array([ 641.76184082,  271.40838623,  631.07806396], dtype=float32), array([  1.05676915e-13,   0.00000000e+00,   8.62917480e+02], dtype=float32)),{}]
["add_polygon_ray",(array([ 703.89190674,  554.4453125 , -231.83943176], dtype=float32), array([ 703.89190674,  554.4453125 ,  631.07806396], dtype=float32), array([  1.05676915e-13,   0.00000000e+00,   8.62917480e+02], dtype=float32)),{}]
["add_polygon_ray",(array([ 533.1918335 ,  713.22802734, -235.11338806], dtype=float32), array([ 538.28741455,  718.79748535,  627.77105713], dtype=float32), array([   5.0955863 ,    5.56938744,  862.88446045], dtype=float32)),{}]
["add_polygon_ray",(array([ 187.98034668,  719.53289795, -233.11549377], dtype=float32), array([ 193.07592773,  725.10229492,  629.7689209 ], dtype=float32), array([   5.0955863 ,    5.56938744,  862.88446045], dtype=float32)),{}]
["add_polygon_ray",(array([  13.30780029,  518.1595459 , -230.78425598], dtype=float32), array([  18.40341187,  523.72894287,  632.10015869], dtype=float32), array([   5.0955863 ,    5.56938744,  862.88446045], dtype=float32)),{}]
["add_polygon_ray",(array([  76.8843689 ,  304.58364868, -229.78120422], dtype=float32), array([  81.97994995,  310.15301514,  633.10327148], dtype=float32), array([   5.0955863 ,    5.56938744,  862.88446045], dtype=float32)),{}]
["add_polygon_ray",(array([ 204.14297485,  334.57485962,  -56.95863342], dtype=float32), array([ 207.18643188,  337.90130615,  458.41711426], dtype=float32), array([   3.04344511,    3.32643294,  515.37573242], dtype=float32)),{}]
["add_polygon_ray",(array([ 288.58068848,  347.51290894,  -57.54075623], dtype=float32), array([ 291.62411499,  350.83935547,  457.83496094], dtype=float32), array([   3.04344511,    3.32643294,  515.37573242], dtype=float32)),{}]
["add_polygon_ray",(array([ 300.56103516,  252.76062012,  -56.99992371], dtype=float32), array([ 303.60446167,  256.08703613,  458.37579346], dtype=float32), array([   3.04344511,    3.32643294,  515.37573242], dtype=float32)),{}]
["select_region_polygon",(),{}]
["crop_selection",(),{}]
["set_obj_matrix",('Mesh 1', array([[ -9.99999560e-01,   9.38205295e-04,  -6.05813646e-06,          3.77381030e+02],       [  9.38205328e-04,   9.99999560e-01,  -5.53753725e-06,         -3.51149892e+02],       [  6.05293844e-06,  -5.54321859e-06,  -1.00000000e+00,          1.99618967e+02],       [  0.00000000e+00,   0.00000000e+00,   0.00000000e+00,          1.00000000e+00]])),{}]
["set_obj_matrix",('Mesh 1', array([[ -9.99936421e-01,   1.12760004e-02,  -7.31550889e-05,          3.73744111e+02],       [  1.12760052e-02,   9.99936422e-01,  -6.61777634e-05,         -3.55020320e+02],       [  7.24042173e-05,  -6.69984531e-05,  -9.99999995e-01,          1.99615463e+02],       [  0.00000000e+00,   0.00000000e+00,   0.00000000e+00,          1.00000000e+00]])),{}]
["set_obj_matrix",('Mesh 1', array([[ -9.98304709e-01,   5.82027497e-02,  -3.85674096e-04,          3.56728430e+02],       [  5.82028789e-02,   9.98304720e-01,  -3.32763107e-04,         -3.72119416e+02],       [  3.65652543e-04,  -3.54646319e-04,  -9.99999870e-01,          1.99605581e+02],       [  0.00000000e+00,   0.00000000e+00,   0.00000000e+00,          1.00000000e+00]])),{}]
["set_obj_matrix",('Mesh 1', array([[ -9.90612051e-01,   1.36699980e-01,  -9.37752776e-04,          3.26396473e+02],       [  1.36700696e-01,   9.90612115e-01,  -7.46664744e-04,         -3.98987593e+02],       [  8.26880205e-04,  -8.67846551e-04,  -9.99999282e-01,          1.99611283e+02],       [  0.00000000e+00,   0.00000000e+00,   0.00000000e+00,          1.00000000e+00]])),{}]
["set_obj_matrix",('Mesh 1', array([[ -9.81855460e-01,   1.89626170e-01,  -1.33106897e-03,          3.04601205e+02],       [  1.89627553e-01,   9.81855583e-01,  -1.00269536e-03,         -4.15855676e+02],       [  1.11678022e-03,  -1.23690926e-03,  -9.99998611e-01,          1.99631117e+02],       [  0.00000000e+00,   0.00000000e+00,   0.00000000e+00,          1.00000000e+00]])),{}]
["set_obj_matrix",('Mesh 1', array([[ -9.65808755e-01,   2.59248786e-01,  -1.87520059e-03,          2.74225448e+02],       [  2.59251393e-01,   9.65808987e-01,  -1.31027368e-03,         -4.36462742e+02],       [  1.47139872e-03,  -1.75162216e-03,  -9.99997383e-01,          1.99677489e+02],       [  0.00000000e+00,   0.00000000e+00,   0.00000000e+00,          1.00000000e+00]])),{}]
["set_obj_matrix",('Mesh 1', array([[ -9.60739328e-01,   2.77445224e-01,  -2.02258384e-03,          2.65956848e+02],       [  2.77448217e-01,   9.60739595e-01,  -1.38501147e-03,         -4.41542603e+02],       [  1.55891156e-03,  -1.89179727e-03,  -9.99996995e-01,          1.99693530e+02],       [  0.00000000e+00,   0.00000000e+00,   0.00000000e+00,          1.00000000e+00]])),{}]
["set_obj_matrix",('Mesh 1', array([[ -9.49890412e-01,   3.12574556e-01,  -2.31338808e-03,          2.49593907e+02],       [  3.12578375e-01,   9.49890752e-01,  -1.52244278e-03,         -4.50978410e+02],       [  1.72158906e-03,  -2.16926889e-03,  -9.99996165e-01,          1.99729256e+02],       [  0.00000000e+00,   0.00000000e+00,   0.00000000e+00,          1.00000000e+00]])),{}]
["set_obj_matrix",('Mesh 1', array([[ -9.48612137e-01,   3.16432475e-01,  -2.34583716e-03,          2.47764223e+02],       [  3.16436392e-01,   9.48612486e-01,  -1.53697508e-03,         -4.51984306e+02],       [  1.73894159e-03,  -2.20030146e-03,  -9.99996067e-01,          1.99733568e+02],       [  0.00000000e+00,   0.00000000e+00,   0.00000000e+00,          1.00000000e+00]])),{}]
["set_obj_matrix",('Mesh 1', array([[ -9.45223798e-01,   3.26413948e-01,  -2.43027056e-03,          2.42999802e+02],       [  3.26418124e-01,   9.45224170e-01,  -1.57405064e-03,         -4.54558485e+02],       [  1.78335839e-03,  -2.28111448e-03,  -9.99995808e-01,          1.99745089e+02],       [  0.00000000e+00,   0.00000000e+00,   0.00000000e+00,          1.00000000e+00]])),{}]
["set_obj_matrix",('Mesh 1', array([[ -9.42234691e-01,   3.34944058e-01,  -2.50297872e-03,          2.38892968e+02],       [  3.34948461e-01,   9.42235083e-01,  -1.60513208e-03,         -4.56725705e+02],       [  1.82076491e-03,  -2.35078000e-03,  -9.99995579e-01,          1.99755353e+02],       [  0.00000000e+00,   0.00000000e+00,   0.00000000e+00,          1.00000000e+00]])),{}]
["set_obj_matrix",('Mesh 1', array([[ -9.34019328e-01,   3.57212304e-01,  -2.69522066e-03,          2.28016697e+02],       [  3.57217333e-01,   9.34019776e-01,  -1.68361156e-03,         -4.62239292e+02],       [  1.91598263e-03,  -2.53530528e-03,  -9.99994951e-01,          1.99783993e+02],       [  0.00000000e+00,   0.00000000e+00,   0.00000000e+00,          1.00000000e+00]])),{}]
["set_obj_matrix",('Mesh 1', array([[ -8.99367093e-01,   4.37180926e-01,  -3.41600049e-03,          1.87019378e+02],       [  4.37188597e-01,   8.99367776e-01,  -1.93220805e-03,         -4.80239731e+02],       [  2.22751626e-03,  -3.23120080e-03,  -9.99992299e-01,          1.99909913e+02],       [  0.00000000e+00,   0.00000000e+00,   0.00000000e+00,          1.00000000e+00]])),{}]
["set_obj_matrix",('Mesh 1', array([[ -8.77350647e-01,   4.79834596e-01,  -3.82131724e-03,          1.63821705e+02],       [  4.79843945e-01,   8.77351480e-01,  -2.04199877e-03,         -4.88605882e+02],       [  2.37281668e-03,  -3.62518488e-03,  -9.99990614e-01,          1.99992904e+02],       [  0.00000000e+00,   0.00000000e+00,   0.00000000e+00,          1.00000000e+00]])),{}]
["set_obj_matrix",('Mesh 1', array([[ -8.64502448e-01,   5.02612338e-01,  -4.04420593e-03,          1.51022957e+02],       [  5.02622667e-01,   8.64503367e-01,  -2.09358716e-03,         -4.92692238e+02],       [  2.44396691e-03,  -3.84262079e-03,  -9.99989631e-01,          2.00042109e+02],       [  0.00000000e+00,   0.00000000e+00,   0.00000000e+00,          1.00000000e+00]])),{}]
["set_obj_matrix",('Mesh 1', array([[ -8.62821245e-01,   5.05492743e-01,  -4.07272516e-03,          1.49383208e+02],       [  5.05503199e-01,   8.62822176e-01,  -2.09974649e-03,         -4.93189256e+02],       [  2.45263097e-03,  -3.87048148e-03,  -9.99989502e-01,          2.00048584e+02],       [  0.00000000e+00,   0.00000000e+00,   0.00000000e+00,          1.00000000e+00]])),{}]
["set_obj_matrix",('Mesh 1', array([[ -8.59556030e-01,   5.11024846e-01,  -4.12771353e-03,          1.46220239e+02],       [  5.11035552e-01,   8.59556983e-01,  -2.11134185e-03,         -4.94131142e+02],       [  2.46905685e-03,  -3.92422498e-03,  -9.99989252e-01,          2.00061183e+02],       [  0.00000000e+00,   0.00000000e+00,   0.00000000e+00,          1.00000000e+00]])),{}]
["set_obj_matrix",('Mesh 1', array([[ -8.57867299e-01,   5.13854479e-01,  -4.15594952e-03,          1.44595401e+02],       [  5.13865313e-01,   8.57868264e-01,  -2.11715278e-03,         -4.94606411e+02],       [  2.47734876e-03,  -3.95183444e-03,  -9.99989123e-01,          2.00067711e+02],       [  0.00000000e+00,   0.00000000e+00,   0.00000000e+00,          1.00000000e+00]])),{}]
["set_obj_matrix",('Mesh 1', array([[ -8.59461597e-01,   5.11183638e-01,  -4.12929609e-03,          1.46129183e+02],       [  5.11194350e-01,   8.59462551e-01,  -2.11167011e-03,         -4.94157930e+02],       [  2.46952415e-03,  -3.92577219e-03,  -9.99989245e-01,          2.00061548e+02],       [  0.00000000e+00,   0.00000000e+00,   0.00000000e+00,          1.00000000e+00]])),{}]
["set_obj_matrix",('Mesh 1', array([[ -8.61037224e-01,   5.08525383e-01,  -4.10283416e-03,          1.47651537e+02],       [  5.08535976e-01,   8.61038167e-01,  -2.10614125e-03,         -4.93707662e+02],       [  2.46167051e-03,  -3.89990479e-03,  -9.99989365e-01,          2.00055464e+02],       [  0.00000000e+00,   0.00000000e+00,   0.00000000e+00,          1.00000000e+00]])),{}]
["set_obj_matrix",('Mesh 1', array([[ -8.62594398e-01,   5.05879716e-01,  -4.07656243e-03,          1.49162543e+02],       [  5.05890190e-01,   8.62595330e-01,  -2.10056764e-03,         -4.93255685e+02],       [  2.45378916e-03,  -3.87423082e-03,  -9.99989485e-01,          2.00049459e+02],       [  0.00000000e+00,   0.00000000e+00,   0.00000000e+00,          1.00000000e+00]])),{}]
["set_obj_matrix",('Mesh 1', array([[ -8.64254859e-01,   5.03037920e-01,  -4.04841489e-03,          1.50780988e+02],       [  5.03048268e-01,   8.64255780e-01,  -2.09450243e-03,         -4.92765956e+02],       [  2.44525182e-03,  -3.84673200e-03,  -9.99989612e-01,          2.00043062e+02],       [  0.00000000e+00,   0.00000000e+00,   0.00000000e+00,          1.00000000e+00]])),{}]
["set_obj_matrix",('Mesh 1', array([[ -8.65784354e-01,   5.00401111e-01,  -4.02236379e-03,          1.52278476e+02],       [  5.00411342e-01,   8.65785265e-01,  -2.08880250e-03,         -4.92307642e+02],       [  2.43726421e-03,  -3.82128898e-03,  -9.99989729e-01,          2.00037177e+02],       [  0.00000000e+00,   0.00000000e+00,   0.00000000e+00,          1.00000000e+00]])),{}]
["set_obj_matrix",('Mesh 1', array([[ -8.67295822e-01,   4.97777043e-01,  -3.99650138e-03,          1.53764723e+02],       [  4.97787159e-01,   8.67296723e-01,  -2.08306145e-03,         -4.91847824e+02],       [  2.42925238e-03,  -3.79603756e-03,  -9.99989844e-01,          2.00031368e+02],       [  0.00000000e+00,   0.00000000e+00,   0.00000000e+00,          1.00000000e+00]])),{}]
["set_obj_matrix",('Mesh 1', array([[ -8.68937871e-01,   4.94905273e-01,  -3.96826909e-03,          1.55386712e+02],       [  4.94915264e-01,   8.68938760e-01,  -2.07670041e-03,         -4.91340375e+02],       [  2.42041284e-03,  -3.76848058e-03,  -9.99989970e-01,          2.00025065e+02],       [  0.00000000e+00,   0.00000000e+00,   0.00000000e+00,          1.00000000e+00]])),{}]
["save_ply",('%s',),{}]