["add_ply",('%s',),{}]
["add_polygon_ray",(array([ 380.75308228,   32.50280762, -227.75500488], dtype=float32), array([ 380.75308228,   32.50280762,  502.80041504], dtype=float32), array([  8.94672384e-14,   0.00000000e+00,   7.30555420e+02], dtype=float32)),{}]
["add_polygon_ray",(array([ 516.63635254,  134.78056335, -227.75500488], dtype=float32), array([ 516.63635254,  134.78056335,  502.80041504], dtype=float32), array([  8.94672384e-14,   0.00000000e+00,   7.30555420e+02], dtype=float32)),{}]
["add_polygon_ray",(array([ 518.14276123,  353.184021  , -227.93182373], dtype=float32), array([ 516.5133667 ,  357.68597412,  502.60791016], dtype=float32), array([  -1.62938857,    4.50192738,  730.53973389], dtype=float32)),{}]
["add_polygon_ray",(array([ 416.61236572,  486.71258545, -228.98114014], dtype=float32), array([ 414.98297119,  491.21447754,  501.55859375], dtype=float32), array([  -1.62938857,    4.50192738,  730.53973389], dtype=float32)),{}]
["add_polygon_ray",(array([ 205.43991089,  473.60693359, -231.96276855], dtype=float32), array([ 206.91116333,  486.52719116,  498.47689819], dtype=float32), array([   1.47125208,   12.92024899,  730.43969727], dtype=float32)),{}]
["add_polygon_ray",(array([  -5.815979  ,  379.08673096, -229.86535645], dtype=float32), array([  -4.34472656,  392.00695801,  500.5743103 ], dtype=float32), array([   1.47125208,   12.92024899,  730.43969727], dtype=float32)),{}]
["add_polygon_ray",(array([   0.61444092,  219.72998047, -169.39202881], dtype=float32), array([   1.85348511,  230.61079407,  445.74914551], dtype=float32), array([   1.23901772,   10.88081169,  615.14117432], dtype=float32)),{}]
["add_polygon_ray",(array([ 118.6953125 ,  153.26119995,  -80.64703369], dtype=float32), array([ 118.6953125 ,  153.26119995,  355.69244385], dtype=float32), array([  5.34361780e-14,   0.00000000e+00,   4.36339478e+02], dtype=float32)),{}]
["add_polygon_ray",(array([ 164.07461548,  115.73600769,  -80.64703369], dtype=float32), array([ 164.07463074,  115.73600769,  355.69244385], dtype=float32), array([  5.34361780e-14,   0.00000000e+00,   4.36339478e+02], dtype=float32)),{}]
["add_polygon_ray",(array([ 212.07196045,  124.46279907,  -80.64703369], dtype=float32), array([ 212.07196045,  124.46279907,  355.69244385], dtype=float32), array([  5.34361780e-14,   0.00000000e+00,   4.36339478e+02], dtype=float32)),{}]
["add_polygon_ray",(array([ 246.97912598,  116.60868835,  -80.64703369], dtype=float32), array([ 246.97912598,  116.60868835,  355.69244385], dtype=float32), array([  5.34361780e-14,   0.00000000e+00,   4.36339478e+02], dtype=float32)),{}]
["add_polygon_ray",(array([ 254.83323669,   79.08349609,  -80.64703369], dtype=float32), array([ 254.83323669,   79.08349609,  355.69244385], dtype=float32), array([  5.34361780e-14,   0.00000000e+00,   4.36339478e+02], dtype=float32)),{}]
["select_region_polygon",(),{}]
["crop_selection",(),{}]
["set_obj_matrix",('Mesh 1', array([[ -9.99986762e-01,   5.14542514e-03,   1.22463064e-16,          2.59741320e+02],       [  5.14542514e-03,   9.99986762e-01,  -6.30132871e-19,         -2.34014565e+02],       [ -1.22464685e-16,   0.00000000e+00,  -1.00000000e+00,          1.37522705e+02],       [  0.00000000e+00,   0.00000000e+00,   0.00000000e+00,          1.00000000e+00]])),{}]
["set_obj_matrix",('Mesh 1', array([[ -9.99295247e-01,   3.75367699e-02,   1.22378378e-16,          2.52024219e+02],       [  3.75367699e-02,   9.99295247e-01,  -4.59692872e-18,         -2.42305929e+02],       [ -1.22464685e-16,   0.00000000e+00,  -1.00000000e+00,          1.37522705e+02],       [  0.00000000e+00,   0.00000000e+00,   0.00000000e+00,          1.00000000e+00]])),{}]
["set_obj_matrix",('Mesh 1', array([[ -9.93313220e-01,   1.15450629e-01,   1.21645791e-16,          2.32334651e+02],       [  1.15450629e-01,   9.93313220e-01,  -1.41386250e-17,         -2.61245058e+02],       [ -1.22464685e-16,   0.00000000e+00,  -1.00000000e+00,          1.37522705e+02],       [  0.00000000e+00,   0.00000000e+00,   0.00000000e+00,          1.00000000e+00]])),{}]
["set_obj_matrix",('Mesh 1', array([[ -9.87649826e-01,   1.56677443e-01,   1.20952225e-16,          2.21264385e+02],       [  1.56677443e-01,   9.87649826e-01,  -1.91874537e-17,         -2.70685134e+02],       [ -1.22464685e-16,   0.00000000e+00,  -1.00000000e+00,          1.37522705e+02],       [  0.00000000e+00,   0.00000000e+00,   0.00000000e+00,          1.00000000e+00]])),{}]
["set_obj_matrix",('Mesh 1', array([[ -9.76928646e-01,   2.13565965e-01,   1.19639259e-16,          2.05230243e+02],       [  2.13565965e-01,   9.76928646e-01,  -2.61542886e-17,         -2.83035188e+02],       [ -1.22464685e-16,   0.00000000e+00,  -1.00000000e+00,          1.37522705e+02],       [  0.00000000e+00,   0.00000000e+00,   0.00000000e+00,          1.00000000e+00]])),{}]
["set_obj_matrix",('Mesh 1', array([[ -9.71562506e-01,   2.36783230e-01,   1.18982096e-16,          1.98427915e+02],       [  2.36783230e-01,   9.71562506e-01,  -2.89975837e-17,         -2.87844980e+02],       [ -1.22464685e-16,   0.00000000e+00,  -1.00000000e+00,          1.37522705e+02],       [  0.00000000e+00,   0.00000000e+00,   0.00000000e+00,          1.00000000e+00]])),{}]
["set_obj_matrix",('Mesh 1', array([[ -9.67167957e-01,   2.54138038e-01,   1.18443919e-16,          1.93243163e+02],       [  2.54138038e-01,   9.67167957e-01,  -3.11229348e-17,         -2.91351077e+02],       [ -1.22464685e-16,   0.00000000e+00,  -1.00000000e+00,          1.37522705e+02],       [  0.00000000e+00,   0.00000000e+00,   0.00000000e+00,          1.00000000e+00]])),{}]
["set_obj_matrix",('Mesh 1', array([[ -9.66109552e-01,   2.58132396e-01,   1.18314302e-16,          1.92037593e+02],       [  2.58132396e-01,   9.66109552e-01,  -3.16121026e-17,         -2.92147108e+02],       [ -1.22464685e-16,   0.00000000e+00,  -1.00000000e+00,          1.37522705e+02],       [  0.00000000e+00,   0.00000000e+00,   0.00000000e+00,          1.00000000e+00]])),{}]
["set_obj_matrix",('Mesh 1', array([[ -9.66812178e-01,   2.55488185e-01,   1.18400349e-16,          1.92836180e+02],       [  2.55488185e-01,   9.66812178e-01,  -3.12882802e-17,         -2.91620606e+02],       [ -1.22464685e-16,   0.00000000e+00,  -1.00000000e+00,          1.37522705e+02],       [  0.00000000e+00,   0.00000000e+00,   0.00000000e+00,          1.00000000e+00]])),{}]
["set_obj_matrix",('Mesh 1', array([[ -9.65756494e-01,   2.59450176e-01,   1.18271065e-16,          1.91638851e+02],       [  2.59450176e-01,   9.65756494e-01,  -3.17734841e-17,         -2.92408825e+02],       [ -1.22464685e-16,   0.00000000e+00,  -1.00000000e+00,          1.37522705e+02],       [  0.00000000e+00,   0.00000000e+00,   0.00000000e+00,          1.00000000e+00]])),{}]
["set_obj_matrix",('Mesh 1', array([[ -9.61432966e-01,   2.75039363e-01,   1.17741586e-16,          1.86883447e+02],       [  2.75039363e-01,   9.61432966e-01,  -3.36826090e-17,         -2.95470721e+02],       [ -1.22464685e-16,   0.00000000e+00,  -1.00000000e+00,          1.37522705e+02],       [  0.00000000e+00,   0.00000000e+00,   0.00000000e+00,          1.00000000e+00]])),{}]
["set_obj_matrix",('Mesh 1', array([[ -9.45233047e-01,   3.26396213e-01,   1.15757668e-16,          1.70706754e+02],       [  3.26396213e-01,   9.45233047e-01,  -3.99720095e-17,         -3.05102564e+02],       [ -1.22464685e-16,   0.00000000e+00,  -1.00000000e+00,          1.37522705e+02],       [  0.00000000e+00,   0.00000000e+00,   0.00000000e+00,          1.00000000e+00]])),{}]
["set_obj_matrix",('Mesh 1', array([[ -9.37893837e-01,   3.46922399e-01,   1.14858874e-16,          1.64015715e+02],       [  3.46922399e-01,   9.37893837e-01,  -4.24857425e-17,         -3.08751057e+02],       [ -1.22464685e-16,   0.00000000e+00,  -1.00000000e+00,          1.37522705e+02],       [  0.00000000e+00,   0.00000000e+00,   0.00000000e+00,          1.00000000e+00]])),{}]
["set_obj_matrix",('Mesh 1', array([[ -9.36652729e-01,   3.50259427e-01,   1.14706882e-16,          1.62915415e+02],       [  3.50259427e-01,   9.36652729e-01,  -4.28944105e-17,         -3.09333053e+02],       [ -1.22464685e-16,   0.00000000e+00,  -1.00000000e+00,          1.37522705e+02],       [  0.00000000e+00,   0.00000000e+00,   0.00000000e+00,          1.00000000e+00]])),{}]
["set_obj_matrix",('Mesh 1', array([[ -9.37660576e-01,   3.47552361e-01,   1.14830307e-16,          1.63808272e+02],       [  3.47552361e-01,   9.37660576e-01,  -4.25628905e-17,         -3.08861167e+02],       [ -1.22464685e-16,   0.00000000e+00,  -1.00000000e+00,          1.37522705e+02],       [  0.00000000e+00,   0.00000000e+00,   0.00000000e+00,          1.00000000e+00]])),{}]
["set_obj_matrix",('Mesh 1', array([[ -9.38890550e-01,   3.44215827e-01,   1.14980936e-16,          1.64905551e+02],       [  3.44215827e-01,   9.38890550e-01,  -4.21542830e-17,         -3.08276709e+02],       [ -1.22464685e-16,   0.00000000e+00,  -1.00000000e+00,          1.37522705e+02],       [  0.00000000e+00,   0.00000000e+00,   0.00000000e+00,          1.00000000e+00]])),{}]
["set_obj_matrix",('Mesh 1', array([[ -9.42984397e-01,   3.32836936e-01,   1.15482287e-16,          1.68621391e+02],       [  3.32836936e-01,   9.42984397e-01,  -4.07607707e-17,         -3.06260014e+02],       [ -1.22464685e-16,   0.00000000e+00,  -1.00000000e+00,          1.37522705e+02],       [  0.00000000e+00,   0.00000000e+00,   0.00000000e+00,          1.00000000e+00]])),{}]
["set_obj_matrix",('Mesh 1', array([[ -9.44170759e-01,   3.29456490e-01,   1.15627575e-16,          1.69717508e+02],       [  3.29456490e-01,   9.44170759e-01,  -4.03467853e-17,         -3.05653950e+02],       [ -1.22464685e-16,   0.00000000e+00,  -1.00000000e+00,          1.37522705e+02],       [  0.00000000e+00,   0.00000000e+00,   0.00000000e+00,          1.00000000e+00]])),{}]
["set_obj_matrix",('Mesh 1', array([[ -9.48301277e-01,   3.17371530e-01,   1.16133417e-16,          1.73607202e+02],       [  3.17371530e-01,   9.48301277e-01,  -3.88668045e-17,         -3.03461545e+02],       [ -1.22464685e-16,   0.00000000e+00,  -1.00000000e+00,          1.37522705e+02],       [  0.00000000e+00,   0.00000000e+00,   0.00000000e+00,          1.00000000e+00]])),{}]
["set_obj_matrix",('Mesh 1', array([[ -9.52554607e-01,   3.04367738e-01,   1.16654300e-16,          1.77742731e+02],       [  3.04367738e-01,   9.52554607e-01,  -3.72742993e-17,         -3.01057954e+02],       [ -1.22464685e-16,   0.00000000e+00,  -1.00000000e+00,          1.37522705e+02],       [  0.00000000e+00,   0.00000000e+00,   0.00000000e+00,          1.00000000e+00]])),{}]
["set_obj_matrix",('Mesh 1', array([[ -9.57747649e-01,   2.87609876e-01,   1.17290264e-16,          1.82996949e+02],       [  2.87609876e-01,   9.57747649e-01,  -3.52220529e-17,         -2.97893415e+02],       [ -1.22464685e-16,   0.00000000e+00,  -1.00000000e+00,          1.37522705e+02],       [  0.00000000e+00,   0.00000000e+00,   0.00000000e+00,          1.00000000e+00]])),{}]
["set_obj_matrix",('Mesh 1', array([[ -9.58509083e-01,   2.85061989e-01,   1.17383513e-16,          1.83788469e+02],       [  2.85061989e-01,   9.58509083e-01,  -3.49100268e-17,         -2.97405731e+02],       [ -1.22464685e-16,   0.00000000e+00,  -1.00000000e+00,          1.37522705e+02],       [  0.00000000e+00,   0.00000000e+00,   0.00000000e+00,          1.00000000e+00]])),{}]
["set_obj_matrix",('Mesh 1', array([[ -9.60627020e-01,   2.77841194e-01,   1.17642886e-16,          1.86021226e+02],       [  2.77841194e-01,   9.60627020e-01,  -3.40257343e-17,         -2.96014313e+02],       [ -1.22464685e-16,   0.00000000e+00,  -1.00000000e+00,          1.37522705e+02],       [  0.00000000e+00,   0.00000000e+00,   0.00000000e+00,          1.00000000e+00]])),{}]
["set_obj_matrix",('Mesh 1', array([[ -9.62388206e-01,   2.71678008e-01,   1.17858569e-16,          1.87914813e+02],       [  2.71678008e-01,   9.62388206e-01,  -3.32709618e-17,         -2.94815863e+02],       [ -1.22464685e-16,   0.00000000e+00,  -1.00000000e+00,          1.37522705e+02],       [  0.00000000e+00,   0.00000000e+00,   0.00000000e+00,          1.00000000e+00]])),{}]
["set_obj_matrix",('Mesh 1', array([[ -9.63414888e-01,   2.68014464e-01,   1.17984301e-16,          1.89035132e+02],       [  2.68014464e-01,   9.63414888e-01,  -3.28223070e-17,         -2.94098774e+02],       [ -1.22464685e-16,   0.00000000e+00,  -1.00000000e+00,          1.37522705e+02],       [  0.00000000e+00,   0.00000000e+00,   0.00000000e+00,          1.00000000e+00]])),{}]
["set_obj_matrix",('Mesh 1', array([[ -9.64105816e-01,   2.65518316e-01,   1.18068915e-16,          1.89796215e+02],       [  2.65518316e-01,   9.64105816e-01,  -3.25166170e-17,         -2.93608186e+02],       [ -1.22464685e-16,   0.00000000e+00,  -1.00000000e+00,          1.37522705e+02],       [  0.00000000e+00,   0.00000000e+00,   0.00000000e+00,          1.00000000e+00]])),{}]
["save_ply",('%s',),{}]