["add_ply",('%s',),{}]
["add_polygon_ray",(array([ 645.24108887,  751.72906494, -362.30209351], dtype=float32), array([ 654.39373779,  756.18841553,  755.38049316], dtype=float32), array([    9.15258503,     4.45934582,  1117.68261719], dtype=float32)),{}]
["add_polygon_ray",(array([ 502.15646362,  755.50634766, -361.14547729], dtype=float32), array([ 511.30908203,  759.96569824,  756.53723145], dtype=float32), array([    9.15258503,     4.45934582,  1117.68261719], dtype=float32)),{}]
["add_polygon_ray",(array([ 344.14437866,  611.67041016, -359.27761841], dtype=float32), array([ 353.29696655,  616.12976074,  758.4050293 ], dtype=float32), array([    9.15258503,     4.45934582,  1117.68261719], dtype=float32)),{}]
["add_polygon_ray",(array([ 218.75714111,  653.53643799, -358.4178772 ], dtype=float32), array([ 227.909729  ,  657.99578857,  759.26477051], dtype=float32), array([    9.15258503,     4.45934582,  1117.68261719], dtype=float32)),{}]
["add_polygon_ray",(array([ 170.30204773,  673.22314453, -360.05001831], dtype=float32), array([ 170.85865784,  679.52862549,  757.66113281], dtype=float32), array([  5.56605756e-01,   6.30548954e+00,   1.11771106e+03], dtype=float32)),{}]
["add_polygon_ray",(array([  56.42651367,  550.15222168, -359.29898071], dtype=float32), array([  56.98309326,  556.45770264,  758.41210938], dtype=float32), array([  5.56605756e-01,   6.30548954e+00,   1.11771106e+03], dtype=float32)),{}]
["add_polygon_ray",(array([  30.47460938,  335.05950928, -361.34555054], dtype=float32), array([  23.49847412,  327.40924072,  756.33557129], dtype=float32), array([   -6.97612619,    -7.65024233,  1117.68103027], dtype=float32)),{}]
["add_polygon_ray",(array([ 163.69038391,  110.55438232, -368.75479126], dtype=float32), array([ 162.76043701,   74.96755981,  748.40710449], dtype=float32), array([ -9.29951787e-01,  -3.55868149e+01,   1.11716199e+03], dtype=float32)),{}]
["add_polygon_ray",(array([ 478.99557495,   45.77514648, -378.07009888], dtype=float32), array([ 493.18365479,   -6.97531128,  738.32336426], dtype=float32), array([   14.18805981,   -52.7504425 ,  1116.39343262], dtype=float32)),{}]
["add_polygon_ray",(array([ 712.5859375 ,  225.23731995, -370.256073  ], dtype=float32), array([ 724.17578125,  180.31307983,  746.50964355], dtype=float32), array([   11.5898037 ,   -44.92422485,  1116.76574707], dtype=float32)),{}]
["add_polygon_ray",(array([ 749.32946777,  600.53094482, -353.93106079], dtype=float32), array([ 746.92407227,  576.39221191,  763.53466797], dtype=float32), array([   -2.40536356,   -24.13872528,  1117.46569824], dtype=float32)),{}]
["select_region_polygon",(),{}]
["crop_selection",(),{}]
["set_obj_matrix",('Mesh 1', array([[ -9.99981123e-01,   6.14436546e-03,   1.22462374e-16,          3.67277301e+02],       [  6.14436546e-03,   9.99981123e-01,  -7.52467783e-19,         -4.15074916e+02],       [ -1.22464685e-16,   0.00000000e+00,  -1.00000000e+00,          2.00193207e+02],       [  0.00000000e+00,   0.00000000e+00,   0.00000000e+00,          1.00000000e+00]])),{}]
["set_obj_matrix",('Mesh 1', array([[ -9.98457483e-01,   5.55216648e-02,   1.22275781e-16,          3.46330365e+02],       [  5.55216648e-02,   9.98457483e-01,  -6.79944321e-18,         -4.32706690e+02],       [ -1.22464685e-16,   0.00000000e+00,  -1.00000000e+00,          2.00193207e+02],       [  0.00000000e+00,   0.00000000e+00,   0.00000000e+00,          1.00000000e+00]])),{}]
["set_obj_matrix",('Mesh 1', array([[ -9.47677414e-01,   3.19229570e-01,   1.16057016e-16,          2.18689478e+02],       [  3.19229570e-01,   9.47677414e-01,  -3.90943488e-17,         -5.09268803e+02],       [ -1.22464685e-16,   0.00000000e+00,  -1.00000000e+00,          2.00193207e+02],       [  0.00000000e+00,   0.00000000e+00,   0.00000000e+00,          1.00000000e+00]])),{}]
["set_obj_matrix",('Mesh 1', array([[ -8.24327368e-01,   5.66113407e-01,   1.00950992e-16,          7.11558583e+01],       [  5.66113407e-01,   8.24327368e-01,  -6.93289002e-17,         -5.49651385e+02],       [ -1.22464685e-16,   0.00000000e+00,  -1.00000000e+00,          2.00193207e+02],       [  0.00000000e+00,   0.00000000e+00,   0.00000000e+00,          1.00000000e+00]])),{}]
["set_obj_matrix",('Mesh 1', array([[ -5.82545420e-01,   8.12798151e-01,   7.13412415e-17,         -1.20094147e+02],       [  8.12798151e-01,   5.82545420e-01,  -9.95390697e-17,         -5.41070418e+02],       [ -1.22464685e-16,   0.00000000e+00,  -1.00000000e+00,          2.00193207e+02],       [  0.00000000e+00,   0.00000000e+00,   0.00000000e+00,          1.00000000e+00]])),{}]
["set_obj_matrix",('Mesh 1', array([[ -3.71858611e-01,   9.28289380e-01,   4.55395478e-17,         -2.45686478e+02],       [  9.28289380e-01,   3.71858611e-01,  -1.13682667e-16,         -4.96807765e+02],       [ -1.22464685e-16,   0.00000000e+00,  -1.00000000e+00,          2.00193207e+02],       [  0.00000000e+00,   0.00000000e+00,   0.00000000e+00,          1.00000000e+00]])),{}]
["set_obj_matrix",('Mesh 1', array([[ -2.22948326e-01,   9.74830264e-01,   2.73032966e-17,         -3.19969151e+02],       [  9.74830264e-01,   2.22948326e-01,  -1.19382281e-16,         -4.52547836e+02],       [ -1.22464685e-16,   0.00000000e+00,  -1.00000000e+00,          2.00193207e+02],       [  0.00000000e+00,   0.00000000e+00,   0.00000000e+00,          1.00000000e+00]])),{}]
["set_obj_matrix",('Mesh 1', array([[ -1.17021260e-01,   9.93129410e-01,   1.43309718e-17,         -3.66697254e+02],       [  9.93129410e-01,   1.17021260e-01,  -1.21623281e-16,         -4.15587445e+02],       [ -1.22464685e-16,   0.00000000e+00,  -1.00000000e+00,          2.00193207e+02],       [  0.00000000e+00,   0.00000000e+00,   0.00000000e+00,          1.00000000e+00]])),{}]
["set_obj_matrix",('Mesh 1', array([[ -6.68859357e-02,   9.97760628e-01,   8.19116506e-18,         -3.87150152e+02],       [  9.97760628e-01,   6.68859357e-02,  -1.22190441e-16,         -3.96603783e+02],       [ -1.22464685e-16,   0.00000000e+00,  -1.00000000e+00,          2.00193207e+02],       [  0.00000000e+00,   0.00000000e+00,   0.00000000e+00,          1.00000000e+00]])),{}]
["set_obj_matrix",('Mesh 1', array([[ -2.86732651e-02,   9.99588837e-01,   3.51146239e-18,         -4.02036694e+02],       [  9.99588837e-01,   2.86732651e-02,  -1.22414332e-16,         -3.81505305e+02],       [ -1.22464685e-16,   0.00000000e+00,  -1.00000000e+00,          2.00193207e+02],       [  0.00000000e+00,   0.00000000e+00,   0.00000000e+00,          1.00000000e+00]])),{}]
["set_obj_matrix",('Mesh 1', array([[  2.56695999e-02,   9.99670482e-01,  -3.14361947e-18,         -4.22167516e+02],       [  9.99670482e-01,  -2.56695999e-02,  -1.22424331e-16,         -3.59102199e+02],       [ -1.22464685e-16,   0.00000000e+00,  -1.00000000e+00,          2.00193207e+02],       [  0.00000000e+00,   0.00000000e+00,   0.00000000e+00,          1.00000000e+00]])),{}]
["set_obj_matrix",('Mesh 1', array([[  1.92092999e-01,   9.81376727e-01,  -2.35246087e-17,         -4.76162489e+02],       [  9.81376727e-01,  -1.92092999e-01,  -1.20183992e-16,         -2.83635480e+02],       [ -1.22464685e-16,   0.00000000e+00,  -1.00000000e+00,          2.00193207e+02],       [  0.00000000e+00,   0.00000000e+00,   0.00000000e+00,          1.00000000e+00]])),{}]
["set_obj_matrix",('Mesh 1', array([[  3.84447268e-01,   9.23146954e-01,  -4.70812137e-17,         -5.23261231e+02],       [  9.23146954e-01,  -3.84447268e-01,  -1.13052901e-16,         -1.82695061e+02],       [ -1.22464685e-16,   0.00000000e+00,  -1.00000000e+00,          2.00193207e+02],       [  0.00000000e+00,   0.00000000e+00,   0.00000000e+00,          1.00000000e+00]])),{}]
["set_obj_matrix",('Mesh 1', array([[  4.46956230e-01,   8.94555827e-01,  -5.47363541e-17,         -5.34575627e+02],       [  8.94555827e-01,  -4.46956230e-01,  -1.09551498e-16,         -1.46317120e+02],       [ -1.22464685e-16,   0.00000000e+00,  -1.00000000e+00,          2.00193207e+02],       [  0.00000000e+00,   0.00000000e+00,   0.00000000e+00,          1.00000000e+00]])),{}]
["set_obj_matrix",('Mesh 1', array([[  4.83013898e-01,   8.75612685e-01,  -5.91521450e-17,         -5.40090575e+02],       [  8.75612685e-01,  -4.83013898e-01,  -1.07231632e-16,         -1.24426573e+02],       [ -1.22464685e-16,   0.00000000e+00,  -1.00000000e+00,          2.00193207e+02],       [  0.00000000e+00,   0.00000000e+00,   0.00000000e+00,          1.00000000e+00]])),{}]
["set_obj_matrix",('Mesh 1', array([[  5.08613459e-01,   8.60994976e-01,  -6.22871872e-17,         -5.43523481e+02],       [  8.60994976e-01,  -5.08613459e-01,  -1.05441479e-16,         -1.08452877e+02],       [ -1.22464685e-16,   0.00000000e+00,  -1.00000000e+00,          2.00193207e+02],       [  0.00000000e+00,   0.00000000e+00,   0.00000000e+00,          1.00000000e+00]])),{}]
["set_obj_matrix",('Mesh 1', array([[  5.11764776e-01,   8.59125610e-01,  -6.26731122e-17,         -5.43917210e+02],       [  8.59125610e-01,  -5.11764776e-01,  -1.05212547e-16,         -1.06460650e+02],       [ -1.22464685e-16,   0.00000000e+00,  -1.00000000e+00,          2.00193207e+02],       [  0.00000000e+00,   0.00000000e+00,   0.00000000e+00,          1.00000000e+00]])),{}]
["set_obj_matrix",('Mesh 1', array([[  5.18138242e-01,   8.55296885e-01,  -6.34536368e-17,         -5.44693712e+02],       [  8.55296885e-01,  -5.18138242e-01,  -1.04743664e-16,         -1.02413675e+02],       [ -1.22464685e-16,   0.00000000e+00,  -1.00000000e+00,          2.00193207e+02],       [  0.00000000e+00,   0.00000000e+00,   0.00000000e+00,          1.00000000e+00]])),{}]
["set_obj_matrix",('Mesh 1', array([[  5.60419437e-01,   8.28208944e-01,  -6.86315900e-17,         -5.49147991e+02],       [  8.28208944e-01,  -5.60419437e-01,  -1.01426348e-16,         -7.49418755e+01],       [ -1.22464685e-16,   0.00000000e+00,  -1.00000000e+00,          2.00193207e+02],       [  0.00000000e+00,   0.00000000e+00,   0.00000000e+00,          1.00000000e+00]])),{}]
["set_obj_matrix",('Mesh 1', array([[  5.81955078e-01,   8.13220934e-01,  -7.12689454e-17,         -5.50925112e+02],       [  8.13220934e-01,  -5.81955078e-01,  -9.95908457e-17,         -6.05088624e+01],       [ -1.22464685e-16,   0.00000000e+00,  -1.00000000e+00,          2.00193207e+02],       [  0.00000000e+00,   0.00000000e+00,   0.00000000e+00,          1.00000000e+00]])),{}]
["set_obj_matrix",('Mesh 1', array([[  5.89242889e-01,   8.07955950e-01,  -7.21614450e-17,         -5.51446856e+02],       [  8.07955950e-01,  -5.89242889e-01,  -9.89460712e-17,         -5.55532778e+01],       [ -1.22464685e-16,   0.00000000e+00,  -1.00000000e+00,          2.00193207e+02],       [  0.00000000e+00,   0.00000000e+00,   0.00000000e+00,          1.00000000e+00]])),{}]
["set_obj_matrix",('Mesh 1', array([[  5.99898176e-01,   8.00076358e-01,  -7.34663413e-17,         -5.52134624e+02],       [  8.00076358e-01,  -5.99898176e-01,  -9.79810994e-17,         -4.82406280e+01],       [ -1.22464685e-16,   0.00000000e+00,  -1.00000000e+00,          2.00193207e+02],       [  0.00000000e+00,   0.00000000e+00,   0.00000000e+00,          1.00000000e+00]])),{}]
["set_obj_matrix",('Mesh 1', array([[  6.17887162e-01,   7.86266784e-01,  -7.56693568e-17,         -5.53086588e+02],       [  7.86266784e-01,  -6.17887162e-01,  -9.62899142e-17,         -3.57075207e+01],       [ -1.22464685e-16,   0.00000000e+00,  -1.00000000e+00,          2.00193207e+02],       [  0.00000000e+00,   0.00000000e+00,   0.00000000e+00,          1.00000000e+00]])),{}]
["set_obj_matrix",('Mesh 1', array([[  6.46651541e-01,   7.62785543e-01,  -7.91919774e-17,         -5.54030952e+02],       [  7.62785543e-01,  -6.46651541e-01,  -9.34142915e-17,         -1.51494363e+01],       [ -1.22464685e-16,   0.00000000e+00,  -1.00000000e+00,          2.00193207e+02],       [  0.00000000e+00,   0.00000000e+00,   0.00000000e+00,          1.00000000e+00]])),{}]
["set_obj_matrix",('Mesh 1', array([[  6.53857111e-01,   7.56618053e-01,  -8.00744053e-17,         -5.54149717e+02],       [  7.56618053e-01,  -6.53857111e-01,  -9.26589918e-17,         -9.89403659e+00],       [ -1.22464685e-16,   0.00000000e+00,  -1.00000000e+00,          2.00193207e+02],       [  0.00000000e+00,   0.00000000e+00,   0.00000000e+00,          1.00000000e+00]])),{}]
["set_obj_matrix",('Mesh 1', array([[  6.57543567e-01,   7.53416523e-01,  -8.05258660e-17,         -5.54191420e+02],       [  7.53416523e-01,  -6.57543567e-01,  -9.22669173e-17,         -7.18823653e+00],       [ -1.22464685e-16,   0.00000000e+00,  -1.00000000e+00,          2.00193207e+02],       [  0.00000000e+00,   0.00000000e+00,   0.00000000e+00,          1.00000000e+00]])),{}]
["set_obj_matrix",('Mesh 1', array([[  6.89552025e-01,   7.24236153e-01,  -8.44457717e-17,         -5.53982852e+02],       [  7.24236153e-01,  -6.89552025e-01,  -8.86933525e-17,          1.68166933e+01],       [ -1.22464685e-16,   0.00000000e+00,  -1.00000000e+00,          2.00193207e+02],       [  0.00000000e+00,   0.00000000e+00,   0.00000000e+00,          1.00000000e+00]])),{}]
["set_obj_matrix",('Mesh 1', array([[  7.03826131e-01,   7.10372281e-01,  -8.61938456e-17,         -5.53538562e+02],       [  7.10372281e-01,  -7.03826131e-01,  -8.69955178e-17,          2.78363403e+01],       [ -1.22464685e-16,   0.00000000e+00,  -1.00000000e+00,          2.00193207e+02],       [  0.00000000e+00,   0.00000000e+00,   0.00000000e+00,          1.00000000e+00]])),{}]
["set_obj_matrix",('Mesh 1', array([[  7.07190388e-01,   7.07023164e-01,  -8.66058483e-17,         -5.53400184e+02],       [  7.07023164e-01,  -7.07190388e-01,  -8.65853693e-17,          3.04637134e+01],       [ -1.22464685e-16,   0.00000000e+00,  -1.00000000e+00,          2.00193207e+02],       [  0.00000000e+00,   0.00000000e+00,   0.00000000e+00,          1.00000000e+00]])),{}]
["set_obj_matrix",('Mesh 1', array([[  7.10937665e-01,   7.03255029e-01,  -8.70647574e-17,         -5.53230479e+02],       [  7.03255029e-01,  -7.10937665e-01,  -8.61239058e-17,          3.34041626e+01],       [ -1.22464685e-16,   0.00000000e+00,  -1.00000000e+00,          2.00193207e+02],       [  0.00000000e+00,   0.00000000e+00,   0.00000000e+00,          1.00000000e+00]])),{}]
["set_obj_matrix",('Mesh 1', array([[  7.21339360e-01,   6.92581784e-01,  -8.83385977e-17,         -5.52671215e+02],       [  6.92581784e-01,  -7.21339360e-01,  -8.48168102e-17,          4.16452777e+01],       [ -1.22464685e-16,   0.00000000e+00,  -1.00000000e+00,          2.00193207e+02],       [  0.00000000e+00,   0.00000000e+00,   0.00000000e+00,          1.00000000e+00]])),{}]
["set_obj_matrix",('Mesh 1', array([[  7.27899952e-01,   6.85683353e-01,  -8.91420385e-17,         -5.52249714e+02],       [  6.85683353e-01,  -7.27899952e-01,  -8.39719960e-17,          4.69047415e+01],       [ -1.22464685e-16,   0.00000000e+00,  -1.00000000e+00,          2.00193207e+02],       [  0.00000000e+00,   0.00000000e+00,   0.00000000e+00,          1.00000000e+00]])),{}]
["set_obj_matrix",('Mesh 1', array([[  7.28376718e-01,   6.85176880e-01,  -8.92004255e-17,         -5.52216955e+02],       [  6.85176880e-01,  -7.28376718e-01,  -8.39099710e-17,          4.72888592e+01],       [ -1.22464685e-16,   0.00000000e+00,  -1.00000000e+00,          2.00193207e+02],       [  0.00000000e+00,   0.00000000e+00,   0.00000000e+00,          1.00000000e+00]])),{}]
["set_obj_matrix",('Mesh 1', array([[  7.25093900e-01,   6.88650010e-01,  -8.87983963e-17,         -5.52436645e+02],       [  6.88650010e-01,  -7.25093900e-01,  -8.43353067e-17,          4.46492428e+01],       [ -1.22464685e-16,   0.00000000e+00,  -1.00000000e+00,          2.00193207e+02],       [  0.00000000e+00,   0.00000000e+00,   0.00000000e+00,          1.00000000e+00]])),{}]
["set_obj_matrix",('Mesh 1', array([[  7.21790044e-01,   6.92112081e-01,  -8.83937905e-17,         -5.52643989e+02],       [  6.92112081e-01,  -7.21790044e-01,  -8.47592882e-17,          4.20050306e+01],       [ -1.22464685e-16,   0.00000000e+00,  -1.00000000e+00,          2.00193207e+02],       [  0.00000000e+00,   0.00000000e+00,   0.00000000e+00,          1.00000000e+00]])),{}]
["set_obj_matrix",('Mesh 1', array([[  7.08367341e-01,   7.05843970e-01,  -8.67499834e-17,         -5.53348662e+02],       [  7.05843970e-01,  -7.08367341e-01,  -8.64409597e-17,          3.13856620e+01],       [ -1.22464685e-16,   0.00000000e+00,  -1.00000000e+00,          2.00193207e+02],       [  0.00000000e+00,   0.00000000e+00,   0.00000000e+00,          1.00000000e+00]])),{}]
["set_obj_matrix",('Mesh 1', array([[  6.91135277e-01,   7.22725417e-01,  -8.46396642e-17,         -5.53944724e+02],       [  7.22725417e-01,  -6.91135277e-01,  -8.85083407e-17,          1.80289781e+01],       [ -1.22464685e-16,   0.00000000e+00,  -1.00000000e+00,          2.00193207e+02],       [  0.00000000e+00,   0.00000000e+00,   0.00000000e+00,          1.00000000e+00]])),{}]
["set_obj_matrix",('Mesh 1', array([[  6.69822444e-01,   7.42521308e-01,  -8.20295948e-17,         -5.54234746e+02],       [  7.42521308e-01,  -6.69822444e-01,  -9.09326383e-17,          1.90988791e+00],       [ -1.22464685e-16,   0.00000000e+00,  -1.00000000e+00,          2.00193207e+02],       [  0.00000000e+00,   0.00000000e+00,   0.00000000e+00,          1.00000000e+00]])),{}]
["set_obj_matrix",('Mesh 1', array([[  6.51420556e-01,   7.58716850e-01,  -7.97760134e-17,         -5.54115034e+02],       [  7.58716850e-01,  -6.51420556e-01,  -9.29160203e-17,         -1.16760502e+01],       [ -1.22464685e-16,   0.00000000e+00,  -1.00000000e+00,          2.00193207e+02],       [  0.00000000e+00,   0.00000000e+00,   0.00000000e+00,          1.00000000e+00]])),{}]
["set_obj_matrix",('Mesh 1', array([[  6.44032412e-01,   7.64998204e-01,  -7.88712266e-17,         -5.53975753e+02],       [  7.64998204e-01,  -6.44032412e-01,  -9.36852643e-17,         -1.70489279e+01],       [ -1.22464685e-16,   0.00000000e+00,  -1.00000000e+00,          2.00193207e+02],       [  0.00000000e+00,   0.00000000e+00,   0.00000000e+00,          1.00000000e+00]])),{}]
["set_obj_matrix",('Mesh 1', array([[  6.47609776e-01,   7.61972164e-01,  -7.93093274e-17,         -5.54049556e+02],       [  7.61972164e-01,  -6.47609776e-01,  -9.33146812e-17,         -1.44530624e+01],       [ -1.22464685e-16,   0.00000000e+00,  -1.00000000e+00,          2.00193207e+02],       [  0.00000000e+00,   0.00000000e+00,   0.00000000e+00,          1.00000000e+00]])),{}]
["set_obj_matrix",('Mesh 1', array([[  6.51278416e-01,   7.58838866e-01,  -7.97586063e-17,         -5.54112837e+02],       [  7.58838866e-01,  -6.51278416e-01,  -9.29309629e-17,         -1.17798509e+01],       [ -1.22464685e-16,   0.00000000e+00,  -1.00000000e+00,          2.00193207e+02],       [  0.00000000e+00,   0.00000000e+00,   0.00000000e+00,          1.00000000e+00]])),{}]
["save_ply",('%s',),{}]