["add_ply",('%s',),{}]
["set_obj_matrix",('Mesh 1', array([[ -9.99897000e-01,  -1.43523071e-02,   1.22452071e-16,          8.26273549e+02],       [ -1.43523071e-02,   9.99897000e-01,   1.75765077e-18,         -5.34588221e+02],       [ -1.22464685e-16,   0.00000000e+00,  -1.00000000e+00,          1.97534180e+02],       [  0.00000000e+00,   0.00000000e+00,   0.00000000e+00,          1.00000000e+00]])),{}]
["set_obj_matrix",('Mesh 1', array([[ -9.99506735e-01,  -3.14051861e-02,   1.22404278e-16,          8.35271670e+02],       [ -3.14051861e-02,   9.99506735e-01,   3.84602623e-18,         -5.20416931e+02],       [ -1.22464685e-16,   0.00000000e+00,  -1.00000000e+00,          1.97534180e+02],       [  0.00000000e+00,   0.00000000e+00,   0.00000000e+00,          1.00000000e+00]])),{}]
["set_obj_matrix",('Mesh 1', array([[ -8.09843940e-01,  -5.86645372e-01,   9.91772833e-17,          9.83408507e+02],       [ -5.86645372e-01,   8.09843940e-01,   7.18433408e-17,          3.76862234e+01],       [ -1.22464685e-16,   0.00000000e+00,  -1.00000000e+00,          1.97534180e+02],       [  0.00000000e+00,   0.00000000e+00,   0.00000000e+00,          1.00000000e+00]])),{}]
["set_obj_matrix",('Mesh 1', array([[ -6.43079583e-01,  -7.65799354e-01,   7.87545387e-17,          9.44797553e+02],       [ -7.65799354e-01,   6.43079583e-01,   9.37833768e-17,          2.75445327e+02],       [ -1.22464685e-16,   0.00000000e+00,  -1.00000000e+00,          1.97534180e+02],       [  0.00000000e+00,   0.00000000e+00,   0.00000000e+00,          1.00000000e+00]])),{}]
["set_obj_matrix",('Mesh 1', array([[ -4.23203186e-01,  -9.06034803e-01,   5.18274449e-17,          8.41448773e+02],       [ -9.06034803e-01,   4.23203186e-01,   1.10957267e-16,          5.10368991e+02],       [ -1.22464685e-16,   0.00000000e+00,  -1.00000000e+00,          1.97534180e+02],       [  0.00000000e+00,   0.00000000e+00,   0.00000000e+00,          1.00000000e+00]])),{}]
["set_obj_matrix",('Mesh 1', array([[ -2.64914681e-01,  -9.64271856e-01,   3.24426930e-17,          7.43707385e+02],       [ -9.64271856e-01,   2.64914681e-01,   1.18089249e-16,          6.44524530e+02],       [ -1.22464685e-16,   0.00000000e+00,  -1.00000000e+00,          1.97534180e+02],       [  0.00000000e+00,   0.00000000e+00,   0.00000000e+00,          1.00000000e+00]])),{}]
["set_obj_matrix",('Mesh 1', array([[ -1.47962412e-01,  -9.88992985e-01,   1.81201702e-17,          6.61487526e+02],       [ -9.88992985e-01,   1.47962412e-01,   1.21116715e-16,          7.28660961e+02],       [ -1.22464685e-16,   0.00000000e+00,  -1.00000000e+00,          1.97534180e+02],       [  0.00000000e+00,   0.00000000e+00,   0.00000000e+00,          1.00000000e+00]])),{}]
["set_obj_matrix",('Mesh 1', array([[ -4.13113229e-02,  -9.99146323e-01,   5.05917816e-18,          5.79739621e+02],       [ -9.99146323e-01,   4.13113229e-02,   1.22360140e-16,          7.95244941e+02],       [ -1.22464685e-16,   0.00000000e+00,  -1.00000000e+00,          1.97534180e+02],       [  0.00000000e+00,   0.00000000e+00,   0.00000000e+00,          1.00000000e+00]])),{}]
["set_obj_matrix",('Mesh 1', array([[ -3.71602461e-02,  -9.99309320e-01,   4.55081784e-18,          5.76430959e+02],       [ -9.99309320e-01,   3.71602461e-02,   1.22380101e-16,          7.97646472e+02],       [ -1.22464685e-16,   0.00000000e+00,  -1.00000000e+00,          1.97534180e+02],       [  0.00000000e+00,   0.00000000e+00,   0.00000000e+00,          1.00000000e+00]])),{}]
["set_obj_matrix",('Mesh 1', array([[ -3.89499913e-02,  -9.99241161e-01,   4.76999843e-18,          5.77858652e+02],       [ -9.99241161e-01,   3.89499913e-02,   1.22371754e-16,          7.96612780e+02],       [ -1.22464685e-16,   0.00000000e+00,  -1.00000000e+00,          1.97534180e+02],       [  0.00000000e+00,   0.00000000e+00,   0.00000000e+00,          1.00000000e+00]])),{}]
["set_obj_matrix",('Mesh 1', array([[ -4.07546202e-02,  -9.99169185e-01,   4.99100174e-18,          5.79296443e+02],       [ -9.99169185e-01,   4.07546202e-02,   1.22362940e-16,          7.95567832e+02],       [ -1.22464685e-16,   0.00000000e+00,  -1.00000000e+00,          1.97534180e+02],       [  0.00000000e+00,   0.00000000e+00,   0.00000000e+00,          1.00000000e+00]])),{}]
["set_obj_matrix",('Mesh 1', array([[ -4.49332855e-02,  -9.98989990e-01,   5.50274067e-18,          5.82618836e+02],       [ -9.98989990e-01,   4.49332855e-02,   1.22340995e-16,          7.93137968e+02],       [ -1.22464685e-16,   0.00000000e+00,  -1.00000000e+00,          1.97534180e+02],       [  0.00000000e+00,   0.00000000e+00,   0.00000000e+00,          1.00000000e+00]])),{}]
["set_obj_matrix",('Mesh 1', array([[ -4.07546202e-02,  -9.99169185e-01,   4.99100174e-18,          5.79296443e+02],       [ -9.99169185e-01,   4.07546202e-02,   1.22362940e-16,          7.95567832e+02],       [ -1.22464685e-16,   0.00000000e+00,  -1.00000000e+00,          1.97534180e+02],       [  0.00000000e+00,   0.00000000e+00,   0.00000000e+00,          1.00000000e+00]])),{}]
["set_obj_matrix",('Mesh 1', array([[ -3.89499913e-02,  -9.99241161e-01,   4.76999843e-18,          5.77858652e+02],       [ -9.99241161e-01,   3.89499913e-02,   1.22371754e-16,          7.96612780e+02],       [ -1.22464685e-16,   0.00000000e+00,  -1.00000000e+00,          1.97534180e+02],       [  0.00000000e+00,   0.00000000e+00,   0.00000000e+00,          1.00000000e+00]])),{}]
["set_obj_matrix",('Mesh 1', array([[ -3.47694544e-02,  -9.99395360e-01,   4.25803029e-18,          5.74521069e+02],       [ -9.99395360e-01,   3.47694544e-02,   1.22390638e-16,          7.99023207e+02],       [ -1.22464685e-16,   0.00000000e+00,  -1.00000000e+00,          1.97534180e+02],       [  0.00000000e+00,   0.00000000e+00,   0.00000000e+00,          1.00000000e+00]])),{}]
["set_obj_matrix",('Mesh 1', array([[ -6.00380131e-03,  -9.99981977e-01,   7.35253638e-19,          5.51296449e+02],       [ -9.99981977e-01,   6.00380131e-03,   1.22462478e-16,          8.15220688e+02],       [ -1.22464685e-16,   0.00000000e+00,  -1.00000000e+00,          1.97534180e+02],       [  0.00000000e+00,   0.00000000e+00,   0.00000000e+00,          1.00000000e+00]])),{}]
["set_obj_matrix",('Mesh 1', array([[  5.90377660e-02,  -9.98255750e-01,  -7.23004143e-18,          4.97115697e+02],       [ -9.98255750e-01,  -5.90377660e-02,   1.22251076e-16,          8.49345941e+02],       [ -1.22464685e-16,   0.00000000e+00,  -1.00000000e+00,          1.97534180e+02],       [  0.00000000e+00,   0.00000000e+00,   0.00000000e+00,          1.00000000e+00]])),{}]
["set_obj_matrix",('Mesh 1', array([[  1.25822896e-01,  -9.92052720e-01,  -1.54088613e-17,          4.39061722e+02],       [ -9.92052720e-01,  -1.25822896e-01,   1.21491424e-16,          8.80759529e+02],       [ -1.22464685e-16,   0.00000000e+00,  -1.00000000e+00,          1.97534180e+02],       [  0.00000000e+00,   0.00000000e+00,   0.00000000e+00,          1.00000000e+00]])),{}]
["set_obj_matrix",('Mesh 1', array([[  1.71336586e-01,  -9.85212553e-01,  -2.09826810e-17,          3.98070631e+02],       [ -9.85212553e-01,  -1.71336586e-01,   1.20653745e-16,          9.00029064e+02],       [ -1.22464685e-16,   0.00000000e+00,  -1.00000000e+00,          1.97534180e+02],       [  0.00000000e+00,   0.00000000e+00,   0.00000000e+00,          1.00000000e+00]])),{}]
["set_obj_matrix",('Mesh 1', array([[  2.30536058e-01,  -9.73063783e-01,  -2.82325258e-17,          3.42976932e+02],       [ -9.73063783e-01,  -2.30536058e-01,   1.19165950e-16,          9.22431227e+02],       [ -1.22464685e-16,   0.00000000e+00,  -1.00000000e+00,          1.97534180e+02],       [  0.00000000e+00,   0.00000000e+00,   0.00000000e+00,          1.00000000e+00]])),{}]
["set_obj_matrix",('Mesh 1', array([[  2.50528335e-01,  -9.68109267e-01,  -3.06808737e-17,          3.23905828e+02],       [ -9.68109267e-01,  -2.50528335e-01,   1.18559197e-16,          9.29299499e+02],       [ -1.22464685e-16,   0.00000000e+00,  -1.00000000e+00,          1.97534180e+02],       [  0.00000000e+00,   0.00000000e+00,   0.00000000e+00,          1.00000000e+00]])),{}]
["set_obj_matrix",('Mesh 1', array([[  2.55305301e-01,  -9.66860488e-01,  -3.12658834e-17,          3.19313482e+02],       [ -9.66860488e-01,  -2.55305301e-01,   1.18406265e-16,          9.30887450e+02],       [ -1.22464685e-16,   0.00000000e+00,  -1.00000000e+00,          1.97534180e+02],       [  0.00000000e+00,   0.00000000e+00,   0.00000000e+00,          1.00000000e+00]])),{}]
["set_obj_matrix",('Mesh 1', array([[  2.50528335e-01,  -9.68109267e-01,  -3.06808737e-17,          3.23905828e+02],       [ -9.68109267e-01,  -2.50528335e-01,   1.18559197e-16,          9.29299499e+02],       [ -1.22464685e-16,   0.00000000e+00,  -1.00000000e+00,          1.97534180e+02],       [  0.00000000e+00,   0.00000000e+00,   0.00000000e+00,          1.00000000e+00]])),{}]
["set_obj_matrix",('Mesh 1', array([[  2.69628513e-01,  -9.62964415e-01,  -3.30199710e-17,          3.05460922e+02],       [ -9.62964415e-01,  -2.69628513e-01,   1.17929134e-16,          9.35524542e+02],       [ -1.22464685e-16,   0.00000000e+00,  -1.00000000e+00,          1.97534180e+02],       [  0.00000000e+00,   0.00000000e+00,   0.00000000e+00,          1.00000000e+00]])),{}]
["set_obj_matrix",('Mesh 1', array([[  3.36174930e-01,  -9.41799563e-01,  -4.11695570e-17,          2.39427317e+02],       [ -9.41799563e-01,  -3.36174930e-01,   1.15337187e-16,          9.54561210e+02],       [ -1.22464685e-16,   0.00000000e+00,  -1.00000000e+00,          1.97534180e+02],       [  0.00000000e+00,   0.00000000e+00,   0.00000000e+00,          1.00000000e+00]])),{}]
["set_obj_matrix",('Mesh 1', array([[  3.87732540e-01,  -9.21771923e-01,  -4.74835434e-17,          1.86283651e+02],       [ -9.21771923e-01,  -3.87732540e-01,   1.12884508e-16,          9.66338939e+02],       [ -1.22464685e-16,   0.00000000e+00,  -1.00000000e+00,          1.97534180e+02],       [  0.00000000e+00,   0.00000000e+00,   0.00000000e+00,          1.00000000e+00]])),{}]
["set_obj_matrix",('Mesh 1', array([[  3.92568014e-01,  -9.19722977e-01,  -4.80757183e-17,          1.81206210e+02],       [ -9.19722977e-01,  -3.92568014e-01,   1.12633585e-16,          9.67303910e+02],       [ -1.22464685e-16,   0.00000000e+00,  -1.00000000e+00,          1.97534180e+02],       [  0.00000000e+00,   0.00000000e+00,   0.00000000e+00,          1.00000000e+00]])),{}]
["set_obj_matrix",('Mesh 1', array([[  4.01916722e-01,  -9.15676225e-01,  -4.92206048e-17,          1.71343031e+02],       [ -9.15676225e-01,  -4.01916722e-01,   1.12138001e-16,          9.69099639e+02],       [ -1.22464685e-16,   0.00000000e+00,  -1.00000000e+00,          1.97534180e+02],       [  0.00000000e+00,   0.00000000e+00,   0.00000000e+00,          1.00000000e+00]])),{}]
["set_obj_matrix",('Mesh 1', array([[  4.30357724e-01,  -9.02658423e-01,  -5.27036232e-17,          1.40950796e+02],       [ -9.02658423e-01,  -4.30357724e-01,   1.10543780e-16,          9.73984300e+02],       [ -1.22464685e-16,   0.00000000e+00,  -1.00000000e+00,          1.97534180e+02],       [  0.00000000e+00,   0.00000000e+00,   0.00000000e+00,          1.00000000e+00]])),{}]
["set_obj_matrix",('Mesh 1', array([[  4.44591558e-01,  -8.95733413e-01,  -5.44467652e-17,          1.25516406e+02],       [ -8.95733413e-01,  -4.44591558e-01,   1.09695710e-16,          9.76093323e+02],       [ -1.22464685e-16,   0.00000000e+00,  -1.00000000e+00,          1.97534180e+02],       [  0.00000000e+00,   0.00000000e+00,   0.00000000e+00,          1.00000000e+00]])),{}]
["set_obj_matrix",('Mesh 1', array([[  4.45022838e-01,  -8.95519220e-01,  -5.44995818e-17,          1.25046363e+02],       [ -8.95519220e-01,  -4.45022838e-01,   1.09669479e-16,          9.76153651e+02],       [ -1.22464685e-16,   0.00000000e+00,  -1.00000000e+00,          1.97534180e+02],       [  0.00000000e+00,   0.00000000e+00,   0.00000000e+00,          1.00000000e+00]])),{}]
["set_obj_matrix",('Mesh 1', array([[  4.45458491e-01,  -8.95302593e-01,  -5.45529339e-17,          1.24571411e+02],       [ -8.95302593e-01,  -4.45458491e-01,   1.09642950e-16,          9.76214376e+02],       [ -1.22464685e-16,   0.00000000e+00,  -1.00000000e+00,          1.97534180e+02],       [  0.00000000e+00,   0.00000000e+00,   0.00000000e+00,          1.00000000e+00]])),{}]
["set_obj_matrix",('Mesh 1', array([[  4.40804092e-01,  -8.97603338e-01,  -5.39829344e-17,          1.29638219e+02],       [ -8.97603338e-01,  -4.40804092e-01,   1.09924710e-16,          9.75554445e+02],       [ -1.22464685e-16,   0.00000000e+00,  -1.00000000e+00,          1.97534180e+02],       [  0.00000000e+00,   0.00000000e+00,   0.00000000e+00,          1.00000000e+00]])),{}]
["set_obj_matrix",('Mesh 1', array([[  4.26745036e-01,  -9.04371978e-01,  -5.22611965e-17,          1.44844111e+02],       [ -9.04371978e-01,  -4.26745036e-01,   1.10753630e-16,          9.73412927e+02],       [ -1.22464685e-16,   0.00000000e+00,  -1.00000000e+00,          1.97534180e+02],       [  0.00000000e+00,   0.00000000e+00,   0.00000000e+00,          1.00000000e+00]])),{}]
["set_obj_matrix",('Mesh 1', array([[  4.17295914e-01,  -9.08770664e-01,  -5.11040128e-17,          1.54981774e+02],       [ -9.08770664e-01,  -4.17295914e-01,   1.11292313e-16,          9.71850397e+02],       [ -1.22464685e-16,   0.00000000e+00,  -1.00000000e+00,          1.97534180e+02],       [  0.00000000e+00,   0.00000000e+00,   0.00000000e+00,          1.00000000e+00]])),{}]
["set_obj_matrix",('Mesh 1', array([[  4.12549493e-01,  -9.10935187e-01,  -5.05227438e-17,          1.60049474e+02],       [ -9.10935187e-01,  -4.12549493e-01,   1.11557391e-16,          9.71028686e+02],       [ -1.22464685e-16,   0.00000000e+00,  -1.00000000e+00,          1.97534180e+02],       [  0.00000000e+00,   0.00000000e+00,   0.00000000e+00,          1.00000000e+00]])),{}]
["set_obj_matrix",('Mesh 1', array([[  4.07788981e-01,  -9.13076200e-01,  -4.99397492e-17,          1.65115861e+02],       [ -9.13076200e-01,  -4.07788981e-01,   1.11819589e-16,          9.70180033e+02],       [ -1.22464685e-16,   0.00000000e+00,  -1.00000000e+00,          1.97534180e+02],       [  0.00000000e+00,   0.00000000e+00,   0.00000000e+00,          1.00000000e+00]])),{}]
["set_obj_matrix",('Mesh 1', array([[  4.02790623e-01,  -9.15292147e-01,  -4.93276268e-17,          1.70417872e+02],       [ -9.15292147e-01,  -4.02790623e-01,   1.12090965e-16,          9.69262757e+02],       [ -1.22464685e-16,   0.00000000e+00,  -1.00000000e+00,          1.97534180e+02],       [  0.00000000e+00,   0.00000000e+00,   0.00000000e+00,          1.00000000e+00]])),{}]
["set_obj_matrix",('Mesh 1', array([[  3.98027391e-01,  -9.17373531e-01,  -4.87442992e-17,          1.75453905e+02],       [ -9.17373531e-01,  -3.98027391e-01,   1.12345861e-16,          9.68363811e+02],       [ -1.22464685e-16,   0.00000000e+00,  -1.00000000e+00,          1.97534180e+02],       [  0.00000000e+00,   0.00000000e+00,   0.00000000e+00,          1.00000000e+00]])),{}]
["set_obj_matrix",('Mesh 1', array([[  3.97829672e-01,  -9.17459292e-01,  -4.87200856e-17,          1.75662600e+02],       [ -9.17459292e-01,  -3.97829672e-01,   1.12356363e-16,          9.68325976e+02],       [ -1.22464685e-16,   0.00000000e+00,  -1.00000000e+00,          1.97534180e+02],       [  0.00000000e+00,   0.00000000e+00,   0.00000000e+00,          1.00000000e+00]])),{}]
["set_obj_matrix",('Mesh 1', array([[  3.98027391e-01,  -9.17373531e-01,  -4.87442992e-17,          1.75453905e+02],       [ -9.17373531e-01,  -3.98027391e-01,   1.12345861e-16,          9.68363811e+02],       [ -1.22464685e-16,   0.00000000e+00,  -1.00000000e+00,          1.97534180e+02],       [  0.00000000e+00,   0.00000000e+00,   0.00000000e+00,          1.00000000e+00]])),{}]
["set_obj_matrix",('Mesh 1', array([[  3.93251334e-01,  -9.19431013e-01,  -4.81594008e-17,          1.80487376e+02],       [ -9.19431013e-01,  -3.93251334e-01,   1.12597830e-16,          9.67438293e+02],       [ -1.22464685e-16,   0.00000000e+00,  -1.00000000e+00,          1.97534180e+02],       [  0.00000000e+00,   0.00000000e+00,   0.00000000e+00,          1.00000000e+00]])),{}]
["add_polygon_ray",(array([  226.95121765,  1018.7265625 ,  -574.35534668], dtype=float32), array([  226.95121765,  1018.7265625 ,   969.42370605], dtype=float32), array([  1.89058418e-13,   0.00000000e+00,   1.54377905e+03], dtype=float32)),{}]
["add_polygon_ray",(array([ 122.90781403,  665.27905273, -574.35534668], dtype=float32), array([ 122.90781403,  665.27905273,  969.42370605], dtype=float32), array([  1.89058418e-13,   0.00000000e+00,   1.54377905e+03], dtype=float32)),{}]
["add_polygon_ray",(array([ 441.69134521,  281.11819458, -574.35534668], dtype=float32), array([ 441.69134521,  281.11819458,  969.42370605], dtype=float32), array([  1.89058418e-13,   0.00000000e+00,   1.54377905e+03], dtype=float32)),{}]
["add_polygon_ray",(array([ 772.42840576,  167.36129761, -574.35534668], dtype=float32), array([ 772.42840576,  167.36129761,  969.42370605], dtype=float32), array([  1.89058418e-13,   0.00000000e+00,   1.54377905e+03], dtype=float32)),{}]
["add_polygon_ray",(array([ 837.44702148,  376.50888062, -574.35534668], dtype=float32), array([ 837.44702148,  376.50888062,  969.42370605], dtype=float32), array([  1.89058418e-13,   0.00000000e+00,   1.54377905e+03], dtype=float32)),{}]
["add_polygon_ray",(array([ 768.59753418,  474.66967773, -574.35534668], dtype=float32), array([ 768.59753418,  474.66967773,  969.42370605], dtype=float32), array([  1.89058418e-13,   0.00000000e+00,   1.54377905e+03], dtype=float32)),{}]
["add_polygon_ray",(array([ 895.9329834 ,  522.41625977, -574.35534668], dtype=float32), array([ 895.9329834 ,  522.41625977,  969.42370605], dtype=float32), array([  1.89058418e-13,   0.00000000e+00,   1.54377905e+03], dtype=float32)),{}]
["add_polygon_ray",(array([ 996.2142334 ,  719.78118896, -574.35534668], dtype=float32), array([ 996.2142334 ,  719.78118896,  969.42370605], dtype=float32), array([  1.89058418e-13,   0.00000000e+00,   1.54377905e+03], dtype=float32)),{}]
["add_polygon_ray",(array([ 1023.01171875,   774.89831543,  -574.35534668], dtype=float32), array([ 1023.01171875,   774.89831543,   969.42370605], dtype=float32), array([  1.89058418e-13,   0.00000000e+00,   1.54377905e+03], dtype=float32)),{}]
["add_polygon_ray",(array([ 958.26654053,  941.97686768, -574.35534668], dtype=float32), array([ 958.26654053,  941.97686768,  969.42370605], dtype=float32), array([  1.89058418e-13,   0.00000000e+00,   1.54377905e+03], dtype=float32)),{}]
["add_polygon_ray",(array([  655.14782715,  1124.63452148,  -574.35534668], dtype=float32), array([  655.14782715,  1124.63452148,   969.42370605], dtype=float32), array([  1.89058418e-13,   0.00000000e+00,   1.54377905e+03], dtype=float32)),{}]
["add_polygon_ray",(array([  432.55877686,  1103.30908203,  -574.35534668], dtype=float32), array([  432.55877686,  1103.30908203,   969.42370605], dtype=float32), array([  1.89058418e-13,   0.00000000e+00,   1.54377905e+03], dtype=float32)),{}]
["select_region_polygon",(),{}]
["crop_selection",(),{}]
["save_ply",('%s',),{}]