["add_ply",('%s',),{}]
["add_polygon_ray",(array([ 1234.33422852,  1052.29077148,  -522.11413574], dtype=float32), array([ 1234.33422852,  1052.29077148,   998.52111816], dtype=float32), array([  1.86224124e-13,   0.00000000e+00,   1.52063525e+03], dtype=float32)),{}]
["add_polygon_ray",(array([  814.63885498,  1143.52880859,  -522.11413574], dtype=float32), array([  814.63885498,  1143.52880859,   998.52111816], dtype=float32), array([  1.86224124e-13,   0.00000000e+00,   1.52063525e+03], dtype=float32)),{}]
["add_polygon_ray",(array([ 680.82830811,  918.27087402, -523.57080078], dtype=float32), array([ 680.56524658,  930.73736572,  997.01330566], dtype=float32), array([ -2.63105452e-01,   1.24665251e+01,   1.52058411e+03], dtype=float32)),{}]
["add_polygon_ray",(array([ 531.88525391,  805.64263916, -522.67321777], dtype=float32), array([ 531.62213135,  818.10913086,  997.91088867], dtype=float32), array([ -2.63105452e-01,   1.24665251e+01,   1.52058411e+03], dtype=float32)),{}]
["add_polygon_ray",(array([ 285.47393799,  902.78637695, -523.51220703], dtype=float32), array([ 285.21084595,  915.25292969,  997.07189941], dtype=float32), array([ -2.63105452e-01,   1.24665251e+01,   1.52058411e+03], dtype=float32)),{}]
["add_polygon_ray",(array([ 118.17419434,  945.24487305, -523.88928223], dtype=float32), array([ 117.91107178,  957.71142578,  996.69482422], dtype=float32), array([ -2.63105452e-01,   1.24665251e+01,   1.52058411e+03], dtype=float32)),{}]
["add_polygon_ray",(array([  34.68963623,  496.38278198, -510.48373413], dtype=float32), array([   57.25366211,   503.35284424,  1009.96813965], dtype=float32), array([   22.56407166,     6.97007322,  1520.4519043 ], dtype=float32)),{}]
["add_polygon_ray",(array([ 312.73226929,   34.88702393, -512.49438477], dtype=float32), array([  335.2963562 ,    41.8571167 ,  1007.95739746], dtype=float32), array([   22.56407166,     6.97007322,  1520.4519043 ], dtype=float32)),{}]
["add_polygon_ray",(array([ 678.98071289, -107.82208252, -659.80212402], dtype=float32), array([  705.77404785,   -99.54559326,  1145.63439941], dtype=float32), array([   26.79335022,     8.27650356,  1805.43652344], dtype=float32)),{}]
["add_polygon_ray",(array([ 1346.15185547,   190.16143799,  -671.0692749 ], dtype=float32), array([ 1372.94519043,   198.43792725,  1134.36730957], dtype=float32), array([   26.79335022,     8.27650356,  1805.43652344], dtype=float32)),{}]
["add_polygon_ray",(array([ 1528.41210938,   855.14556885,  -676.82250977], dtype=float32), array([ 1555.20544434,   863.42205811,  1128.61401367], dtype=float32), array([   26.79335022,     8.27650356,  1805.43652344], dtype=float32)),{}]
["select_region_polygon",(),{}]
["crop_selection",(),{}]
["transform_mesh",(array([[ 0.,  1.,  0.],       [ 1.,  0.,  0.],       [ 0.,  0.,  1.]], dtype=float32), array([ 0.,  0.,  0.], dtype=float32)),{'reverse': True}]
["set_obj_matrix",('Mesh 1', array([[ -9.99979870e-01,  -6.34491346e-03,   2.87876953e-05,          7.52436724e+02],       [ -6.34491073e-03,   9.99979866e-01,   9.42531333e-05,         -7.40385539e+02],       [ -2.93851437e-05,   9.40685807e-05,  -9.99999995e-01,          2.38155400e+02],       [  0.00000000e+00,   0.00000000e+00,   0.00000000e+00,          1.00000000e+00]])),{}]
["set_obj_matrix",('Mesh 1', array([[ -9.98838490e-01,  -4.81832878e-02,   2.03645147e-04,          7.82716336e+02],       [ -4.81831298e-02,   9.98838259e-01,   7.20381247e-04,         -7.08400319e+02],       [ -2.38118901e-04,   7.09732257e-04,  -9.99999720e-01,          2.37852666e+02],       [  0.00000000e+00,   0.00000000e+00,   0.00000000e+00,          1.00000000e+00]])),{}]
["set_obj_matrix",('Mesh 1', array([[ -9.68914451e-01,  -2.47395097e-01,   6.72790351e-04,          9.08666632e+02],       [ -2.47390868e-01,   9.68908258e-01,   3.81390368e-03,         -5.37881913e+02],       [ -1.59541320e-03,   3.52890420e-03,  -9.99992501e-01,          2.36765210e+02],       [  0.00000000e+00,   0.00000000e+00,   0.00000000e+00,          1.00000000e+00]])),{}]
["set_obj_matrix",('Mesh 1', array([[ -8.90657859e-01,  -4.54673911e-01,   4.61643339e-04,          1.00465014e+03],       [ -4.54659033e-01,   8.90636076e-01,   7.24865664e-03,         -3.25396918e+02],       [ -3.70693127e-03,   6.24618269e-03,  -9.99973622e-01,          2.36314855e+02],       [  0.00000000e+00,   0.00000000e+00,   0.00000000e+00,          1.00000000e+00]])),{}]
["set_obj_matrix",('Mesh 1', array([[ -7.56075691e-01,  -6.54483893e-01,  -6.19634897e-04,          1.05315935e+03],       [ -6.54450705e-01,   7.56027097e-01,   1.08307154e-02,         -7.65596088e+01],       [ -6.62006804e-03,   8.59436115e-03,  -9.99941154e-01,          2.36735683e+02],       [  0.00000000e+00,   0.00000000e+00,   0.00000000e+00,          1.00000000e+00]])),{}]
["set_obj_matrix",('Mesh 1', array([[ -5.77764623e-01,  -8.16199526e-01,  -2.52449882e-03,          1.04078233e+03],       [ -8.16142077e-01,   5.77680507e-01,   1.40478541e-02,          1.76465727e+02],       [ -1.00074981e-02,   1.01767028e-02,  -9.99898137e-01,          2.38079284e+02],       [  0.00000000e+00,   0.00000000e+00,   0.00000000e+00,          1.00000000e+00]])),{}]
["set_obj_matrix",('Mesh 1', array([[ -3.65672429e-01,  -9.30729382e-01,  -5.14699683e-03,          9.68157894e+02],       [ -9.30643076e-01,   3.65546060e-01,   1.67195607e-02,          4.19511374e+02],       [ -1.36799220e-02,   1.09038993e-02,  -9.99846971e-01,          2.40271231e+02],       [  0.00000000e+00,   0.00000000e+00,   0.00000000e+00,          1.00000000e+00]])),{}]
["set_obj_matrix",('Mesh 1', array([[ -2.53677277e-01,  -9.67266111e-01,  -6.64155448e-03,          9.11996001e+02],       [ -9.67164566e-01,   2.53528596e-01,   1.77750650e-02,          5.30034914e+02],       [ -1.55093940e-02,   1.09326062e-02,  -9.99819952e-01,          2.41611357e+02],       [  0.00000000e+00,   0.00000000e+00,   0.00000000e+00,          1.00000000e+00]])),{}]
["set_obj_matrix",('Mesh 1', array([[ -1.50731824e-01,  -9.88541736e-01,  -8.07177134e-03,          8.51214133e+02],       [ -9.88426185e-01,   1.50562635e-01,   1.85626131e-02,          6.22467528e+02],       [ -1.71346106e-02,   1.07763267e-02,  -9.99795117e-01,          2.42937113e+02],       [  0.00000000e+00,   0.00000000e+00,   0.00000000e+00,          1.00000000e+00]])),{}]
["set_obj_matrix",('Mesh 1', array([[ -1.23576908e-01,  -9.92298956e-01,  -8.45753651e-03,          8.33801042e+02],       [ -9.92179710e-01,   1.23402309e-01,   1.87428255e-02,          6.45468994e+02],       [ -1.75548066e-02,   1.07075765e-02,  -9.99788566e-01,          2.43300974e+02],       [  0.00000000e+00,   0.00000000e+00,   0.00000000e+00,          1.00000000e+00]])),{}]
["set_obj_matrix",('Mesh 1', array([[ -8.74872459e-02,  -9.96125203e-01,  -8.97558020e-03,          8.09790109e+02],       [ -9.96001047e-01,   8.73054574e-02,   1.89650111e-02,          6.75169973e+02],       [ -1.81079084e-02,   1.05988839e-02,  -9.99779859e-01,          2.43793461e+02],       [  0.00000000e+00,   0.00000000e+00,   0.00000000e+00,          1.00000000e+00]])),{}]
["set_obj_matrix",('Mesh 1', array([[ -4.76872074e-02,  -9.98816627e-01,  -9.55388953e-03,          7.82173586e+02],       [ -9.98687055e-01,   4.74974901e-02,   1.91873606e-02,          7.06787227e+02],       [ -1.87108690e-02,   1.04563374e-02,  -9.99770258e-01,          2.44348240e+02],       [  0.00000000e+00,   0.00000000e+00,   0.00000000e+00,          1.00000000e+00]])),{}]
["set_obj_matrix",('Mesh 1', array([[ -3.02289333e-02,  -9.99494861e-01,  -9.80986765e-03,          7.69685838e+02],       [ -9.99362914e-01,   3.00357380e-02,   1.92774390e-02,          7.20282273e+02],       [ -1.89730546e-02,   1.03863543e-02,  -9.99766046e-01,          2.44595427e+02],       [  0.00000000e+00,   0.00000000e+00,   0.00000000e+00,          1.00000000e+00]])),{}]
["set_obj_matrix",('Mesh 1', array([[ -1.99456133e-02,  -9.99751442e-01,  -9.96129973e-03,          7.62223937e+02],       [ -9.99618095e-01,   1.97503693e-02,   1.93283763e-02,          7.28124805e+02],       [ -1.91268327e-02,   1.03430118e-02,  -9.99763565e-01,          2.44742116e+02],       [  0.00000000e+00,   0.00000000e+00,   0.00000000e+00,          1.00000000e+00]])),{}]
["set_obj_matrix",('Mesh 1', array([[ -1.31700991e-02,  -9.99862650e-01,  -1.00613411e-02,          7.57264369e+02],       [ -9.99728381e-01,   1.29735053e-02,   1.93610796e-02,          7.33249072e+02],       [ -1.92278894e-02,   1.03135956e-02,  -9.99761931e-01,          2.44839209e+02],       [  0.00000000e+00,   0.00000000e+00,   0.00000000e+00,          1.00000000e+00]])),{}]
["set_obj_matrix",('Mesh 1', array([[  1.32916083e-02,  -9.99857013e-01,  -1.04540685e-02,          7.37567482e+02],       [ -9.99719144e-01,  -1.34934736e-02,   1.94822727e-02,          7.52934435e+02],       [ -1.96205487e-02,   1.01921817e-02,  -9.99755547e-01,          2.45221760e+02],       [  0.00000000e+00,   0.00000000e+00,   0.00000000e+00,          1.00000000e+00]])),{}]
["set_obj_matrix",('Mesh 1', array([[  5.10737907e-02,  -9.98634077e-01,  -1.10203764e-02,          7.08540237e+02],       [ -9.98491068e-01,  -5.12831830e-02,   1.96372836e-02,          7.80137198e+02],       [ -2.01756206e-02,   1.00007968e-02,  -9.99746432e-01,          2.45777238e+02],       [  0.00000000e+00,   0.00000000e+00,   0.00000000e+00,          1.00000000e+00]])),{}]
["set_obj_matrix",('Mesh 1', array([[  8.04367116e-02,  -9.96693779e-01,  -1.14650278e-02,          6.85244832e+02],       [ -9.96546775e-01,  -8.06519534e-02,   1.97430622e-02,          8.00541521e+02],       [ -2.06024642e-02,   9.83736943e-03,  -9.99739348e-01,          2.46216489e+02],       [  0.00000000e+00,   0.00000000e+00,   0.00000000e+00,          1.00000000e+00]])),{}]
["set_obj_matrix",('Mesh 1', array([[  8.91161840e-02,  -9.95953719e-01,  -1.15972270e-02,          6.78234977e+02],       [ -9.95805534e-01,  -8.93331549e-02,   1.97718584e-02,          8.06448970e+02],       [ -2.07278728e-02,   9.78659020e-03,  -9.99737254e-01,          2.46347598e+02],       [  0.00000000e+00,   0.00000000e+00,   0.00000000e+00,          1.00000000e+00]])),{}]
["set_obj_matrix",('Mesh 1', array([[  9.16419081e-02,  -9.95724043e-01,  -1.16357625e-02,          6.76184458e+02],       [ -9.95575514e-01,  -9.18593822e-02,   1.97800256e-02,          8.08157381e+02],       [ -2.07643010e-02,   9.77160097e-03,  -9.99736645e-01,          2.46385861e+02],       [  0.00000000e+00,   0.00000000e+00,   0.00000000e+00,          1.00000000e+00]])),{}]
["set_obj_matrix",('Mesh 1', array([[  9.45056280e-02,  -9.95455813e-01,  -1.16794908e-02,          6.73853718e+02],       [ -9.95306895e-01,  -9.47236726e-02,   1.97891697e-02,          8.10088594e+02],       [ -2.08055683e-02,   9.75448982e-03,  -9.99735954e-01,          2.46429303e+02],       [  0.00000000e+00,   0.00000000e+00,   0.00000000e+00,          1.00000000e+00]])),{}]
["set_obj_matrix",('Mesh 1', array([[  1.03005068e-01,  -9.94610724e-01,  -1.18094997e-02,          6.66899698e+02],       [ -9.94460649e-01,  -1.03224806e-01,   1.98155821e-02,          8.15783923e+02],       [ -2.09278237e-02,   9.70297739e-03,  -9.99733904e-01,          2.46558612e+02],       [  0.00000000e+00,   0.00000000e+00,   0.00000000e+00,          1.00000000e+00]])),{}]
["set_obj_matrix",('Mesh 1', array([[  1.19596135e-01,  -9.92749323e-01,  -1.20642504e-02,          6.53167756e+02],       [ -9.92596991e-01,  -1.19819178e-01,   1.98639968e-02,          8.26743714e+02],       [ -2.11654980e-02,   9.59928140e-03,  -9.99729901e-01,          2.46812641e+02],       [  0.00000000e+00,   0.00000000e+00,   0.00000000e+00,          1.00000000e+00]])),{}]
["set_obj_matrix",('Mesh 1', array([[  1.25007330e-01,  -9.92081450e-01,  -1.21476162e-02,          6.48643849e+02],       [ -9.91928381e-01,  -1.25231451e-01,   1.98788854e-02,          8.30273033e+02],       [ -2.12427371e-02,   9.56455891e-03,  -9.99728596e-01,          2.46895956e+02],       [  0.00000000e+00,   0.00000000e+00,   0.00000000e+00,          1.00000000e+00]])),{}]
["set_obj_matrix",('Mesh 1', array([[  1.27690851e-01,  -9.91739116e-01,  -1.21890100e-02,          6.46392077e+02],       [ -9.91585683e-01,  -1.27915507e-01,   1.98861039e-02,          8.32015017e+02],       [ -2.12809905e-02,   9.54717427e-03,  -9.99727948e-01,          2.46937359e+02],       [  0.00000000e+00,   0.00000000e+00,   0.00000000e+00,          1.00000000e+00]])),{}]
["set_obj_matrix",('Mesh 1', array([[  1.27827372e-01,  -9.91721503e-01,  -1.21911168e-02,          6.46277374e+02],       [ -9.91568051e-01,  -1.28052055e-01,   1.98864682e-02,          8.32103492e+02],       [ -2.12829357e-02,   9.54628692e-03,  -9.99727916e-01,          2.46939467e+02],       [  0.00000000e+00,   0.00000000e+00,   0.00000000e+00,          1.00000000e+00]])),{}]
["set_obj_matrix",('Mesh 1', array([[  1.35747850e-01,  -9.90666896e-01,  -1.23134941e-02,          6.39598327e+02],       [ -9.90512366e-01,  -1.35974111e-01,   1.99071178e-02,          8.37212106e+02],       [ -2.13956391e-02,   9.49431978e-03,  -9.99726005e-01,          2.47062005e+02],       [  0.00000000e+00,   0.00000000e+00,   0.00000000e+00,          1.00000000e+00]])),{}]
["set_obj_matrix",('Mesh 1', array([[  1.43539615e-01,  -9.89566456e-01,  -1.24341715e-02,          6.32980966e+02],       [ -9.89410866e-01,  -1.43767429e-01,   1.99264974e-02,          8.42190839e+02],       [ -2.15062222e-02,   9.44226261e-03,  -9.99724125e-01,          2.47183033e+02],       [  0.00000000e+00,   0.00000000e+00,   0.00000000e+00,          1.00000000e+00]])),{}]
["save_ply",('%s',),{}]