["add_ply",('%s',),{}]
["add_polygon_ray",(array([ 180.44113159,   -1.56796265,  -32.97682953], dtype=float32), array([ 124.07131958,   81.37320709,  214.58383179], dtype=float32), array([ -56.36980057,   82.94116974,  247.56066895], dtype=float32)),{}]
["add_polygon_ray",(array([ 183.17056274,   62.08257675,  -53.68041229], dtype=float32), array([ 126.80076599,  145.02374268,  193.88024902], dtype=float32), array([ -56.36980057,   82.94116974,  247.56066895], dtype=float32)),{}]
["add_polygon_ray",(array([ 199.06744385,  119.31137848,  -69.23425293], dtype=float32), array([ 142.69764709,  202.25254822,  178.32641602], dtype=float32), array([ -56.36980057,   82.94116974,  247.56066895], dtype=float32)),{}]
["add_polygon_ray",(array([ 197.1072998 ,  168.85797119,  -86.28035736], dtype=float32), array([ 140.73750305,  251.7991333 ,  161.28030396], dtype=float32), array([ -56.36980057,   82.94116974,  247.56066895], dtype=float32)),{}]
["add_polygon_ray",(array([ 121.60780334,  176.81387329, -106.13716888], dtype=float32), array([  65.23799896,  259.75506592,  141.42349243], dtype=float32), array([ -56.36980057,   82.94116974,  247.56066895], dtype=float32)),{}]
["add_polygon_ray",(array([  92.93432617,  105.46800995,  -88.76287079], dtype=float32), array([  36.5645256 ,  188.40917969,  158.79779053], dtype=float32), array([ -56.36980057,   82.94116974,  247.56066895], dtype=float32)),{}]
["add_polygon_ray",(array([ 72.86047363,  34.266922  , -69.47894287], dtype=float32), array([  16.49067688,  117.20809174,  178.08172607], dtype=float32), array([ -56.36980057,   82.94116974,  247.56066895], dtype=float32)),{}]
["add_polygon_ray",(array([ 93.02986145, -17.31061554, -47.60614014], dtype=float32), array([  36.66006088,   65.6305542 ,  199.95452881], dtype=float32), array([ -56.36980057,   82.94116974,  247.56066895], dtype=float32)),{}]
["add_polygon_ray",(array([ 153.1277771 ,  -15.80673981,  -34.42563629], dtype=float32), array([  96.75797272,   67.13442993,  213.13504028], dtype=float32), array([ -56.36980057,   82.94116974,  247.56066895], dtype=float32)),{}]
["select_region_polygon",(),{}]
["crop_selection",(),{}]
["set_obj_matrix",('Mesh 1', array([[ -9.99864988e-01,  -1.61411969e-02,  -3.07688571e-03,          1.00740672e+02],       [ -1.61485981e-02,   9.99866732e-01,   2.39595927e-03,         -1.07773390e+02],       [  3.03780201e-03,   2.44532318e-03,  -9.99992396e-01,          5.48342292e+01],       [  0.00000000e+00,   0.00000000e+00,   0.00000000e+00,          1.00000000e+00]])),{}]
["set_obj_matrix",('Mesh 1', array([[ -9.98176260e-01,  -5.73939821e-02,  -1.87105383e-02,          1.05946836e+02],       [ -5.60959588e-02,   9.96387417e-01,  -6.37601720e-02,         -9.97804866e+01],       [  2.23023951e-02,  -6.25943044e-02,  -9.97789836e-01,          5.99141191e+01],       [  0.00000000e+00,   0.00000000e+00,   0.00000000e+00,          1.00000000e+00]])),{}]
["set_obj_matrix",('Mesh 1', array([[ -9.97483625e-01,  -4.44373672e-02,  -5.52425386e-02,          1.06486813e+02],       [ -1.81154386e-02,   9.13077450e-01,  -4.07383605e-01,         -7.53946017e+01],       [  6.85437711e-02,  -4.05357732e-01,  -9.11584807e-01,          8.80158627e+01],       [  0.00000000e+00,   0.00000000e+00,   0.00000000e+00,          1.00000000e+00]])),{}]
["set_obj_matrix",('Mesh 1', array([[ -9.85620230e-01,  -5.42435405e-02,  -1.60032497e-01,          1.12191378e+02],       [  1.45727478e-01,   2.06540441e-01,  -9.67524960e-01,          1.66372606e+01],       [  8.55351618e-02,  -9.76933306e-01,  -1.95665662e-01,          1.09118630e+02],       [  0.00000000e+00,   0.00000000e+00,   0.00000000e+00,          1.00000000e+00]])),{}]
["set_obj_matrix",('Mesh 1', array([[ -9.75221988e-01,  -1.34637494e-01,  -1.75541504e-01,          1.20806174e+02],       [  2.14198314e-01,  -3.76204669e-01,  -9.01437258e-01,          6.98750689e+01],       [  5.53277195e-02,  -9.16702128e-01,   3.95722189e-01,          7.27593457e+01],       [  0.00000000e+00,   0.00000000e+00,   0.00000000e+00,          1.00000000e+00]])),{}]
["set_obj_matrix",('Mesh 1', array([[ -9.71042096e-01,  -1.79266134e-01,  -1.57926883e-01,          1.24292956e+02],       [  2.36269119e-01,  -6.22589885e-01,  -7.46028644e-01,          8.60019165e+01],       [  3.54139905e-02,  -7.61738464e-01,   6.46916039e-01,          4.38806432e+01],       [  0.00000000e+00,   0.00000000e+00,   0.00000000e+00,          1.00000000e+00]])),{}]
["set_obj_matrix",('Mesh 1', array([[ -9.66715831e-01,  -2.30637277e-01,  -1.10756253e-01,          1.26864436e+02],       [  2.55843029e-01,  -8.75134524e-01,  -4.10711467e-01,          9.30811362e+01],       [ -2.20124568e-03,  -4.25377493e-01,   9.05013339e-01,         -3.44909931e+00],       [  0.00000000e+00,   0.00000000e+00,   0.00000000e+00,          1.00000000e+00]])),{}]
["set_obj_matrix",('Mesh 1', array([[ -9.66376840e-01,  -2.37028358e-01,  -9.96662479e-02,          1.26914760e+02],       [  2.57116497e-01,  -8.94744836e-01,  -3.65133929e-01,          9.25726516e+01],       [ -2.62876488e-03,  -3.78482809e-01,   9.25604588e-01,         -9.67094005e+00],       [  0.00000000e+00,   0.00000000e+00,   0.00000000e+00,          1.00000000e+00]])),{}]
["set_obj_matrix",('Mesh 1', array([[ -9.66346320e-01,  -2.33971503e-01,  -1.06921115e-01,          1.26979714e+02],       [  2.57023195e-01,  -8.95405013e-01,  -3.63577970e-01,          9.25677936e+01],       [ -1.06708178e-02,  -3.78823440e-01,   9.25407443e-01,         -8.82808699e+00],       [  0.00000000e+00,   0.00000000e+00,   0.00000000e+00,          1.00000000e+00]])),{}]
["set_obj_matrix",('Mesh 1', array([[ -9.66442571e-01,  -2.31828892e-01,  -1.10653162e-01,          1.26961906e+02],       [  2.56666595e-01,  -8.89119069e-01,  -3.78932106e-01,          9.27669368e+01],       [ -1.05364257e-02,  -3.94617088e-01,   9.18785251e-01,         -6.74901281e+00],       [  0.00000000e+00,   0.00000000e+00,   0.00000000e+00,          1.00000000e+00]])),{}]
["set_obj_matrix",('Mesh 1', array([[ -9.66356490e-01,  -2.44933420e-01,  -7.85032128e-02,          1.26603911e+02],       [  2.54353795e-01,  -8.64708346e-01,  -4.33109251e-01,          9.33301141e+01],       [  3.82005467e-02,  -4.38505526e-01,   8.97916267e-01,         -5.61416584e+00],       [  0.00000000e+00,   0.00000000e+00,   0.00000000e+00,          1.00000000e+00]])),{}]
["set_obj_matrix",('Mesh 1', array([[ -9.54695561e-01,  -2.95986465e-01,   3.07960782e-02,          1.24973774e+02],       [  2.46164746e-01,  -8.43642265e-01,  -4.77148453e-01,          9.42777259e+01],       [  1.67210357e-01,  -4.47950601e-01,   8.78282959e-01,         -1.62433204e+01],       [  0.00000000e+00,   0.00000000e+00,   0.00000000e+00,          1.00000000e+00]])),{}]
["set_obj_matrix",('Mesh 1', array([[  -0.87653097,   -0.40865154,    0.25435678,  117.17260507],       [   0.20644513,   -0.79652129,   -0.56827304,   98.10329226],       [   0.43482625,   -0.4455982 ,    0.7825397 ,  -37.64178512],       [   0.        ,    0.        ,    0.        ,    1.        ]])),{}]
["set_obj_matrix",('Mesh 1', array([[  -0.72465914,   -0.51185225,    0.46138531,  101.96960162],       [   0.1527143 ,   -0.77217682,   -0.61678303,  103.44087162],       [   0.67197282,   -0.37649733,    0.63773214,  -60.60334759],       [   0.        ,    0.        ,    0.        ,    1.        ]])),{}]
["set_obj_matrix",('Mesh 1', array([[  -0.71796694,   -0.51293131,    0.47055812,  100.91797459],       [   0.1545428 ,   -0.77660449,   -0.61073889,  103.40904918],       [   0.67870465,   -0.36576896,    0.63684619,  -62.39158812],       [   0.        ,    0.        ,    0.        ,    1.        ]])),{}]
["set_obj_matrix",('Mesh 1', array([[  -0.69731231,   -0.53127465,    0.48114737,  100.29424468],       [   0.13270684,   -0.75536203,   -0.64172977,  104.96307699],       [   0.70437521,   -0.38363451,    0.59722702,  -60.78154547],       [   0.        ,    0.        ,    0.        ,    1.        ]])),{}]
["set_obj_matrix",('Mesh 1', array([[  -0.70089023,   -0.52588809,    0.48186575,  100.01952852],       [   0.12568391,   -0.75606034,   -0.64232103,  105.76613238],       [   0.70210857,   -0.38963377,    0.59601098,  -59.83475973],       [   0.        ,    0.        ,    0.        ,    1.        ]])),{}]
["set_obj_matrix",('Mesh 1', array([[ -5.93764152e-01,  -4.46330327e-01,   6.69502331e-01,          7.03461095e+01],       [ -4.64472761e-02,  -8.11653488e-01,  -5.82289675e-01,          1.25523905e+02],       [  8.03297443e-01,  -3.76839295e-01,   4.61199917e-01,         -6.37632616e+01],       [  0.00000000e+00,   0.00000000e+00,   0.00000000e+00,          1.00000000e+00]])),{}]
["set_obj_matrix",('Mesh 1', array([[ -1.86874906e-01,  -1.78166060e-01,   9.66092451e-01,         -1.55916334e+01],       [ -4.63415028e-01,  -8.51135725e-01,  -2.46605941e-01,          1.52444626e+02],       [  8.66212608e-01,  -4.93786222e-01,   7.64910794e-02,         -3.58903351e+01],       [  0.00000000e+00,   0.00000000e+00,   0.00000000e+00,          1.00000000e+00]])),{}]
["set_obj_matrix",('Mesh 1', array([[  3.53040121e-02,  -4.75828692e-02,   9.98243205e-01,         -5.35949400e+01],       [ -6.32016657e-01,  -7.74817618e-01,  -1.45809374e-02,          1.47913377e+02],       [  7.74150226e-01,  -6.30391568e-01,  -5.74273365e-02,         -4.44909999e+00],       [  0.00000000e+00,   0.00000000e+00,   0.00000000e+00,          1.00000000e+00]])),{}]
["set_obj_matrix",('Mesh 1', array([[  5.01395656e-02,  -4.17826846e-02,   9.97867843e-01,         -5.56738712e+01],       [ -6.37966136e-01,  -7.70064396e-01,  -1.88414547e-04,          1.47184637e+02],       [  7.68430370e-01,  -6.36596445e-01,  -6.52666321e-02,         -2.77166144e+00],       [  0.00000000e+00,   0.00000000e+00,   0.00000000e+00,          1.00000000e+00]])),{}]
["set_obj_matrix",('Mesh 1', array([[  9.46823307e-02,  -2.49059475e-02,   9.95195935e-01,         -6.17713636e+01],       [ -6.54657843e-01,  -7.54678612e-01,   4.33970267e-02,          1.44738480e+02],       [  7.49972243e-01,  -6.55621756e-01,  -8.77596037e-02,          2.37706283e+00],       [  0.00000000e+00,   0.00000000e+00,   0.00000000e+00,          1.00000000e+00]])),{}]
["set_obj_matrix",('Mesh 1', array([[  1.09533255e-01,  -1.94644612e-02,   9.93792534e-01,         -6.37556702e+01],       [ -6.59829048e-01,  -7.49169984e-01,   5.80513852e-02,          1.43835795e+02],       [  7.43389598e-01,  -6.62091738e-01,  -9.49022438e-02,          4.13012918e+00],       [  0.00000000e+00,   0.00000000e+00,   0.00000000e+00,          1.00000000e+00]])),{}]
["set_obj_matrix",('Mesh 1', array([[  1.25318630e-01,  -1.71785685e-02,   9.91967811e-01,         -6.54642254e+01],       [ -6.58565383e-01,  -7.49239794e-01,   7.02236942e-02,          1.43044176e+02],       [  7.42015416e-01,  -6.62075999e-01,  -1.05206915e-01,          4.83510582e+00],       [  0.00000000e+00,   0.00000000e+00,   0.00000000e+00,          1.00000000e+00]])),{}]
["set_obj_matrix",('Mesh 1', array([[  1.24381483e-01,  -1.41198090e-02,   9.92134002e-01,         -6.57149963e+01],       [ -6.64800246e-01,  -7.43468962e-01,   7.27635584e-02,          1.42889123e+02],       [  7.36593429e-01,  -6.68621368e-01,  -1.01860624e-01,          5.90060407e+00],       [  0.00000000e+00,   0.00000000e+00,   0.00000000e+00,          1.00000000e+00]])),{}]
["set_obj_matrix",('Mesh 1', array([[  8.99883860e-02,  -8.83042665e-03,   9.95903667e-01,         -6.31029842e+01],       [ -6.85833544e-01,  -7.25636276e-01,   5.55368733e-02,          1.43973789e+02],       [  7.22173414e-01,  -6.88021815e-01,  -7.13550402e-02,          7.75503967e+00],       [  0.00000000e+00,   0.00000000e+00,   0.00000000e+00,          1.00000000e+00]])),{}]
["set_obj_matrix",('Mesh 1', array([[  4.74995381e-02,  -3.27161615e-03,   9.98865902e-01,         -5.96756512e+01],       [ -7.06588923e-01,  -7.06932332e-01,   3.12853169e-02,          1.45324998e+02],       [  7.06028248e-01,  -7.07273620e-01,  -3.58906470e-02,          9.48898767e+00],       [  0.00000000e+00,   0.00000000e+00,   0.00000000e+00,          1.00000000e+00]])),{}]
["set_obj_matrix",('Mesh 1', array([[  2.25978221e-02,  -2.14308586e-03,   9.99742340e-01,         -5.73867104e+01],       [ -7.13695367e-01,  -7.00303405e-01,   1.46309204e-02,          1.46225728e+02],       [  7.00091609e-01,  -7.13842103e-01,  -1.73548422e-02,          9.76633971e+00],       [  0.00000000e+00,   0.00000000e+00,   0.00000000e+00,          1.00000000e+00]])),{}]
["set_obj_matrix",('Mesh 1', array([[  1.54065937e-02,  -6.55146584e-03,   9.99859848e-01,         -5.62009627e+01],       [ -7.07858583e-01,  -7.06326270e-01,   6.27909719e-03,          1.46769648e+02],       [  7.06186140e-01,  -7.07856114e-01,  -1.55195932e-02,          8.40842569e+00],       [  0.00000000e+00,   0.00000000e+00,   0.00000000e+00,          1.00000000e+00]])),{}]
["set_obj_matrix",('Mesh 1', array([[ -1.81503672e-02,  -3.66362133e-02,   9.99163826e-01,         -4.95595100e+01],       [ -6.64813221e-01,  -7.45968319e-01,  -3.94290280e-02,          1.49379156e+02],       [  7.46789090e-01,  -6.64972973e-01,  -1.08166400e-02,         -5.49541928e-01],       [  0.00000000e+00,   0.00000000e+00,   0.00000000e+00,          1.00000000e+00]])),{}]
["set_obj_matrix",('Mesh 1', array([[ -2.61946076e-02,  -3.76286313e-02,   9.98948411e-01,         -4.86442203e+01],       [ -6.64820919e-01,  -7.45614620e-01,  -4.55190480e-02,          1.49678674e+02],       [  7.46543360e-01,  -6.65314155e-01,  -5.48521887e-03,         -7.83355689e-01],       [  0.00000000e+00,   0.00000000e+00,   0.00000000e+00,          1.00000000e+00]])),{}]
["set_obj_matrix",('Mesh 1', array([[ -1.95285138e-02,  -5.95716850e-02,   9.98032991e-01,         -4.68549474e+01],       [ -6.26116758e-01,  -7.77519602e-01,  -5.86606686e-02,          1.50067649e+02],       [  7.79484729e-01,  -6.26030736e-01,  -2.21150280e-02,         -7.40905394e+00],       [  0.00000000e+00,   0.00000000e+00,   0.00000000e+00,          1.00000000e+00]])),{}]
["set_obj_matrix",('Mesh 1', array([[ -9.00045760e-03,  -1.09802919e-01,   9.93912627e-01,         -4.21792413e+01],       [ -5.32370171e-01,  -8.40853063e-01,  -9.77145206e-02,          1.49886507e+02],       [  8.46463816e-01,  -5.30008911e-01,  -5.08877365e-02,         -2.29243507e+01],       [  0.00000000e+00,   0.00000000e+00,   0.00000000e+00,          1.00000000e+00]])),{}]
["set_obj_matrix",('Mesh 1', array([[ -7.52964449e-03,  -1.13163946e-01,   9.93547797e-01,         -4.19371793e+01],       [ -5.25529436e-01,  -8.44853041e-01,  -1.00210532e-01,          1.49785791e+02],       [  8.50742097e-01,  -5.22893164e-01,  -5.31095415e-02,         -2.40014411e+01],       [  0.00000000e+00,   0.00000000e+00,   0.00000000e+00,          1.00000000e+00]])),{}]
["set_obj_matrix",('Mesh 1', array([[ -1.46392592e-03,  -1.26418192e-01,   9.91975956e-01,         -4.10014713e+01],       [ -4.98000712e-01,  -8.60126811e-01,  -1.10350167e-01,          1.49295830e+02],       [  8.67175385e-01,  -4.94166277e-01,  -6.16971878e-02,         -2.82880490e+01],       [  0.00000000e+00,   0.00000000e+00,   0.00000000e+00,          1.00000000e+00]])),{}]
["set_obj_matrix",('Mesh 1', array([[  9.82642766e-03,  -1.48880706e-01,   9.88806339e-01,         -3.94875297e+01],       [ -4.49260679e-01,  -8.84089476e-01,  -1.28649294e-01,          1.48111089e+02],       [  8.93346676e-01,  -4.42967644e-01,  -7.55736882e-02,         -3.56990156e+01],       [  0.00000000e+00,   0.00000000e+00,   0.00000000e+00,          1.00000000e+00]])),{}]
["set_obj_matrix",('Mesh 1', array([[  1.98778321e-03,  -1.50911725e-01,   9.88545244e-01,         -3.84765579e+01],       [ -4.49032698e-01,  -8.83416331e-01,  -1.33959779e-01,          1.48309229e+02],       [  8.93513114e-01,  -4.43622855e-01,  -6.95203391e-02,         -3.59792481e+01],       [  0.00000000e+00,   0.00000000e+00,   0.00000000e+00,          1.00000000e+00]])),{}]
["set_obj_matrix",('Mesh 1', array([[  3.67724084e-03,  -1.54075794e-01,   9.88052189e-01,         -3.82705163e+01],       [ -4.42012925e-01,  -8.86546364e-01,  -1.36602043e-01,          1.48103881e+02],       [  8.97001144e-01,  -4.36229519e-01,  -7.13635369e-02,         -3.70295483e+01],       [  0.00000000e+00,   0.00000000e+00,   0.00000000e+00,          1.00000000e+00]])),{}]
["set_obj_matrix",('Mesh 1', array([[ -4.13985869e-03,  -1.53263708e-01,   9.88176653e-01,         -3.75936465e+01],       [ -4.40653839e-01,  -8.86789737e-01,  -1.39384924e-01,          1.48150341e+02],       [  8.97667564e-01,  -4.36020869e-01,  -6.38650569e-02,         -3.75336300e+01],       [  0.00000000e+00,   0.00000000e+00,   0.00000000e+00,          1.00000000e+00]])),{}]
["set_obj_matrix",('Mesh 1', array([[ -1.97798223e-02,  -1.51646212e-01,   9.88236907e-01,         -3.62281549e+01],       [ -4.37867619e-01,  -8.87282662e-01,  -1.44918690e-01,          1.48235441e+02],       [  8.98821844e-01,  -4.35583407e-01,  -4.88506724e-02,         -3.85273161e+01],       [  0.00000000e+00,   0.00000000e+00,   0.00000000e+00,          1.00000000e+00]])),{}]
["set_obj_matrix",('Mesh 1', array([[ -1.22646722e-01,  -1.38819157e-01,   9.82693759e-01,         -2.71571041e+01],       [ -4.24517325e-01,  -8.87674484e-01,  -1.78378951e-01,          1.48812736e+02],       [  8.97074591e-01,  -4.39048120e-01,   4.99392290e-02,         -4.34492872e+01],       [  0.00000000e+00,   0.00000000e+00,   0.00000000e+00,          1.00000000e+00]])),{}]
["set_obj_matrix",('Mesh 1', array([[ -1.77167955e-01,  -1.33274924e-01,   9.75115024e-01,         -2.19551461e+01],       [ -4.12097564e-01,  -8.89703983e-01,  -1.96474989e-01,          1.48809695e+02],       [  8.93748910e-01,  -4.36651598e-01,   1.02704763e-01,         -4.63057816e+01],       [  0.00000000e+00,   0.00000000e+00,   0.00000000e+00,          1.00000000e+00]])),{}]
["set_obj_matrix",('Mesh 1', array([[ -2.31378570e-01,  -1.27888941e-01,   9.64421265e-01,         -1.65940158e+01],       [ -3.98620264e-01,  -8.91824000e-01,  -2.13896791e-01,          1.48674684e+02],       [  8.87449065e-01,  -4.33928993e-01,   1.55369838e-01,         -4.88984281e+01],       [  0.00000000e+00,   0.00000000e+00,   0.00000000e+00,          1.00000000e+00]])),{}]
["set_obj_matrix",('Mesh 1', array([[ -2.83972939e-01,  -1.25849160e-01,   9.50537405e-01,         -1.08502892e+01],       [ -3.77040043e-01,  -8.96830257e-01,  -2.31379115e-01,          1.48057619e+02],       [  8.81589573e-01,  -4.24096072e-01,   2.07225351e-01,         -5.22665483e+01],       [  0.00000000e+00,   0.00000000e+00,   0.00000000e+00,          1.00000000e+00]])),{}]
["set_obj_matrix",('Mesh 1', array([[ -2.91611748e-01,  -1.25148884e-01,   9.48314476e-01,         -1.00487725e+01],       [ -3.74878321e-01,  -8.97141745e-01,  -2.33672706e-01,          1.48005097e+02],       [  8.80016382e-01,  -4.23644245e-01,   2.14701469e-01,         -5.25746399e+01],       [  0.00000000e+00,   0.00000000e+00,   0.00000000e+00,          1.00000000e+00]])),{}]
["set_obj_matrix",('Mesh 1', array([[ -2.99238289e-01,  -1.24452507e-01,   9.46027494e-01,         -9.24449332e+00],       [ -3.72696003e-01,  -8.97454830e-01,  -2.35950244e-01,          1.47949825e+02],       [  8.78381543e-01,  -4.23186013e-01,   2.22169896e-01,         -5.28769130e+01],       [  0.00000000e+00,   0.00000000e+00,   0.00000000e+00,          1.00000000e+00]])),{}]
["set_obj_matrix",('Mesh 1', array([[ -3.06852155e-01,  -1.23760080e-01,   9.43676426e-01,         -8.43748486e+00],       [ -3.70493150e-01,  -8.97769498e-01,  -2.38211573e-01,          1.47891799e+02],       [  8.76684995e-01,  -4.22721387e-01,   2.29630243e-01,         -5.31733390e+01],       [  0.00000000e+00,   0.00000000e+00,   0.00000000e+00,          1.00000000e+00]])),{}]
["set_obj_matrix",('Mesh 1', array([[ -3.14452935e-01,  -1.23071650e-01,   9.41261239e-01,         -7.62778043e+00],       [ -3.68269823e-01,  -8.98085737e-01,  -2.40456539e-01,          1.47831014e+02],       [  8.74926676e-01,  -4.22250374e-01,   2.37082121e-01,         -5.34638893e+01],       [  0.00000000e+00,   0.00000000e+00,   0.00000000e+00,          1.00000000e+00]])),{}]
["set_obj_matrix",('Mesh 1', array([[ -3.87311460e-01,  -1.23542855e-01,   9.13633951e-01,          1.15419354e+00],       [ -3.30615749e-01,  -9.06458454e-01,  -2.62728562e-01,          1.46258677e+02],       [  8.60629455e-01,  -4.03819556e-01,   3.10236534e-01,         -5.81175228e+01],       [  0.00000000e+00,   0.00000000e+00,   0.00000000e+00,          1.00000000e+00]])),{}]
["set_obj_matrix",('Mesh 1', array([[ -4.23106589e-01,  -1.24360665e-01,   8.97505008e-01,          5.67439427e+00],       [ -3.10967628e-01,  -9.10442658e-01,  -2.72751355e-01,          1.45307609e+02],       [  8.51046384e-01,  -3.94497899e-01,   3.46542147e-01,         -6.02003268e+01],       [  0.00000000e+00,   0.00000000e+00,   0.00000000e+00,          1.00000000e+00]])),{}]
["set_obj_matrix",('Mesh 1', array([[ -4.30448159e-01,  -1.23828547e-01,   8.94081022e-01,          6.53145012e+00],       [ -3.08418105e-01,  -9.10747438e-01,  -2.74622245e-01,          1.45192613e+02],       [  8.48288073e-01,  -3.93961414e-01,   3.53838592e-01,         -6.03905993e+01],       [  0.00000000e+00,   0.00000000e+00,   0.00000000e+00,          1.00000000e+00]])),{}]
["set_obj_matrix",('Mesh 1', array([[ -4.45070038e-01,  -1.22778617e-01,   8.87038935e-01,          8.25182550e+00],       [ -3.03262000e-01,  -9.11360433e-01,  -2.78306163e-01,          1.44954153e+02],       [  8.42582234e-01,  -3.92870936e-01,   3.68385134e-01,         -6.07517910e+01],       [  0.00000000e+00,   0.00000000e+00,   0.00000000e+00,          1.00000000e+00]])),{}]
["set_obj_matrix",('Mesh 1', array([[ -4.66842981e-01,  -1.21240275e-01,   8.75989969e-01,          1.08474995e+01],       [ -2.95386212e-01,  -9.12288280e-01,  -2.83684825e-01,          1.44575224e+02],       [  8.33549409e-01,  -3.91191628e-01,   3.90082675e-01,         -6.12447195e+01],       [  0.00000000e+00,   0.00000000e+00,   0.00000000e+00,          1.00000000e+00]])),{}]
["set_obj_matrix",('Mesh 1', array([[ -4.74056184e-01,  -1.20737453e-01,   8.72177277e-01,          1.17166060e+01],       [ -2.92723456e-01,  -9.12599727e-01,  -2.85437764e-01,          1.44443232e+02],       [  8.30411773e-01,  -3.90620284e-01,   3.97280859e-01,         -6.13958718e+01],       [  0.00000000e+00,   0.00000000e+00,   0.00000000e+00,          1.00000000e+00]])),{}]
["set_obj_matrix",('Mesh 1', array([[ -4.81246401e-01,  -1.20239701e-01,   8.68299669e-01,          1.25875913e+01],       [ -2.90042069e-01,  -9.12912229e-01,  -2.87170437e-01,          1.44308392e+02],       [  8.27210674e-01,  -3.90043172e-01,   4.04461153e-01,         -6.15403916e+01],       [  0.00000000e+00,   0.00000000e+00,   0.00000000e+00,          1.00000000e+00]])),{}]
["set_obj_matrix",('Mesh 1', array([[ -4.96722471e-01,  -1.15284338e-01,   8.60218756e-01,          1.40232585e+01],       [ -2.91843550e-01,  -9.11237573e-01,  -2.90643128e-01,          1.44495851e+02],       [  8.17370252e-01,  -3.95418269e-01,   4.18987189e-01,         -6.07854967e+01],       [  0.00000000e+00,   0.00000000e+00,   0.00000000e+00,          1.00000000e+00]])),{}]
["set_obj_matrix",('Mesh 1', array([[ -5.26167647e-01,  -1.09177238e-01,   8.43343310e-01,          1.72007605e+01],       [ -2.87991321e-01,  -9.10244011e-01,  -2.97517796e-01,          1.44387496e+02],       [  8.00130368e-01,  -3.99419793e-01,   4.47498852e-01,         -6.02242822e+01],       [  0.00000000e+00,   0.00000000e+00,   0.00000000e+00,          1.00000000e+00]])),{}]
["set_obj_matrix",('Mesh 1', array([[ -5.56217167e-01,  -9.86964287e-02,   8.25155427e-01,          2.00328633e+01],       [ -2.90985589e-01,  -9.06935162e-01,  -3.04624357e-01,          1.44715612e+02],       [  7.78427807e-01,  -4.09545634e-01,   4.75733668e-01,         -5.85376395e+01],       [  0.00000000e+00,   0.00000000e+00,   0.00000000e+00,          1.00000000e+00]])),{}]
["set_obj_matrix",('Mesh 1', array([[ -5.99172252e-01,  -8.66686274e-02,   7.95915298e-01,          2.45836016e+01],       [ -2.87670908e-01,  -9.04428765e-01,  -3.15046119e-01,          1.44691615e+02],       [  7.47153305e-01,  -4.17728569e-01,   5.16976577e-01,         -5.68380357e+01],       [  0.00000000e+00,   0.00000000e+00,   0.00000000e+00,          1.00000000e+00]])),{}]
["set_obj_matrix",('Mesh 1', array([[ -6.20162618e-01,  -8.04755246e-02,   7.80334555e-01,          2.68444733e+01],       [ -2.85729425e-01,  -9.03223027e-01,  -3.20229386e-01,          1.44655193e+02],       [  7.30586766e-01,  -4.21558838e-01,   5.37150931e-01,         -5.59001674e+01],       [  0.00000000e+00,   0.00000000e+00,   0.00000000e+00,          1.00000000e+00]])),{}]
["set_obj_matrix",('Mesh 1', array([[ -6.40806584e-01,  -7.41668372e-02,   7.64111381e-01,          2.90940780e+01],       [ -2.83596353e-01,  -9.02050864e-01,  -3.25387994e-01,          1.44602140e+02],       [  7.13400330e-01,  -4.25209970e-01,   5.57006688e-01,         -5.49029607e+01],       [  0.00000000e+00,   0.00000000e+00,   0.00000000e+00,          1.00000000e+00]])),{}]
["set_obj_matrix",('Mesh 1', array([[ -6.41706031e-01,  -6.95628063e-02,   7.63789490e-01,          2.86977999e+01],       [ -2.90628991e-01,  -8.99550969e-01,  -3.26102506e-01,          1.45063575e+02],       [  7.09752181e-01,  -4.31241314e-01,   5.57030314e-01,         -5.38848287e+01],       [  0.00000000e+00,   0.00000000e+00,   0.00000000e+00,          1.00000000e+00]])),{}]
["set_obj_matrix",('Mesh 1', array([[ -6.35175460e-01,  -7.01821272e-02,   7.69172675e-01,          2.78218704e+01],       [ -2.93712576e-01,  -8.99099192e-01,  -3.24582142e-01,          1.45234707e+02],       [  7.14342395e-01,  -4.32082299e-01,   5.50472369e-01,         -5.38832325e+01],       [  0.00000000e+00,   0.00000000e+00,   0.00000000e+00,          1.00000000e+00]])),{}]
["set_obj_matrix",('Mesh 1', array([[ -6.22012430e-01,  -7.14407389e-02,   7.79741469e-01,          2.60730706e+01],       [ -2.99825182e-01,  -8.98199468e-01,  -3.21469402e-01,          1.45568008e+02],       [  7.23329384e-01,  -4.33744091e-01,   5.37271501e-01,         -5.38584206e+01],       [  0.00000000e+00,   0.00000000e+00,   0.00000000e+00,          1.00000000e+00]])),{}]
["set_obj_matrix",('Mesh 1', array([[ -5.68079549e-01,  -7.67321791e-02,   8.19388674e-01,          1.91249783e+01],       [ -3.23537061e-01,  -8.94653992e-01,  -3.08087658e-01,          1.46782496e+02],       [  7.56709585e-01,  -4.40120901e-01,   4.83408933e-01,         -5.34762886e+01],       [  0.00000000e+00,   0.00000000e+00,   0.00000000e+00,          1.00000000e+00]])),{}]
["set_obj_matrix",('Mesh 1', array([[ -5.20304518e-01,  -7.75676057e-02,   8.50450748e-01,          1.27742149e+01],       [ -3.50302013e-01,  -8.88840375e-01,  -2.95383290e-01,          1.48088420e+02],       [  7.78827136e-01,  -4.51603869e-01,   4.35295575e-01,         -5.17418453e+01],       [  0.00000000e+00,   0.00000000e+00,   0.00000000e+00,          1.00000000e+00]])),{}]
["set_obj_matrix",('Mesh 1', array([[ -4.99975768e-01,  -7.58206011e-02,   8.62714013e-01,          9.89505420e+00],       [ -3.65454444e-01,  -8.84651156e-01,  -2.89543401e-01,          1.48804567e+02],       [  7.85154303e-01,  -4.60047354e-01,   4.14595166e-01,         -5.02977932e+01],       [  0.00000000e+00,   0.00000000e+00,   0.00000000e+00,          1.00000000e+00]])),{}]
["set_obj_matrix",('Mesh 1', array([[ -4.65011270e-01,  -7.59839263e-02,   8.82037960e-01,          5.38711682e+00],       [ -3.85616824e-01,  -8.79446508e-01,  -2.79058248e-01,          1.49647504e+02],       [  7.96909144e-01,  -4.69893906e-01,   3.79651857e-01,         -4.84477328e+01],       [  0.00000000e+00,   0.00000000e+00,   0.00000000e+00,          1.00000000e+00]])),{}]
["set_obj_matrix",('Mesh 1', array([[ -4.29515941e-01,  -7.65539365e-02,   8.99808619e-01,          9.57208813e-01],       [ -4.05224499e-01,  -8.74115044e-01,  -2.67798424e-01,          1.50378852e+02],       [  8.07037274e-01,  -4.79648189e-01,   3.44424815e-01,         -4.64312817e+01],       [  0.00000000e+00,   0.00000000e+00,   0.00000000e+00,          1.00000000e+00]])),{}]
["set_obj_matrix",('Mesh 1', array([[ -4.00038966e-01,  -8.02332356e-02,   9.12979438e-01,         -2.28343159e+00],       [ -4.15004418e-01,  -8.72323282e-01,  -2.58502271e-01,          1.50634527e+02],       [  8.17153693e-01,  -4.82301482e-01,   3.15666156e-01,         -4.55478253e+01],       [  0.00000000e+00,   0.00000000e+00,   0.00000000e+00,          1.00000000e+00]])),{}]
["set_obj_matrix",('Mesh 1', array([[ -3.92623823e-01,  -8.11653543e-02,   9.16110648e-01,         -3.08783712e+00],       [ -4.17397165e-01,  -8.71880314e-01,  -2.56133411e-01,          1.50691345e+02],       [  8.19527998e-01,  -4.82946066e-01,   3.08442794e-01,         -4.53118441e+01],       [  0.00000000e+00,   0.00000000e+00,   0.00000000e+00,          1.00000000e+00]])),{}]
["set_obj_matrix",('Mesh 1', array([[ -3.93545818e-01,  -7.75262827e-02,   9.16030220e-01,         -3.38984191e+00],       [ -4.24260153e-01,  -8.68663080e-01,  -2.55788536e-01,          1.50998953e+02],       [  8.15551967e-01,  -4.89299630e-01,   3.08967410e-01,         -4.42538638e+01],       [  0.00000000e+00,   0.00000000e+00,   0.00000000e+00,          1.00000000e+00]])),{}]
["set_obj_matrix",('Mesh 1', array([[ -3.86117093e-01,  -7.84917932e-02,   9.19104253e-01,         -4.18877390e+00],       [ -4.26628474e-01,  -8.68211027e-01,  -2.53372766e-01,          1.51049765e+02],       [  8.17864130e-01,  -4.89947601e-01,   3.01744284e-01,         -4.40113849e+01],       [  0.00000000e+00,   0.00000000e+00,   0.00000000e+00,          1.00000000e+00]])),{}]
["set_obj_matrix",('Mesh 1', array([[ -3.71208798e-01,  -8.04371489e-02,   9.25058859e-01,         -5.77937825e+00],       [ -4.31301485e-01,  -8.67313186e-01,  -2.48489167e-01,          1.51142901e+02],       [  8.22303507e-01,  -4.91220625e-01,   2.87261623e-01,         -4.35086370e+01],       [  0.00000000e+00,   0.00000000e+00,   0.00000000e+00,          1.00000000e+00]])),{}]
["set_obj_matrix",('Mesh 1', array([[ -3.62792578e-01,  -8.49414575e-02,   9.27990568e-01,         -6.28139221e+00],       [ -4.26757405e-01,  -8.70128710e-01,  -2.46483561e-01,          1.50890339e+02],       [  8.28407909e-01,  -4.85449253e-01,   2.79426842e-01,         -4.43083403e+01],       [  0.00000000e+00,   0.00000000e+00,   0.00000000e+00,          1.00000000e+00]])),{}]
["set_obj_matrix",('Mesh 1', array([[ -3.55294225e-01,  -8.58971358e-02,   9.30799493e-01,         -7.07359153e+00],       [ -4.29044480e-01,  -8.69695938e-01,  -2.44028298e-01,          1.50933041e+02],       [  8.30473870e-01,  -4.86056229e-01,   2.72144252e-01,         -4.40427160e+01],       [  0.00000000e+00,   0.00000000e+00,   0.00000000e+00,          1.00000000e+00]])),{}]
["set_obj_matrix",('Mesh 1', array([[ -3.46814172e-01,  -9.03157168e-02,   9.33575386e-01,         -7.58264677e+00],       [ -4.24442560e-01,  -8.72493226e-01,  -2.42082803e-01,          1.50676101e+02],       [  8.36402082e-01,  -4.80206874e-01,   2.64259182e-01,         -4.48307419e+01],       [  0.00000000e+00,   0.00000000e+00,   0.00000000e+00,          1.00000000e+00]])),{}]
["set_obj_matrix",('Mesh 1', array([[ -3.23176172e-01,  -9.64997999e-02,   9.41405837e-01,         -9.67676174e+00],       [ -4.24242266e-01,  -8.74450768e-01,  -2.35275061e-01,          1.50493009e+02],       [  8.45917053e-01,  -4.75419440e-01,   2.41662358e-01,         -4.50421352e+01],       [  0.00000000e+00,   0.00000000e+00,   0.00000000e+00,          1.00000000e+00]])),{}]
["set_obj_matrix",('Mesh 1', array([[ -3.06981617e-01,  -1.01640540e-01,   9.46272417e-01,         -1.09850967e+01],       [ -4.21699290e-01,  -8.76821384e-01,  -2.30984782e-01,          1.50263014e+02],       [  8.53189308e-01,  -4.69950488e-01,   2.26306303e-01,         -4.55075125e+01],       [  0.00000000e+00,   0.00000000e+00,   0.00000000e+00,          1.00000000e+00]])),{}]
["save_ply",('%s',),{}]