["add_ply",('%s',),{}]
["set_obj_matrix",('Mesh 1', array([[ -9.99989201e-01,  -4.64725272e-03,   1.22463363e-16,          7.75108417e+02],       [ -4.64725272e-03,   9.99989201e-01,   5.69124342e-19,         -5.19042030e+02],       [ -1.22464685e-16,   0.00000000e+00,  -1.00000000e+00,          1.05014435e+02],       [  0.00000000e+00,   0.00000000e+00,   0.00000000e+00,          1.00000000e+00]])),{}]
["set_obj_matrix",('Mesh 1', array([[ -9.99901060e-01,  -1.40666034e-02,   1.22452569e-16,          7.79963227e+02],       [ -1.40666034e-02,   9.99901060e-01,   1.72266216e-18,         -5.11717746e+02],       [ -1.22464685e-16,   0.00000000e+00,  -1.00000000e+00,          1.05014435e+02],       [  0.00000000e+00,   0.00000000e+00,   0.00000000e+00,          1.00000000e+00]])),{}]
["set_obj_matrix",('Mesh 1', array([[ -9.96200695e-01,  -8.70871660e-02,   1.21999405e-16,          8.15267361e+02],       [ -8.70871660e-02,   9.96200695e-01,   1.06651024e-17,         -4.53361685e+02],       [ -1.22464685e-16,   0.00000000e+00,  -1.00000000e+00,          1.05014435e+02],       [  0.00000000e+00,   0.00000000e+00,   0.00000000e+00,          1.00000000e+00]])),{}]
["set_obj_matrix",('Mesh 1', array([[ -8.74147825e-01,  -4.85659942e-01,   1.07052238e-16,          9.29268079e+02],       [ -4.85659942e-01,   8.74147825e-01,   5.94761920e-17,         -8.15997775e+01],       [ -1.22464685e-16,   0.00000000e+00,  -1.00000000e+00,          1.05014435e+02],       [  0.00000000e+00,   0.00000000e+00,   0.00000000e+00,          1.00000000e+00]])),{}]
["set_obj_matrix",('Mesh 1', array([[ -2.36739511e-01,  -9.71573159e-01,   2.89922296e-17,          6.90707349e+02],       [ -9.71573159e-01,   2.36739511e-01,   1.18983401e-16,          6.26993656e+02],       [ -1.22464685e-16,   0.00000000e+00,  -1.00000000e+00,          1.05014435e+02],       [  0.00000000e+00,   0.00000000e+00,   0.00000000e+00,          1.00000000e+00]])),{}]
["set_obj_matrix",('Mesh 1', array([[  1.48241960e-01,  -9.88951122e-01,  -1.81544050e-17,          4.02319207e+02],       [ -9.88951122e-01,  -1.48241960e-01,   1.21111588e-16,          8.41627556e+02],       [ -1.22464685e-16,   0.00000000e+00,  -1.00000000e+00,          1.05014435e+02],       [  0.00000000e+00,   0.00000000e+00,   0.00000000e+00,          1.00000000e+00]])),{}]
["set_obj_matrix",('Mesh 1', array([[  2.83279802e-01,  -9.59037306e-01,  -3.46917718e-17,          2.82342983e+02],       [ -9.59037306e-01,  -2.83279802e-01,   1.17448202e-16,          8.89089493e+02],       [ -1.22464685e-16,   0.00000000e+00,  -1.00000000e+00,          1.05014435e+02],       [  0.00000000e+00,   0.00000000e+00,   0.00000000e+00,          1.00000000e+00]])),{}]
["set_obj_matrix",('Mesh 1', array([[  3.10313088e-01,  -9.50634413e-01,  -3.80023947e-17,          2.57063014e+02],       [ -9.50634413e-01,  -3.10313088e-01,   1.16419144e-16,          8.96725317e+02],       [ -1.22464685e-16,   0.00000000e+00,  -1.00000000e+00,          1.05014435e+02],       [  0.00000000e+00,   0.00000000e+00,   0.00000000e+00,          1.00000000e+00]])),{}]
["set_obj_matrix",('Mesh 1', array([[  3.12153289e-01,  -9.50031749e-01,  -3.82277543e-17,          2.55326138e+02],       [ -9.50031749e-01,  -3.12153289e-01,   1.16345339e-16,          8.97221405e+02],       [ -1.22464685e-16,   0.00000000e+00,  -1.00000000e+00,          1.05014435e+02],       [  0.00000000e+00,   0.00000000e+00,   0.00000000e+00,          1.00000000e+00]])),{}]
["set_obj_matrix",('Mesh 1', array([[  3.13977688e-01,  -9.49430361e-01,  -3.84511788e-17,          2.53602138e+02],       [ -9.49430361e-01,  -3.13977688e-01,   1.16271690e-16,          8.97710222e+02],       [ -1.22464685e-16,   0.00000000e+00,  -1.00000000e+00,          1.05014435e+02],       [  0.00000000e+00,   0.00000000e+00,   0.00000000e+00,          1.00000000e+00]])),{}]
["set_obj_matrix",('Mesh 1', array([[  3.17763817e-01,  -9.48169899e-01,  -3.89148458e-17,          2.50017876e+02],       [ -9.48169899e-01,  -3.17763817e-01,   1.16117328e-16,          8.98715054e+02],       [ -1.22464685e-16,   0.00000000e+00,  -1.00000000e+00,          1.05014435e+02],       [  0.00000000e+00,   0.00000000e+00,   0.00000000e+00,          1.00000000e+00]])),{}]
["set_obj_matrix",('Mesh 1', array([[  3.13977688e-01,  -9.49430361e-01,  -3.84511788e-17,          2.53602138e+02],       [ -9.49430361e-01,  -3.13977688e-01,   1.16271690e-16,          8.97710222e+02],       [ -1.22464685e-16,   0.00000000e+00,  -1.00000000e+00,          1.05014435e+02],       [  0.00000000e+00,   0.00000000e+00,   0.00000000e+00,          1.00000000e+00]])),{}]
["set_obj_matrix",('Mesh 1', array([[  3.19558565e-01,  -9.47566527e-01,  -3.91346390e-17,          2.48315751e+02],       [ -9.47566527e-01,  -3.19558565e-01,   1.16043437e-16,          8.99186841e+02],       [ -1.22464685e-16,   0.00000000e+00,  -1.00000000e+00,          1.05014435e+02],       [  0.00000000e+00,   0.00000000e+00,   0.00000000e+00,          1.00000000e+00]])),{}]
["set_obj_matrix",('Mesh 1', array([[  3.98125278e-01,  -9.17331054e-01,  -4.87562869e-17,          1.71805976e+02],       [ -9.17331054e-01,  -3.98125278e-01,   1.12340659e-16,          9.16886249e+02],       [ -1.22464685e-16,   0.00000000e+00,  -1.00000000e+00,          1.05014435e+02],       [  0.00000000e+00,   0.00000000e+00,   0.00000000e+00,          1.00000000e+00]])),{}]
["set_obj_matrix",('Mesh 1', array([[  4.54633687e-01,  -8.90678512e-01,  -5.56765713e-17,          1.14212965e+02],       [ -8.90678512e-01,  -4.54633687e-01,   1.09076664e-16,          9.25825624e+02],       [ -1.22464685e-16,   0.00000000e+00,  -1.00000000e+00,          1.05014435e+02],       [  0.00000000e+00,   0.00000000e+00,   0.00000000e+00,          1.00000000e+00]])),{}]
["set_obj_matrix",('Mesh 1', array([[  4.88481241e-01,  -8.72574396e-01,  -5.98217015e-17,          7.85974593e+01],       [ -8.72574396e-01,  -4.88481241e-01,   1.06859549e-16,          9.29526829e+02],       [ -1.22464685e-16,   0.00000000e+00,  -1.00000000e+00,          1.05014435e+02],       [  0.00000000e+00,   0.00000000e+00,   0.00000000e+00,          1.00000000e+00]])),{}]
["set_obj_matrix",('Mesh 1', array([[  4.92242466e-01,  -8.70458129e-01,  -6.02823187e-17,          7.45851635e+01],       [ -8.70458129e-01,  -4.92242466e-01,   1.06600381e-16,          9.29857376e+02],       [ -1.22464685e-16,   0.00000000e+00,  -1.00000000e+00,          1.05014435e+02],       [  0.00000000e+00,   0.00000000e+00,   0.00000000e+00,          1.00000000e+00]])),{}]
["set_obj_matrix",('Mesh 1', array([[  4.96002889e-01,  -8.68320871e-01,  -6.07428376e-17,          7.05625167e+01],       [ -8.68320871e-01,  -4.96002889e-01,   1.06338642e-16,          9.30171284e+02],       [ -1.22464685e-16,   0.00000000e+00,  -1.00000000e+00,          1.05014435e+02],       [  0.00000000e+00,   0.00000000e+00,   0.00000000e+00,          1.00000000e+00]])),{}]
["set_obj_matrix",('Mesh 1', array([[  5.21039323e-01,  -8.53532673e-01,  -6.38089167e-17,          4.34882843e+01],       [ -8.53532673e-01,  -5.21039323e-01,   1.04527610e-16,          9.31829628e+02],       [ -1.22464685e-16,   0.00000000e+00,  -1.00000000e+00,          1.05014435e+02],       [  0.00000000e+00,   0.00000000e+00,   0.00000000e+00,          1.00000000e+00]])),{}]
["set_obj_matrix",('Mesh 1', array([[  5.60997496e-01,  -8.27817498e-01,  -6.87023818e-17,         -8.26656184e-01],       [ -8.27817498e-01,  -5.60997496e-01,   1.01378409e-16,          9.32843504e+02],       [ -1.22464685e-16,   0.00000000e+00,  -1.00000000e+00,          1.05014435e+02],       [  0.00000000e+00,   0.00000000e+00,   0.00000000e+00,          1.00000000e+00]])),{}]
["set_obj_matrix",('Mesh 1', array([[  5.64566780e-01,  -8.25387394e-01,  -6.91394931e-17,         -4.85466452e+00],       [ -8.25387394e-01,  -5.64566780e-01,   1.01080807e-16,          9.32831238e+02],       [ -1.22464685e-16,   0.00000000e+00,  -1.00000000e+00,          1.05014435e+02],       [  0.00000000e+00,   0.00000000e+00,   0.00000000e+00,          1.00000000e+00]])),{}]
["set_obj_matrix",('Mesh 1', array([[  5.82844867e-01,  -8.12583448e-01,  -7.13779132e-17,         -2.56697572e+01],       [ -8.12583448e-01,  -5.82844867e-01,   9.95127763e-17,          9.32490617e+02],       [ -1.22464685e-16,   0.00000000e+00,  -1.00000000e+00,          1.05014435e+02],       [  0.00000000e+00,   0.00000000e+00,   0.00000000e+00,          1.00000000e+00]])),{}]
["set_obj_matrix",('Mesh 1', array([[  6.29166194e-01,  -7.77270802e-01,  -7.70506399e-17,         -7.99174373e+01],       [ -7.77270802e-01,  -6.29166194e-01,   9.51882242e-17,          9.29414272e+02],       [ -1.22464685e-16,   0.00000000e+00,  -1.00000000e+00,          1.05014435e+02],       [  0.00000000e+00,   0.00000000e+00,   0.00000000e+00,          1.00000000e+00]])),{}]
["set_obj_matrix",('Mesh 1', array([[  7.00315103e-01,  -7.13833844e-01,  -8.57638687e-17,         -1.68047940e+02],       [ -7.13833844e-01,  -7.00315103e-01,   8.74194370e-17,          9.17582463e+02],       [ -1.22464685e-16,   0.00000000e+00,  -1.00000000e+00,          1.05014435e+02],       [  0.00000000e+00,   0.00000000e+00,   0.00000000e+00,          1.00000000e+00]])),{}]
["set_obj_matrix",('Mesh 1', array([[  7.91941131e-01,  -6.10597449e-01,  -9.69848214e-17,         -2.92801586e+02],       [ -6.10597449e-01,  -7.91941131e-01,   7.47766244e-17,          8.85700241e+02],       [ -1.22464685e-16,   0.00000000e+00,  -1.00000000e+00,          1.05014435e+02],       [  0.00000000e+00,   0.00000000e+00,   0.00000000e+00,          1.00000000e+00]])),{}]
["set_obj_matrix",('Mesh 1', array([[  8.38050205e-01,  -5.45593121e-01,  -1.02631555e-16,         -3.62403278e+02],       [ -5.45593121e-01,  -8.38050205e-01,   6.68158899e-17,          8.59570562e+02],       [ -1.22464685e-16,   0.00000000e+00,  -1.00000000e+00,          1.05014435e+02],       [  0.00000000e+00,   0.00000000e+00,   0.00000000e+00,          1.00000000e+00]])),{}]
["set_obj_matrix",('Mesh 1', array([[  8.40293450e-01,  -5.42131827e-01,  -1.02906273e-16,         -3.65945612e+02],       [ -5.42131827e-01,  -8.40293450e-01,   6.63920036e-17,          8.58068468e+02],       [ -1.22464685e-16,   0.00000000e+00,  -1.00000000e+00,          1.05014435e+02],       [  0.00000000e+00,   0.00000000e+00,   0.00000000e+00,          1.00000000e+00]])),{}]
["set_obj_matrix",('Mesh 1', array([[  8.42518105e-01,  -5.38668027e-01,  -1.03178715e-16,         -3.69474892e+02],       [ -5.38668027e-01,  -8.42518105e-01,   6.59678104e-17,          8.56554722e+02],       [ -1.22464685e-16,   0.00000000e+00,  -1.00000000e+00,          1.05014435e+02],       [  0.00000000e+00,   0.00000000e+00,   0.00000000e+00,          1.00000000e+00]])),{}]
["set_obj_matrix",('Mesh 1', array([[  8.44724152e-01,  -5.35201931e-01,  -1.03448877e-16,         -3.72990993e+02],       [ -5.35201931e-01,  -8.44724152e-01,   6.55433361e-17,          8.55029477e+02],       [ -1.22464685e-16,   0.00000000e+00,  -1.00000000e+00,          1.05014435e+02],       [  0.00000000e+00,   0.00000000e+00,   0.00000000e+00,          1.00000000e+00]])),{}]
["set_obj_matrix",('Mesh 1', array([[  8.51230524e-01,  -5.24791955e-01,  -1.04245678e-16,         -3.83459043e+02],       [ -5.24791955e-01,  -8.51230524e-01,   6.42684816e-17,          8.50386294e+02],       [ -1.22464685e-16,   0.00000000e+00,  -1.00000000e+00,          1.05014435e+02],       [  0.00000000e+00,   0.00000000e+00,   0.00000000e+00,          1.00000000e+00]])),{}]
["set_obj_matrix",('Mesh 1', array([[  8.53362030e-01,  -5.21318756e-01,  -1.04506712e-16,         -3.86921260e+02],       [ -5.21318756e-01,  -8.53362030e-01,   6.38431374e-17,          8.48816603e+02],       [ -1.22464685e-16,   0.00000000e+00,  -1.00000000e+00,          1.05014435e+02],       [  0.00000000e+00,   0.00000000e+00,   0.00000000e+00,          1.00000000e+00]])),{}]
["set_obj_matrix",('Mesh 1', array([[  8.55474888e-01,  -5.17844297e-01,  -1.04765463e-16,         -3.90369726e+02],       [ -5.17844297e-01,  -8.55474888e-01,   6.34176388e-17,          8.47236191e+02],       [ -1.22464685e-16,   0.00000000e+00,  -1.00000000e+00,          1.05014435e+02],       [  0.00000000e+00,   0.00000000e+00,   0.00000000e+00,          1.00000000e+00]])),{}]
["set_obj_matrix",('Mesh 1', array([[  8.53362030e-01,  -5.21318756e-01,  -1.04506712e-16,         -3.86921260e+02],       [ -5.21318756e-01,  -8.53362030e-01,   6.38431374e-17,          8.48816603e+02],       [ -1.22464685e-16,   0.00000000e+00,  -1.00000000e+00,          1.05014435e+02],       [  0.00000000e+00,   0.00000000e+00,   0.00000000e+00,          1.00000000e+00]])),{}]
["set_obj_matrix",('Mesh 1', array([[  8.51230524e-01,  -5.24791955e-01,  -1.04245678e-16,         -3.83459043e+02],       [ -5.24791955e-01,  -8.51230524e-01,   6.42684816e-17,          8.50386294e+02],       [ -1.22464685e-16,   0.00000000e+00,  -1.00000000e+00,          1.05014435e+02],       [  0.00000000e+00,   0.00000000e+00,   0.00000000e+00,          1.00000000e+00]])),{}]
["set_obj_matrix",('Mesh 1', array([[  8.39770719e-01,  -5.42941193e-01,  -1.02842257e-16,         -3.65118699e+02],       [ -5.42941193e-01,  -8.39770719e-01,   6.64911223e-17,          8.58420656e+02],       [ -1.22464685e-16,   0.00000000e+00,  -1.00000000e+00,          1.05014435e+02],       [  0.00000000e+00,   0.00000000e+00,   0.00000000e+00,          1.00000000e+00]])),{}]
["set_obj_matrix",('Mesh 1', array([[  8.29719385e-01,  -5.58180743e-01,  -1.01611323e-16,         -3.49387377e+02],       [ -5.58180743e-01,  -8.29719385e-01,   6.83574291e-17,          8.64942858e+02],       [ -1.22464685e-16,   0.00000000e+00,  -1.00000000e+00,          1.05014435e+02],       [  0.00000000e+00,   0.00000000e+00,   0.00000000e+00,          1.00000000e+00]])),{}]
["set_obj_matrix",('Mesh 1', array([[  8.27420226e-01,  -5.61583270e-01,  -1.01329758e-16,         -3.45832554e+02],       [ -5.61583270e-01,  -8.27420226e-01,   6.87741184e-17,          8.66370320e+02],       [ -1.22464685e-16,   0.00000000e+00,  -1.00000000e+00,          1.05014435e+02],       [  0.00000000e+00,   0.00000000e+00,   0.00000000e+00,          1.00000000e+00]])),{}]
["set_obj_matrix",('Mesh 1', array([[  8.26936502e-01,  -5.62295315e-01,  -1.01270518e-16,         -3.45086644e+02],       [ -5.62295315e-01,  -8.26936502e-01,   6.88613188e-17,          8.66667696e+02],       [ -1.22464685e-16,   0.00000000e+00,  -1.00000000e+00,          1.05014435e+02],       [  0.00000000e+00,   0.00000000e+00,   0.00000000e+00,          1.00000000e+00]])),{}]
["set_obj_matrix",('Mesh 1', array([[  8.17586324e-01,  -5.75806046e-01,  -1.00125452e-16,         -3.30800646e+02],       [ -5.75806046e-01,  -8.17586324e-01,   7.05159061e-17,          8.72220511e+02],       [ -1.22464685e-16,   0.00000000e+00,  -1.00000000e+00,          1.05014435e+02],       [  0.00000000e+00,   0.00000000e+00,   0.00000000e+00,          1.00000000e+00]])),{}]
["set_obj_matrix",('Mesh 1', array([[  8.14756651e-01,  -5.79803070e-01,  -9.97789168e-17,         -3.26525192e+02],       [ -5.79803070e-01,  -8.14756651e-01,   7.10054005e-17,          8.73830067e+02],       [ -1.22464685e-16,   0.00000000e+00,  -1.00000000e+00,          1.05014435e+02],       [  0.00000000e+00,   0.00000000e+00,   0.00000000e+00,          1.00000000e+00]])),{}]
["set_obj_matrix",('Mesh 1', array([[  8.14311932e-01,  -5.80427495e-01,  -9.97244545e-17,         -3.25855215e+02],       [ -5.80427495e-01,  -8.14311932e-01,   7.10818705e-17,          8.74080125e+02],       [ -1.22464685e-16,   0.00000000e+00,  -1.00000000e+00,          1.05014435e+02],       [  0.00000000e+00,   0.00000000e+00,   0.00000000e+00,          1.00000000e+00]])),{}]
["add_polygon_ray",(array([ 158.74172974,  889.84216309, -790.81317139], dtype=float32), array([  158.74172974,   889.84216309,  1000.84210205], dtype=float32), array([  2.19414493e-13,   0.00000000e+00,   1.79165527e+03], dtype=float32)),{}]
["add_polygon_ray",(array([  -2.39772868,  482.6892395 , -788.99194336], dtype=float32), array([    2.36549687,   472.71487427,  1002.62921143], dtype=float32), array([    4.76323128,    -9.97439289,  1791.62121582], dtype=float32)),{}]
["add_polygon_ray",(array([ 379.45703125,   36.6198082 , -792.85803223], dtype=float32), array([ 375.60113525,   32.21927643,  998.78771973], dtype=float32), array([   -3.85590005,    -4.40054178,  1791.64575195], dtype=float32)),{}]
["add_polygon_ray",(array([ 824.73046875,   29.81891441, -791.91638184], dtype=float32), array([ 820.87457275,   25.41837311,  999.72924805], dtype=float32), array([   -3.85590005,    -4.40054178,  1791.64575195], dtype=float32)),{}]
["add_polygon_ray",(array([ 861.10418701,  194.58085632, -787.58581543], dtype=float32), array([  887.15478516,   220.24313354,  1003.69616699], dtype=float32), array([   26.05062103,    25.66226006,  1791.28210449], dtype=float32)),{}]
["add_polygon_ray",(array([ 868.01641846,  403.16943359, -790.67468262], dtype=float32), array([  894.0670166 ,   428.83169556,  1000.60742188], dtype=float32), array([   26.05062103,    25.66226006,  1791.28210449], dtype=float32)),{}]
["add_polygon_ray",(array([ 929.39532471,  522.61065674, -793.27844238], dtype=float32), array([ 955.44592285,  548.27294922,  998.00366211], dtype=float32), array([   26.05062103,    25.66226006,  1791.28210449], dtype=float32)),{}]
["add_polygon_ray",(array([ 721.99475098,  837.74188232, -806.98596191], dtype=float32), array([ 731.08343506,  924.94842529,  982.52258301], dtype=float32), array([    9.08870792,    87.20658875,  1789.50854492], dtype=float32)),{}]
["add_polygon_ray",(array([ 590.5012207 ,  924.39489746, -813.33679199], dtype=float32), array([  604.72833252,  1024.73498535,   975.44995117], dtype=float32), array([   14.22708893,   100.34001923,  1788.78674316], dtype=float32)),{}]
["select_region_polygon",(),{}]
["crop_selection",(),{}]
["save_ply",('%s',),{}]