["add_ply",('%s',),{}]
["add_polygon_ray",(array([ 221.25473022,  127.25556946,  -59.45542908], dtype=float32), array([ 221.25473022,  127.25556946,  220.045578  ], dtype=float32), array([  3.42290012e-14,   0.00000000e+00,   2.79501007e+02], dtype=float32)),{}]
["add_polygon_ray",(array([ 206.16166687,  152.96966553,  -59.45542908], dtype=float32), array([ 206.16166687,  152.96966553,  220.045578  ], dtype=float32), array([  3.42290012e-14,   0.00000000e+00,   2.79501007e+02], dtype=float32)),{}]
["add_polygon_ray",(array([ 173.73954773,  178.68374634,  -59.45542908], dtype=float32), array([ 173.73954773,  178.68374634,  220.045578  ], dtype=float32), array([  3.42290012e-14,   0.00000000e+00,   2.79501007e+02], dtype=float32)),{}]
["add_polygon_ray",(array([ 171.50354004,  202.72084045,  -59.45542908], dtype=float32), array([ 171.50354004,  202.72084045,  220.045578  ], dtype=float32), array([  3.42290012e-14,   0.00000000e+00,   2.79501007e+02], dtype=float32)),{}]
["add_polygon_ray",(array([  64.57702637,  198.64907837,  -60.31980896], dtype=float32), array([  62.18846893,  199.58551025,  219.16940308], dtype=float32), array([  -2.38855934,    0.93642241,  279.48922729], dtype=float32)),{}]
["add_polygon_ray",(array([  66.10277557,  155.42460632,  -60.47674561], dtype=float32), array([  63.39227295,  158.36572266,  218.99563599], dtype=float32), array([  -2.71050286,    2.94111443,  279.47238159], dtype=float32)),{}]
["add_polygon_ray",(array([  64.50621033,  125.37123871,  -60.4994812 ], dtype=float32), array([  60.44850159,  120.6548233 ,  218.93226624], dtype=float32), array([  -4.05771494,   -4.7164135 ,  279.43173218], dtype=float32)),{}]
["add_polygon_ray",(array([ 58.52416229,  46.51529694, -44.65309143], dtype=float32), array([  70.88217163,   94.91465759,  230.34797668], dtype=float32), array([  12.35800838,   48.39936066,  275.00106812], dtype=float32)),{}]
["add_polygon_ray",(array([ 101.6736908 ,   25.04135895,  -45.20123291], dtype=float32), array([ 110.25881195,   66.47319031,  231.07853699], dtype=float32), array([   8.58512592,   41.43183136,  276.27975464], dtype=float32)),{}]
["add_polygon_ray",(array([ 192.91879272,   33.59523773,  -49.3193512 ], dtype=float32), array([ 201.50392151,   75.02706909,  226.96040344], dtype=float32), array([   8.58512592,   41.43183136,  276.27975464], dtype=float32)),{}]
["add_polygon_ray",(array([ 216.75663757,   72.62693787,  -55.91340637], dtype=float32), array([ 225.34176636,  114.05876923,  220.36634827], dtype=float32), array([   8.58512592,   41.43183136,  276.27975464], dtype=float32)),{}]
["select_region_polygon",(),{}]
["crop_selection",(),{}]
["set_obj_matrix",('Mesh 1', array([[ -9.99967871e-01,  -6.06765466e-03,  -5.23829467e-03,          1.36895457e+02],       [ -6.07676024e-03,   9.99980050e-01,   1.72410930e-03,         -1.23212741e+02],       [  5.22772886e-03,   1.75588577e-03,  -9.99984794e-01,          7.93667504e+01],       [  0.00000000e+00,   0.00000000e+00,   0.00000000e+00,          1.00000000e+00]])),{}]
["set_obj_matrix",('Mesh 1', array([[ -9.99134942e-01,  -3.35921475e-02,  -2.45140021e-02,          1.41740478e+02],       [ -3.32905085e-02,   9.99366152e-01,  -1.26109530e-02,         -1.18291991e+02],       [  2.49220929e-02,  -1.17839602e-02,  -9.99619942e-01,          7.83419974e+01],       [  0.00000000e+00,   0.00000000e+00,   0.00000000e+00,          1.00000000e+00]])),{}]
["set_obj_matrix",('Mesh 1', array([[ -9.90420167e-01,  -1.26915209e-01,  -5.44097610e-02,          1.54520999e+02],       [ -1.15435972e-01,   9.77210131e-01,  -1.78142908e-01,         -9.11060333e+01],       [  7.57788140e-02,  -1.70155485e-01,  -9.82499202e-01,          8.96871136e+01],       [  0.00000000e+00,   0.00000000e+00,   0.00000000e+00,          1.00000000e+00]])),{}]
["set_obj_matrix",('Mesh 1', array([[ -9.70594843e-01,  -2.39902968e-01,  -1.98044627e-02,          1.63050883e+02],       [ -1.95389225e-01,   8.33205515e-01,  -5.17292588e-01,         -3.51797397e+01],       [  1.40601214e-01,  -4.98211940e-01,  -8.55579430e-01,          1.11344610e+02],       [  0.00000000e+00,   0.00000000e+00,   0.00000000e+00,          1.00000000e+00]])),{}]
["set_obj_matrix",('Mesh 1', array([[ -9.33267181e-01,  -3.58707391e-01,   1.84763904e-02,          1.69630785e+02],       [ -2.57871660e-01,   6.33334754e-01,  -7.29650119e-01,          1.51164024e+01],       [  2.50029150e-01,  -6.85723047e-01,  -6.83571010e-01,          1.05913728e+02],       [  0.00000000e+00,   0.00000000e+00,   0.00000000e+00,          1.00000000e+00]])),{}]
["set_obj_matrix",('Mesh 1', array([[ -8.99163914e-01,  -4.22542684e-01,   1.13850499e-01,          1.65253258e+02],       [ -2.70127861e-01,   3.31238300e-01,  -9.04053166e-01,          6.82138317e+01],       [  3.44289406e-01,  -8.43646175e-01,  -4.11978078e-01,          9.08793741e+01],       [  0.00000000e+00,   0.00000000e+00,   0.00000000e+00,          1.00000000e+00]])),{}]
["set_obj_matrix",('Mesh 1', array([[ -8.64532210e-01,  -4.56613841e-01,   2.09971089e-01,          1.57056246e+02],       [ -2.53355449e-01,   3.51448433e-02,  -9.66734636e-01,          1.07656809e+02],       [  4.34045014e-01,  -8.88970551e-01,  -1.46069454e-01,          6.29616853e+01],       [  0.00000000e+00,   0.00000000e+00,   0.00000000e+00,          1.00000000e+00]])),{}]
["set_obj_matrix",('Mesh 1', array([[ -8.30339160e-01,  -4.81074562e-01,   2.81254589e-01,          1.49722319e+02],       [ -2.25546750e-01,  -1.71394153e-01,  -9.59037386e-01,          1.28854859e+02],       [  5.09573883e-01,  -8.59762357e-01,   3.38104726e-02,          3.46479341e+01],       [  0.00000000e+00,   0.00000000e+00,   0.00000000e+00,          1.00000000e+00]])),{}]
["set_obj_matrix",('Mesh 1', array([[ -7.88340207e-01,  -5.20440940e-01,   3.28117275e-01,          1.45136622e+02],       [ -1.99518396e-01,  -2.88232272e-01,  -9.36543948e-01,          1.37992410e+02],       [  5.81989800e-01,  -8.03780683e-01,   1.23387547e-01,          1.06902943e+01],       [  0.00000000e+00,   0.00000000e+00,   0.00000000e+00,          1.00000000e+00]])),{}]
["set_obj_matrix",('Mesh 1', array([[ -7.82387800e-01,  -5.27030731e-01,   3.31825162e-01,          1.44847478e+02],       [ -1.97121376e-01,  -2.95851631e-01,  -9.34673727e-01,          1.38460950e+02],       [  5.90772793e-01,  -7.96687154e-01,   1.27581684e-01,          8.28253347e+00],       [  0.00000000e+00,   0.00000000e+00,   0.00000000e+00,          1.00000000e+00]])),{}]
["set_obj_matrix",('Mesh 1', array([[ -7.70203330e-01,  -5.40015804e-01,   3.39366706e-01,          1.44197033e+02],       [ -1.92057311e-01,  -3.11023305e-01,  -9.30794549e-01,          1.39341932e+02],       [  6.08194721e-01,  -7.82078919e-01,   1.35837202e-01,          3.44503961e+00],       [  0.00000000e+00,   0.00000000e+00,   0.00000000e+00,          1.00000000e+00]])),{}]
["set_obj_matrix",('Mesh 1', array([[ -5.87397687e-01,  -7.11001639e-01,   3.86575514e-01,          1.36780072e+02],       [ -1.47379918e-01,  -3.75702652e-01,  -9.14946270e-01,          1.40019318e+02],       [  7.95765743e-01,  -5.94410790e-01,   1.15899506e-01,         -4.36649654e+01],       [  0.00000000e+00,   0.00000000e+00,   0.00000000e+00,          1.00000000e+00]])),{}]
["set_obj_matrix",('Mesh 1', array([[ -3.67020125e-01,  -8.18747421e-01,   4.41530167e-01,          1.15806077e+02],       [ -7.41707765e-02,  -4.47385898e-01,  -8.91260093e-01,          1.37062613e+02],       [  9.27251273e-01,  -3.59859027e-01,   1.03472496e-01,         -8.95746580e+01],       [  0.00000000e+00,   0.00000000e+00,   0.00000000e+00,          1.00000000e+00]])),{}]
["set_obj_matrix",('Mesh 1', array([[ -3.30187877e-01,  -8.20984997e-01,   4.65789224e-01,          1.09136287e+02],       [ -4.63591938e-02,  -4.78764805e-01,  -8.76718362e-01,          1.36008085e+02],       [  9.42776109e-01,  -3.11075388e-01,   1.20022132e-01,         -9.90550269e+01],       [  0.00000000e+00,   0.00000000e+00,   0.00000000e+00,          1.00000000e+00]])),{}]
["set_obj_matrix",('Mesh 1', array([[ -3.03675044e-01,  -8.19784446e-01,   4.85525417e-01,          1.03804300e+02],       [ -2.34793538e-02,  -5.02996804e-01,  -8.63969291e-01,          1.34881358e+02],       [  9.52486319e-01,  -2.73765735e-01,   1.33499567e-01,         -1.06077864e+02],       [  0.00000000e+00,   0.00000000e+00,   0.00000000e+00,          1.00000000e+00]])),{}]
["set_obj_matrix",('Mesh 1', array([[ -2.16418928e-01,  -8.34035745e-01,   5.07491108e-01,          9.19632739e+01],       [  1.36676228e-02,  -5.22347611e-01,  -8.52623111e-01,          1.31326048e+02],       [  9.76204919e-01,  -1.77587582e-01,   1.24445196e-01,         -1.20486730e+02],       [  0.00000000e+00,   0.00000000e+00,   0.00000000e+00,          1.00000000e+00]])),{}]
["set_obj_matrix",('Mesh 1', array([[ -1.57762047e-01,  -8.37044524e-01,   5.23896557e-01,          8.30574426e+01],       [  4.17670174e-02,  -5.35721921e-01,  -8.43360859e-01,          1.28425574e+02],       [  9.86593459e-01,  -1.11168739e-01,   1.19477440e-01,         -1.29727252e+02],       [  0.00000000e+00,   0.00000000e+00,   0.00000000e+00,          1.00000000e+00]])),{}]
["set_obj_matrix",('Mesh 1', array([[ -1.44861709e-01,  -8.35992252e-01,   5.29275013e-01,          8.07442714e+01],       [  4.99035713e-02,  -5.40409615e-01,  -8.39920878e-01,          1.27625820e+02],       [  9.88192653e-01,  -9.52596605e-02,   1.20003659e-01,         -1.31957719e+02],       [  0.00000000e+00,   0.00000000e+00,   0.00000000e+00,          1.00000000e+00]])),{}]
["set_obj_matrix",('Mesh 1', array([[ -1.39273919e-01,  -8.26083126e-01,   5.46067253e-01,          7.74097647e+01],       [  1.66627450e-02,  -5.53318590e-01,  -8.32803033e-01,          1.33165425e+02],       [  9.90113695e-01,  -1.06888762e-01,   9.08276607e-02,         -1.28434904e+02],       [  0.00000000e+00,   0.00000000e+00,   0.00000000e+00,          1.00000000e+00]])),{}]
["set_obj_matrix",('Mesh 1', array([[ -1.44274493e-01,  -7.95911151e-01,   5.87971351e-01,          7.09854324e+01],       [ -5.90282462e-02,  -5.86207516e-01,  -8.08007682e-01,          1.45522813e+02],       [  9.87775550e-01,  -1.51281816e-01,   3.75935528e-02,         -1.18342748e+02],       [  0.00000000e+00,   0.00000000e+00,   0.00000000e+00,          1.00000000e+00]])),{}]
["set_obj_matrix",('Mesh 1', array([[ -2.00862180e-01,  -5.87644597e-01,   7.83790924e-01,          3.71380353e+01],       [ -4.02486433e-01,  -6.79942452e-01,  -6.12929795e-01,          1.88089617e+02],       [  8.93117605e-01,  -4.38579628e-01,  -9.99442548e-02,         -5.88548151e+01],       [  0.00000000e+00,   0.00000000e+00,   0.00000000e+00,          1.00000000e+00]])),{}]
["set_obj_matrix",('Mesh 1', array([[ -3.61864300e-02,  -4.03076023e-01,   9.14450798e-01,         -1.85726570e+01],       [ -7.16255330e-01,  -6.27654931e-01,  -3.05004247e-01,          1.99473248e+02],       [  6.96899451e-01,  -6.66017273e-01,  -2.65992759e-01,          9.29012365e+00],       [  0.00000000e+00,   0.00000000e+00,   0.00000000e+00,          1.00000000e+00]])),{}]
["set_obj_matrix",('Mesh 1', array([[  1.63922453e-02,  -3.10717415e-01,   9.50360975e-01,         -4.00358105e+01],       [ -8.06543430e-01,  -5.65873542e-01,  -1.71098889e-01,          1.93321068e+02],       [  5.90947535e-01,  -7.63702705e-01,  -2.59883028e-01,          3.52834995e+01],       [  0.00000000e+00,   0.00000000e+00,   0.00000000e+00,          1.00000000e+00]])),{}]
["set_obj_matrix",('Mesh 1', array([[  8.07936323e-02,  -2.59272748e-01,   9.62418844e-01,         -5.61191063e+01],       [ -8.57968653e-01,  -5.09541976e-01,  -6.52438854e-02,          1.84821676e+02],       [  5.07308761e-01,  -8.20453909e-01,  -2.63615638e-01,          5.39668470e+01],       [  0.00000000e+00,   0.00000000e+00,   0.00000000e+00,          1.00000000e+00]])),{}]
["set_obj_matrix",('Mesh 1', array([[  1.78374478e-01,  -1.88215744e-01,   9.65793652e-01,         -7.84385565e+01],       [ -9.08318907e-01,  -4.08901091e-01,   8.80719063e-02,          1.66875521e+02],       [  3.78337558e-01,  -8.92958415e-01,  -2.43897438e-01,          7.88719222e+01],       [  0.00000000e+00,   0.00000000e+00,   0.00000000e+00,          1.00000000e+00]])),{}]
["set_obj_matrix",('Mesh 1', array([[  2.49599922e-01,  -1.02768326e-01,   9.62880341e-01,         -9.84589456e+01],       [ -9.33911053e-01,  -2.88369700e-01,   2.11312710e-01,          1.45519420e+02],       [  2.55949261e-01,  -9.51988229e-01,  -1.67953530e-01,          9.66993337e+01],       [  0.00000000e+00,   0.00000000e+00,   0.00000000e+00,          1.00000000e+00]])),{}]
["set_obj_matrix",('Mesh 1', array([[  2.53576036e-01,  -1.15087715e-01,   9.60444695e-01,         -9.72766516e+01],       [ -9.31329336e-01,  -2.97350171e-01,   2.10258280e-01,          1.46366370e+02],       [  2.61390249e-01,  -9.47806781e-01,  -1.82585443e-01,          9.66176251e+01],       [  0.00000000e+00,   0.00000000e+00,   0.00000000e+00,          1.00000000e+00]])),{}]
["set_obj_matrix",('Mesh 1', array([[  2.42563868e-01,  -1.34301061e-01,   9.60794460e-01,         -9.34295193e+01],       [ -9.27409999e-01,  -3.22773840e-01,   1.89017834e-01,          1.50689944e+02],       [  2.84734022e-01,  -9.36899286e-01,  -2.02845419e-01,          9.37245558e+01],       [  0.00000000e+00,   0.00000000e+00,   0.00000000e+00,          1.00000000e+00]])),{}]
["set_obj_matrix",('Mesh 1', array([[   0.24816289,   -0.16267007,    0.95496263,  -90.20622874],       [  -0.92079081,   -0.34584795,    0.1803704 ,  153.34480268],       [   0.300931  ,   -0.92408206,   -0.23561173,   92.56907988],       [   0.        ,    0.        ,    0.        ,    1.        ]])),{}]
["set_obj_matrix",('Mesh 1', array([[   0.25095562,   -0.15895431,    0.95485853,  -91.0373078 ],       [  -0.91732343,   -0.35402969,    0.1821557 ,  153.74456494],       [   0.30909384,   -0.9216271 ,   -0.23465825,   91.08042656],       [   0.        ,    0.        ,    0.        ,    1.        ]])),{}]
["set_obj_matrix",('Mesh 1', array([[  2.72495358e-01,  -1.29192593e-01,   9.53444048e-01,         -9.75347884e+01],       [ -8.87163029e-01,  -4.17287801e-01,   1.97009268e-01,          1.56296081e+02],       [  3.72408432e-01,  -8.99544421e-01,  -2.28323881e-01,          7.92422037e+01],       [  0.00000000e+00,   0.00000000e+00,   0.00000000e+00,          1.00000000e+00]])),{}]
["set_obj_matrix",('Mesh 1', array([[  3.03580646e-01,   1.24724576e-01,   9.44607099e-01,         -1.32505084e+02],       [ -5.66444298e-01,  -7.73550438e-01,   2.84184056e-01,          1.49907546e+02],       [  7.66145971e-01,  -6.21340084e-01,  -1.64185416e-01,         -1.38187290e+01],       [  0.00000000e+00,   0.00000000e+00,   0.00000000e+00,          1.00000000e+00]])),{}]
["set_obj_matrix",('Mesh 1', array([[  2.50199100e-01,   2.58145266e-01,   9.33145986e-01,         -1.40870505e+02],       [ -3.36830969e-01,  -8.80386689e-01,   3.33862510e-01,          1.27990965e+02],       [  9.07714332e-01,  -3.97844566e-01,  -1.33320637e-01,         -6.32031697e+01],       [  0.00000000e+00,   0.00000000e+00,   0.00000000e+00,          1.00000000e+00]])),{}]
["set_obj_matrix",('Mesh 1', array([[  1.97648415e-01,   3.28239375e-01,   9.23685020e-01,         -1.41663036e+02],       [ -1.91144155e-01,  -9.11281621e-01,   3.64732394e-01,          1.09566500e+02],       [  9.61456716e-01,  -2.48645773e-01,  -1.17372330e-01,         -9.02640180e+01],       [  0.00000000e+00,   0.00000000e+00,   0.00000000e+00,          1.00000000e+00]])),{}]
["set_obj_matrix",('Mesh 1', array([[  6.30264521e-02,   3.82181454e-01,   9.21935466e-01,         -1.29934172e+02],       [ -6.37697421e-02,  -9.20342158e-01,   3.85880463e-01,          9.17028291e+01],       [  9.95972433e-01,  -8.31122634e-02,  -3.36342882e-02,         -1.22182359e+02],       [  0.00000000e+00,   0.00000000e+00,   0.00000000e+00,          1.00000000e+00]])),{}]
["set_obj_matrix",('Mesh 1', array([[  8.07564033e-03,   4.03314247e-01,   9.15025902e-01,         -1.24539422e+02],       [  6.93336959e-03,  -9.15056329e-01,   4.03266467e-01,          8.00555454e+01],       [  9.99943355e-01,   3.08757782e-03,  -1.01859925e-02,         -1.35284399e+02],       [  0.00000000e+00,   0.00000000e+00,   0.00000000e+00,          1.00000000e+00]])),{}]
["set_obj_matrix",('Mesh 1', array([[  1.98357942e-03,   4.19202898e-01,   9.07890410e-01,         -1.25108246e+02],       [  6.07012452e-02,  -9.06268492e-01,   4.18321384e-01,          7.04601081e+01],       [  9.98154008e-01,   5.42803047e-02,  -2.72437934e-02,         -1.40014737e+02],       [  0.00000000e+00,   0.00000000e+00,   0.00000000e+00,          1.00000000e+00]])),{}]
["set_obj_matrix",('Mesh 1', array([[  3.75057219e-02,   4.45564043e-01,   8.94464088e-01,         -1.32117694e+02],       [  1.37116102e-01,  -8.88922324e-01,   4.37054088e-01,          5.64351560e+01],       [  9.89844683e-01,   1.06253400e-01,  -9.44336780e-02,         -1.39931465e+02],       [  0.00000000e+00,   0.00000000e+00,   0.00000000e+00,          1.00000000e+00]])),{}]
["set_obj_matrix",('Mesh 1', array([[  6.33184717e-02,   4.65247712e-01,   8.82912984e-01,         -1.37132533e+02],       [  1.91048178e-01,  -8.73977339e-01,   4.46838007e-01,          4.64777871e+01],       [  9.79536301e-01,   1.40385818e-01,  -1.44223637e-01,         -1.38763506e+02],       [  0.00000000e+00,   0.00000000e+00,   0.00000000e+00,          1.00000000e+00]])),{}]
["set_obj_matrix",('Mesh 1', array([[  6.31409546e-02,   4.60192719e-01,   8.85570935e-01,         -1.36695538e+02],       [  1.75635827e-01,  -8.78616210e-01,   4.44055866e-01,          4.93678213e+01],       [  9.82428255e-01,   1.27499872e-01,  -1.36302995e-01,         -1.38195423e+02],       [  0.00000000e+00,   0.00000000e+00,   0.00000000e+00,          1.00000000e+00]])),{}]
["set_obj_matrix",('Mesh 1', array([[  1.02989718e-01,   4.31737485e-01,   8.96100364e-01,         -1.39423921e+02],       [  8.25715241e-02,  -9.01492333e-01,   4.24845286e-01,          6.63761010e+01],       [  9.91249243e-01,   3.02376764e-02,  -1.28493664e-01,         -1.27968786e+02],       [  0.00000000e+00,   0.00000000e+00,   0.00000000e+00,          1.00000000e+00]])),{}]
["set_obj_matrix",('Mesh 1', array([[  9.10450095e-02,   3.99985025e-01,   9.11988369e-01,         -1.35144246e+02],       [ -1.04772871e-02,  -9.15356433e-01,   4.02508171e-01,          8.25167196e+01],       [  9.95791661e-01,  -4.62015242e-02,  -7.91478772e-02,         -1.23076605e+02],       [  0.00000000e+00,   0.00000000e+00,   0.00000000e+00,          1.00000000e+00]])),{}]
["set_obj_matrix",('Mesh 1', array([[  9.06750202e-02,   3.97370713e-01,   9.13167322e-01,         -1.34864775e+02],       [ -1.82157187e-02,  -9.16129459e-01,   4.00468478e-01,          8.38265935e+01],       [  9.95713929e-01,  -5.29464864e-02,  -7.58316640e-02,         -1.22496618e+02],       [  0.00000000e+00,   0.00000000e+00,   0.00000000e+00,          1.00000000e+00]])),{}]
["set_obj_matrix",('Mesh 1', array([[  9.02938815e-02,   3.94757467e-01,   9.14337770e-01,         -1.34583240e+02],       [ -2.59493791e-02,  -9.16843760e-01,   3.98401994e-01,          8.51306947e+01],       [  9.95577041e-01,  -5.96997599e-02,  -7.25416707e-02,         -1.21905468e+02],       [  0.00000000e+00,   0.00000000e+00,   0.00000000e+00,          1.00000000e+00]])),{}]
["set_obj_matrix",('Mesh 1', array([[  8.41957744e-02,   3.90136830e-01,   9.16899299e-01,         -1.33388734e+02],       [ -2.47534913e-02,  -9.19063727e-01,   3.93330815e-01,          8.56506280e+01],       [  9.96141725e-01,  -5.58132514e-02,  -6.77240336e-02,         -1.22850488e+02],       [  0.00000000e+00,   0.00000000e+00,   0.00000000e+00,          1.00000000e+00]])),{}]
["set_obj_matrix",('Mesh 1', array([[  5.32543896e-02,   3.68050413e-01,   9.28279518e-01,         -1.27366373e+02],       [ -8.97070123e-03,  -9.29384799e-01,   3.69003281e-01,          8.67406487e+01],       [  9.98540683e-01,  -2.79783627e-02,  -4.61921499e-02,         -1.28353783e+02],       [  0.00000000e+00,   0.00000000e+00,   0.00000000e+00,          1.00000000e+00]])),{}]
["set_obj_matrix",('Mesh 1', array([[ -1.72771716e-02,   3.04153637e-01,   9.52466306e-01,         -1.11818477e+02],       [ -2.22688922e-02,  -9.52489249e-01,   3.03757019e-01,          9.66472086e+01],       [  9.99602719e-01,  -1.59623074e-02,   2.32294848e-02,         -1.35560954e+02],       [  0.00000000e+00,   0.00000000e+00,   0.00000000e+00,          1.00000000e+00]])),{}]
["set_obj_matrix",('Mesh 1', array([[ -1.23941718e-01,   2.02853260e-01,   9.71333622e-01,         -8.63048512e+01],       [ -6.38712567e-02,  -9.78482243e-01,   1.96196235e-01,          1.14150964e+02],       [  9.90231747e-01,  -3.77234007e-02,   1.34231263e-01,         -1.40505718e+02],       [  0.00000000e+00,   0.00000000e+00,   0.00000000e+00,          1.00000000e+00]])),{}]
["set_obj_matrix",('Mesh 1', array([[ -1.48815997e-01,   1.78756399e-01,   9.72573878e-01,         -8.00426774e+01],       [ -9.67372350e-02,  -9.81439697e-01,   1.65583902e-01,          1.21436231e+02],       [  9.84121795e-01,  -6.94425745e-02,   1.63346326e-01,         -1.38084171e+02],       [  0.00000000e+00,   0.00000000e+00,   0.00000000e+00,          1.00000000e+00]])),{}]
["set_obj_matrix",('Mesh 1', array([[ -1.76312509e-01,   1.53261175e-01,   9.72329631e-01,         -7.31321371e+01],       [ -1.69717238e-01,  -9.77744014e-01,   1.23339782e-01,          1.34275712e+02],       [  9.69592676e-01,  -1.43274754e-01,   1.98399563e-01,         -1.29778852e+02],       [  0.00000000e+00,   0.00000000e+00,   0.00000000e+00,          1.00000000e+00]])),{}]
["set_obj_matrix",('Mesh 1', array([[ -2.17329596e-01,   1.20111335e-01,   9.68680088e-01,         -6.31646367e+01],       [ -2.29792050e-01,  -9.70803542e-01,   6.88193110e-02,          1.45947301e+02],       [  9.48664040e-01,  -2.07638510e-01,   2.38584972e-01,         -1.22190183e+02],       [  0.00000000e+00,   0.00000000e+00,   0.00000000e+00,          1.00000000e+00]])),{}]
["set_obj_matrix",('Mesh 1', array([[ -2.58430215e-01,   8.96528208e-02,   9.61860799e-01,         -5.32647431e+01],       [ -2.69390499e-01,  -9.62874398e-01,   1.73681695e-02,          1.54470736e+02],       [  9.27708243e-01,  -2.54627701e-01,   2.72987455e-01,         -1.16286223e+02],       [  0.00000000e+00,   0.00000000e+00,   0.00000000e+00,          1.00000000e+00]])),{}]
["set_obj_matrix",('Mesh 1', array([[ -2.59296175e-01,   8.96054429e-02,   9.61632132e-01,         -5.31229775e+01],       [ -2.79633434e-01,  -9.60003989e-01,   1.40528818e-02,          1.55771536e+02],       [  9.24429898e-01,  -2.65260637e-01,   2.73982040e-01,         -1.14603684e+02],       [  0.00000000e+00,   0.00000000e+00,   0.00000000e+00,          1.00000000e+00]])),{}]
["set_obj_matrix",('Mesh 1', array([[ -2.57570195e-01,   8.97088121e-02,   9.62086235e-01,         -5.34065102e+01],       [ -2.59166564e-01,  -9.65611791e-01,   2.06533506e-02,          1.53158451e+02],       [  9.30854600e-01,  -2.44020896e-01,   2.71962342e-01,         -1.17945158e+02],       [  0.00000000e+00,   0.00000000e+00,   0.00000000e+00,          1.00000000e+00]])),{}]
["set_obj_matrix",('Mesh 1', array([[ -2.56716087e-01,   8.97732553e-02,   9.62308481e-01,         -5.35482659e+01],       [ -2.48962270e-01,  -9.68218036e-01,   2.39086171e-02,          1.51834985e+02],       [  9.33870782e-01,  -2.33440778e-01,   2.70907299e-01,         -1.19580715e+02],       [  0.00000000e+00,   0.00000000e+00,   0.00000000e+00,          1.00000000e+00]])),{}]
["set_obj_matrix",('Mesh 1', array([[ -2.49326635e-01,   8.75397129e-02,   9.64454783e-01,         -5.44468152e+01],       [ -2.49415855e-01,  -9.68113865e-01,   2.33939364e-02,          1.51924968e+02],       [  9.35749945e-01,  -2.34717583e-01,   2.63210365e-01,         -1.19059545e+02],       [  0.00000000e+00,   0.00000000e+00,   0.00000000e+00,          1.00000000e+00]])),{}]
["set_obj_matrix",('Mesh 1', array([[ -2.42240589e-01,   8.57509100e-02,   9.66419308e-01,         -5.53446922e+01],       [ -2.57568297e-01,  -9.66028494e-01,   2.11547166e-02,          1.52952895e+02],       [  9.35402624e-01,  -2.43794444e-01,   2.56098027e-01,         -1.17316681e+02],       [  0.00000000e+00,   0.00000000e+00,   0.00000000e+00,          1.00000000e+00]])),{}]
["set_obj_matrix",('Mesh 1', array([[ -2.04744813e-01,   7.39422063e-02,   9.76018500e-01,         -5.97415480e+01],       [ -2.52087977e-01,  -9.67488974e-01,   2.04141250e-02,          1.52449487e+02],       [  9.45796603e-01,  -2.41862843e-01,   2.16728290e-01,         -1.15805561e+02],       [  0.00000000e+00,   0.00000000e+00,   0.00000000e+00,          1.00000000e+00]])),{}]
["set_obj_matrix",('Mesh 1', array([[ -1.29193550e-01,   5.06273346e-02,   9.90326158e-01,         -6.82560115e+01],       [ -2.48549473e-01,  -9.68468509e-01,   1.70852709e-02,          1.52357872e+02],       [  9.59964680e-01,  -2.43937738e-01,   1.37703282e-01,         -1.11126156e+02],       [  0.00000000e+00,   0.00000000e+00,   0.00000000e+00,          1.00000000e+00]])),{}]
["set_obj_matrix",('Mesh 1', array([[ -9.08072982e-02,   3.90252957e-02,   9.95103543e-01,         -7.24121680e+01],       [ -2.42726564e-01,  -9.69964605e-01,   1.58896148e-02,          1.51848917e+02],       [  9.65835312e-01,  -2.40095171e-01,   9.75523411e-02,         -1.09175139e+02],       [  0.00000000e+00,   0.00000000e+00,   0.00000000e+00,          1.00000000e+00]])),{}]
["set_obj_matrix",('Mesh 1', array([[ -6.03816986e-02,   2.96283828e-02,   9.97735541e-01,         -7.55888003e+01],       [ -2.44270931e-01,  -9.69605812e-01,   1.40100837e-02,          1.52164992e+02],       [  9.67825275e-01,  -2.42871837e-01,   6.57837986e-02,         -1.06550341e+02],       [  0.00000000e+00,   0.00000000e+00,   0.00000000e+00,          1.00000000e+00]])),{}]
["set_obj_matrix",('Mesh 1', array([[ -3.75227572e-02,   2.25277858e-02,   9.99041812e-01,         -7.79164975e+01],       [ -2.45399994e-01,  -9.69339489e-01,   1.26411006e-02,          1.52395162e+02],       [  9.68695456e-01,  -2.44690525e-01,   4.19006088e-02,         -1.04525407e+02],       [  0.00000000e+00,   0.00000000e+00,   0.00000000e+00,          1.00000000e+00]])),{}]
["set_obj_matrix",('Mesh 1', array([[ -2.98973606e-02,   2.01518369e-02,   9.99349814e-01,         -7.86818202e+01],       [ -2.45770652e-01,  -9.69251328e-01,   1.21922281e-02,          1.52470589e+02],       [  9.68866830e-01,  -2.45246340e-01,   3.39307865e-02,         -1.03839864e+02],       [  0.00000000e+00,   0.00000000e+00,   0.00000000e+00,          1.00000000e+00]])),{}]
["set_obj_matrix",('Mesh 1', array([[ -2.92991226e-02,   2.05710644e-02,   9.99358991e-01,         -7.88156973e+01],       [ -2.37896363e-01,  -9.71203316e-01,   1.30168752e-02,          1.51577472e+02],       [  9.70848537e-01,  -2.37362486e-01,   3.33491865e-02,         -1.05038958e+02],       [  0.00000000e+00,   0.00000000e+00,   0.00000000e+00,          1.00000000e+00]])),{}]
["set_obj_matrix",('Mesh 1', array([[ -2.81087143e-02,   2.14243231e-02,   9.99375254e-01,         -7.90842943e+01],       [ -2.22079497e-01,  -9.74918440e-01,   1.46537534e-02,          1.49759566e+02],       [  9.74623310e-01,  -2.21528855e-01,   3.21616068e-02,         -1.07417753e+02],       [  0.00000000e+00,   0.00000000e+00,   0.00000000e+00,          1.00000000e+00]])),{}]
["set_obj_matrix",('Mesh 1', array([[ -2.51695808e-02,   2.36439355e-02,   9.99403550e-01,         -7.97605007e+01],       [ -1.82154786e-01,  -9.83092592e-01,   1.86705543e-02,          1.45030949e+02],       [  9.82947672e-01,  -1.81576210e-01,   2.90508844e-02,         -1.13248016e+02],       [  0.00000000e+00,   0.00000000e+00,   0.00000000e+00,          1.00000000e+00]])),{}]
["set_obj_matrix",('Mesh 1', array([[ -2.28583647e-02,   2.55087258e-02,   9.99413228e-01,         -8.03060236e+01],       [ -1.49844210e-01,  -9.88469209e-01,   2.18021893e-02,          1.41060234e+02],       [  9.88445349e-01,  -1.49257923e-01,   2.64171245e-02,         -1.17787010e+02],       [  0.00000000e+00,   0.00000000e+00,   0.00000000e+00,          1.00000000e+00]])),{}]
["set_obj_matrix",('Mesh 1', array([[ -2.11497367e-02,   2.69594034e-02,   9.99412767e-01,         -8.07176355e+01],       [ -1.25409647e-01,  -9.91812275e-01,   2.41004388e-02,          1.37973467e+02],       [  9.91879584e-01,  -1.24826284e-01,   2.43575377e-02,         -1.21114873e+02],       [  0.00000000e+00,   0.00000000e+00,   0.00000000e+00,          1.00000000e+00]])),{}]
["set_obj_matrix",('Mesh 1', array([[ -2.83532947e-02,   2.93270809e-02,   9.99167660e-01,         -8.00135932e+01],       [ -1.16894380e-01,  -9.92808571e-01,   2.58233302e-02,          1.36802815e+02],       [  9.92739540e-01,  -1.16064908e-01,   3.15775649e-02,         -1.22896874e+02],       [  0.00000000e+00,   0.00000000e+00,   0.00000000e+00,          1.00000000e+00]])),{}]
["set_obj_matrix",('Mesh 1', array([[ -3.61190326e-02,   3.11968703e-02,   9.98860436e-01,         -7.91665709e+01],       [ -1.16559365e-01,  -9.92822252e-01,   2.67934684e-02,          1.36681142e+02],       [  9.92526740e-01,  -1.15458784e-01,   3.94960667e-02,         -1.23578907e+02],       [  0.00000000e+00,   0.00000000e+00,   0.00000000e+00,          1.00000000e+00]])),{}]
["set_obj_matrix",('Mesh 1', array([[ -3.55726802e-02,   3.16314809e-02,   9.98866374e-01,         -7.92950517e+01],       [ -1.08365169e-01,  -9.93727681e-01,   2.76095376e-02,          1.35615622e+02],       [  9.93474496e-01,  -1.07260178e-01,   3.87773078e-02,         -1.24665651e+02],       [  0.00000000e+00,   0.00000000e+00,   0.00000000e+00,          1.00000000e+00]])),{}]
["set_obj_matrix",('Mesh 1', array([[ -4.33435183e-02,   3.34647613e-02,   9.98499599e-01,         -7.84380319e+01],       [ -1.08031644e-01,  -9.93735534e-01,   2.86155858e-02,          1.35490546e+02],       [  9.93202146e-01,  -1.06629253e-01,   4.66872475e-02,         -1.25341987e+02],       [  0.00000000e+00,   0.00000000e+00,   0.00000000e+00,          1.00000000e+00]])),{}]
["set_obj_matrix",('Mesh 1', array([[ -5.11112132e-02,   3.52932703e-02,   9.98069150e-01,         -7.75757350e+01],       [ -1.07697166e-01,  -9.93742258e-01,   2.96250829e-02,          1.35364924e+02],       [  9.92869057e-01,  -1.05975046e-01,   5.45923576e-02,         -1.26012577e+02],       [  0.00000000e+00,   0.00000000e+00,   0.00000000e+00,          1.00000000e+00]])),{}]
["set_obj_matrix",('Mesh 1', array([[ -5.88754179e-02,   3.71168180e-02,   9.97575073e-01,         -7.67081880e+01],       [ -1.07361760e-01,  -9.93747835e-01,   3.06380842e-02,          1.35238752e+02],       [  9.92475258e-01,  -1.05297586e-01,   6.24922460e-02,         -1.26677388e+02],       [  0.00000000e+00,   0.00000000e+00,   0.00000000e+00,          1.00000000e+00]])),{}]
["set_obj_matrix",('Mesh 1', array([[ -6.66357854e-02,   3.89352149e-02,   9.97017413e-01,         -7.58354181e+01],       [ -1.07025451e-01,  -9.93752251e-01,   3.16546452e-02,          1.35112028e+02],       [  9.92020778e-01,  -1.04596906e-01,   7.03865207e-02,         -1.27336389e+02],       [  0.00000000e+00,   0.00000000e+00,   0.00000000e+00,          1.00000000e+00]])),{}]
["set_obj_matrix",('Mesh 1', array([[ -6.61229264e-02,   3.92466949e-02,   9.97039345e-01,         -7.59453811e+01],       [ -9.88250071e-02,  -9.94570837e-01,   3.25955236e-02,          1.34024879e+02],       [  9.92905522e-01,  -9.63771089e-02,   6.96424891e-02,         -1.28415177e+02],       [  0.00000000e+00,   0.00000000e+00,   0.00000000e+00,          1.00000000e+00]])),{}]
["set_obj_matrix",('Mesh 1', array([[ -6.56118947e-02,   3.95627429e-02,   9.97060614e-01,         -7.60556088e+01],       [ -9.06076816e-02,  -9.95322009e-01,   3.35312884e-02,          1.32927497e+02],       [  9.93722963e-01,  -8.81412993e-02,   6.88896512e-02,         -1.29486106e+02],       [  0.00000000e+00,   0.00000000e+00,   0.00000000e+00,          1.00000000e+00]])),{}]
["set_obj_matrix",('Mesh 1', array([[ -6.51027230e-02,   3.98833602e-02,   9.97081217e-01,         -7.61660966e+01],       [ -8.23738414e-02,  -9.96005487e-01,   3.44618709e-02,          1.31819902e+02],       [  9.94472818e-01,  -7.98898484e-02,   6.81280149e-02,         -1.30549094e+02],       [  0.00000000e+00,   0.00000000e+00,   0.00000000e+00,          1.00000000e+00]])),{}]
["save_ply",('%s',),{}]