["add_ply",('%s',),{}]
["add_polygon_ray",(array([ 608.65264893,  473.72384644, -293.5267334 ], dtype=float32), array([ 608.65264893,  473.72384644,  558.62823486], dtype=float32), array([  1.04358891e-13,   0.00000000e+00,   8.52154968e+02], dtype=float32)),{}]
["add_polygon_ray",(array([ 518.32421875,  608.36437988, -293.5267334 ], dtype=float32), array([ 518.32421875,  608.36437988,  558.62823486], dtype=float32), array([  1.04358891e-13,   0.00000000e+00,   8.52154968e+02], dtype=float32)),{}]
["add_polygon_ray",(array([ 310.39837646,  659.49365234, -293.5267334 ], dtype=float32), array([ 310.39837646,  659.49365234,  558.62823486], dtype=float32), array([  1.04358891e-13,   0.00000000e+00,   8.52154968e+02], dtype=float32)),{}]
["add_polygon_ray",(array([ 129.74151611,  591.32122803, -293.5267334 ], dtype=float32), array([ 129.74151611,  591.32122803,  558.62823486], dtype=float32), array([  1.04358891e-13,   0.00000000e+00,   8.52154968e+02], dtype=float32)),{}]
["add_polygon_ray",(array([  56.45617676,  349.3092041 , -293.5267334 ], dtype=float32), array([  56.45617676,  349.3092041 ,  558.62823486], dtype=float32), array([  1.04358891e-13,   0.00000000e+00,   8.52154968e+02], dtype=float32)),{}]
["add_polygon_ray",(array([ 197.91392517,  122.63598633, -293.5267334 ], dtype=float32), array([ 197.91392517,  122.63598633,  558.62823486], dtype=float32), array([  1.04358891e-13,   0.00000000e+00,   8.52154968e+02], dtype=float32)),{}]
["add_polygon_ray",(array([ 400.70462036,   86.24491882, -291.400177  ], dtype=float32), array([ 401.00695801,   94.24780273,  560.71716309], dtype=float32), array([  3.02357763e-01,   8.00287437e+00,   8.52117371e+02], dtype=float32)),{}]
["add_polygon_ray",(array([ 453.50866699,  137.40229797, -291.89935303], dtype=float32), array([ 453.81103516,  145.40518188,  560.21801758], dtype=float32), array([  3.02357763e-01,   8.00287437e+00,   8.52117371e+02], dtype=float32)),{}]
["add_polygon_ray",(array([ 429.58926392,  239.64266968, -292.85110474], dtype=float32), array([ 429.89163208,  247.64553833,  559.26623535], dtype=float32), array([  3.02357763e-01,   8.00287437e+00,   8.52117371e+02], dtype=float32)),{}]
["add_polygon_ray",(array([ 446.56539917,  355.54040527, -293.94558716], dtype=float32), array([ 446.86776733,  363.54327393,  558.17175293], dtype=float32), array([  3.02357763e-01,   8.00287437e+00,   8.52117371e+02], dtype=float32)),{}]
["add_polygon_ray",(array([ 548.8928833 ,  236.30271912, -292.86206055], dtype=float32), array([ 549.19525146,  244.30560303,  559.25531006], dtype=float32), array([  3.02357763e-01,   8.00287437e+00,   8.52117371e+02], dtype=float32)),{}]
["add_polygon_ray",(array([ 620.38330078,  393.13342285, -294.36035156], dtype=float32), array([ 620.68566895,  401.1362915 ,  557.75701904], dtype=float32), array([  3.02357763e-01,   8.00287437e+00,   8.52117371e+02], dtype=float32)),{}]
["select_region_polygon",(),{}]
["crop_selection",(),{}]
["set_obj_matrix",('Mesh 1', array([[ -9.99987648e-01,  -4.97013334e-03,   4.66738724e-05,          4.32951103e+02],       [ -4.97013326e-03,   9.99987649e-01,   1.87955726e-06,         -3.11370947e+02],       [ -4.66826376e-05,   1.64755868e-06,  -9.99999999e-01,          1.32570373e+02],       [  0.00000000e+00,   0.00000000e+00,   0.00000000e+00,          1.00000000e+00]])),{}]
["set_obj_matrix",('Mesh 1', array([[ -9.99359064e-01,  -3.57959217e-02,   3.35958963e-04,          4.42306045e+02],       [ -3.57959174e-02,   9.99359121e-01,   1.87204852e-05,         -2.97877745e+02],       [ -3.36413771e-04,   6.68252730e-06,  -9.99999943e-01,          1.32693779e+02],       [  0.00000000e+00,   0.00000000e+00,   0.00000000e+00,          1.00000000e+00]])),{}]
["set_obj_matrix",('Mesh 1', array([[ -9.85659169e-01,  -1.68740946e-01,   1.57968439e-03,          4.77911746e+02],       [ -1.68740850e-01,   9.85660432e-01,   1.94548157e-04,         -2.36253229e+02],       [ -1.58986064e-03,  -7.47991130e-05,  -9.99998733e-01,          1.33259907e+02],       [  0.00000000e+00,   0.00000000e+00,   0.00000000e+00,          1.00000000e+00]])),{}]
["set_obj_matrix",('Mesh 1', array([[ -9.51351080e-01,  -3.08095521e-01,   2.87629430e-03,          5.06629485e+02],       [ -3.08095197e-01,   9.51355364e-01,   5.66180076e-04,         -1.65429132e+02],       [ -2.91081556e-03,  -3.47536433e-04,  -9.99995703e-01,          1.33914879e+02],       [  0.00000000e+00,   0.00000000e+00,   0.00000000e+00,          1.00000000e+00]])),{}]
["set_obj_matrix",('Mesh 1', array([[ -7.95824256e-01,  -6.05501638e-01,   5.61427278e-03,          5.32413991e+02],       [ -6.05500278e-01,   7.95842238e-01,   2.13224923e-03,          1.14214161e+01],       [ -5.75915581e-03,  -1.70254807e-03,  -9.99981967e-01,          1.35566666e+02],       [  0.00000000e+00,   0.00000000e+00,   0.00000000e+00,          1.00000000e+00]])),{}]
["set_obj_matrix",('Mesh 1', array([[ -6.81509152e-01,  -7.31778370e-01,   6.75966986e-03,          5.22536248e+02],       [ -7.31776248e-01,   6.81537202e-01,   3.25058033e-03,          1.01585955e+02],       [ -6.98567085e-03,  -2.73126560e-03,  -9.99971870e-01,          1.36416974e+02],       [  0.00000000e+00,   0.00000000e+00,   0.00000000e+00,          1.00000000e+00]])),{}]
["set_obj_matrix",('Mesh 1', array([[ -6.01829605e-01,  -7.98590617e-01,   7.35888107e-03,          5.09029605e+02],       [ -7.98587963e-01,   6.01864673e-01,   4.02255177e-03,          1.55285325e+02],       [ -7.64142264e-03,  -3.45582310e-03,  -9.99964832e-01,          1.36926098e+02],       [  0.00000000e+00,   0.00000000e+00,   0.00000000e+00,          1.00000000e+00]])),{}]
["set_obj_matrix",('Mesh 1', array([[ -5.00326258e-01,  -8.65800420e-01,   7.95408227e-03,          4.86233252e+02],       [ -8.65797090e-01,   5.00370265e-01,   4.99960987e-03,          2.15970523e+02],       [ -8.30865058e-03,  -4.38518518e-03,  -9.99955867e-01,          1.37504127e+02],       [  0.00000000e+00,   0.00000000e+00,   0.00000000e+00,          1.00000000e+00]])),{}]
["set_obj_matrix",('Mesh 1', array([[ -4.41105104e-01,  -8.97417715e-01,   8.23001052e-03,          4.70561025e+02],       [ -8.97413990e-01,   4.41154326e-01,   5.56696989e-03,          2.48100293e+02],       [ -8.62660214e-03,  -4.93010775e-03,  -9.99950637e-01,          1.37811443e+02],       [  0.00000000e+00,   0.00000000e+00,   0.00000000e+00,          1.00000000e+00]])),{}]
["set_obj_matrix",('Mesh 1', array([[ -3.42298621e-01,  -9.39551943e-01,   8.59066509e-03,          4.41097539e+02],       [ -9.39547560e-01,   3.42356546e-01,   6.50980436e-03,          2.97126880e+02],       [ -9.05736976e-03,  -5.84304138e-03,  -9.99941910e-01,          1.38282343e+02],       [  0.00000000e+00,   0.00000000e+00,   0.00000000e+00,          1.00000000e+00]])),{}]
["set_obj_matrix",('Mesh 1', array([[ -3.22974947e-01,  -9.46368004e-01,   8.64782320e-03,          4.34890607e+02],       [ -9.46363492e-01,   3.23034573e-01,   6.69369002e-03,          3.06100728e+02],       [ -9.12823994e-03,  -6.02208998e-03,  -9.99940203e-01,          1.38368825e+02],       [  0.00000000e+00,   0.00000000e+00,   0.00000000e+00,          1.00000000e+00]])),{}]
["set_obj_matrix",('Mesh 1', array([[ -3.30704968e-01,  -9.43694773e-01,   8.62545973e-03,          4.37390229e+02],       [ -9.43690313e-01,   3.30763914e-01,   6.62014945e-03,          3.02533962e+02],       [ -9.10039125e-03,  -5.95044648e-03,  -9.99940886e-01,          1.38334440e+02],       [  0.00000000e+00,   0.00000000e+00,   0.00000000e+00,          1.00000000e+00]])),{}]
["set_obj_matrix",('Mesh 1', array([[ -3.42298621e-01,  -9.39551943e-01,   8.59066509e-03,          4.41097539e+02],       [ -9.39547560e-01,   3.42356546e-01,   6.50980436e-03,          2.97126880e+02],       [ -9.05736976e-03,  -5.84304138e-03,  -9.99941910e-01,          1.38282343e+02],       [  0.00000000e+00,   0.00000000e+00,   0.00000000e+00,          1.00000000e+00]])),{}]
["set_obj_matrix",('Mesh 1', array([[ -3.72739343e-01,  -9.27897229e-01,   8.49200823e-03,          4.50588906e+02],       [ -9.27893049e-01,   3.72794587e-01,   6.21980247e-03,          2.82594617e+02],       [ -8.93711218e-03,  -5.56131033e-03,  -9.99944598e-01,          1.38142491e+02],       [  0.00000000e+00,   0.00000000e+00,   0.00000000e+00,          1.00000000e+00]])),{}]
["set_obj_matrix",('Mesh 1', array([[ -4.08669375e-01,  -9.12644195e-01,   8.36150463e-03,          4.61324466e+02],       [ -9.12640255e-01,   4.08721454e-01,   5.87697411e-03,          2.64796192e+02],       [ -8.78111264e-03,  -5.22930638e-03,  -9.99947772e-01,          1.37971524e+02],       [  0.00000000e+00,   0.00000000e+00,   0.00000000e+00,          1.00000000e+00]])),{}]
["set_obj_matrix",('Mesh 1', array([[ -4.29533829e-01,  -9.03012822e-01,   8.27845253e-03,          4.67316876e+02],       [ -9.03009020e-01,   4.29584071e-01,   5.67762014e-03,          2.54126839e+02],       [ -8.68325512e-03,  -5.03678739e-03,  -9.99949615e-01,          1.37869194e+02],       [  0.00000000e+00,   0.00000000e+00,   0.00000000e+00,          1.00000000e+00]])),{}]
["set_obj_matrix",('Mesh 1', array([[ -4.39724665e-01,  -8.98094866e-01,   8.23588034e-03,          4.70177020e+02],       [ -8.98091132e-01,   4.39774009e-01,   5.58017375e-03,          2.48823421e+02],       [ -8.63345152e-03,  -4.94283106e-03,  -9.99950515e-01,          1.37818370e+02],       [  0.00000000e+00,   0.00000000e+00,   0.00000000e+00,          1.00000000e+00]])),{}]
["set_obj_matrix",('Mesh 1', array([[ -4.47141125e-01,  -8.94425798e-01,   8.20405295e-03,          4.72230410e+02],       [ -8.94422113e-01,   4.47189816e-01,   5.50922446e-03,          2.44925000e+02],       [ -8.59636141e-03,  -4.87448555e-03,  -9.99951170e-01,          1.37781029e+02],       [  0.00000000e+00,   0.00000000e+00,   0.00000000e+00,          1.00000000e+00]])),{}]
["set_obj_matrix",('Mesh 1', array([[ -4.39724665e-01,  -8.98094866e-01,   8.23588034e-03,          4.70177020e+02],       [ -8.98091132e-01,   4.39774009e-01,   5.58017375e-03,          2.48823421e+02],       [ -8.63345152e-03,  -4.94283106e-03,  -9.99950515e-01,          1.37818370e+02],       [  0.00000000e+00,   0.00000000e+00,   0.00000000e+00,          1.00000000e+00]])),{}]
["save_ply",('%s',),{}]