["add_ply",('%s',),{}]
["set_obj_matrix",('Mesh 1', array([[ -9.99970611e-01,  -7.66667725e-03,   1.22461086e-16,          8.01685586e+02],       [ -7.66667725e-03,   9.99970611e-01,   9.38897216e-19,         -6.39997422e+02],       [ -1.22464685e-16,   0.00000000e+00,  -1.00000000e+00,          1.57268188e+02],       [  0.00000000e+00,   0.00000000e+00,   0.00000000e+00,          1.00000000e+00]])),{}]
["set_obj_matrix",('Mesh 1', array([[ -9.99722230e-01,  -2.35682735e-02,   1.22430668e-16,          8.11762104e+02],       [ -2.35682735e-02,   9.99722230e-01,   2.88628119e-18,         -6.27167255e+02],       [ -1.22464685e-16,   0.00000000e+00,  -1.00000000e+00,          1.57268188e+02],       [  0.00000000e+00,   0.00000000e+00,   0.00000000e+00,          1.00000000e+00]])),{}]
["set_obj_matrix",('Mesh 1', array([[ -9.92919966e-01,  -1.18785272e-01,   1.21597631e-16,          8.67864436e+02],       [ -1.18785272e-01,   9.92919966e-01,   1.45470010e-17,         -5.46907488e+02],       [ -1.22464685e-16,   0.00000000e+00,  -1.00000000e+00,          1.57268188e+02],       [  0.00000000e+00,   0.00000000e+00,   0.00000000e+00,          1.00000000e+00]])),{}]
["set_obj_matrix",('Mesh 1', array([[ -9.19914830e-01,  -3.92118228e-01,   1.12657080e-16,          9.86304424e+02],       [ -3.92118228e-01,   9.19914830e-01,   4.80206354e-17,         -2.81957553e+02],       [ -1.22464685e-16,   0.00000000e+00,  -1.00000000e+00,          1.57268188e+02],       [  0.00000000e+00,   0.00000000e+00,   0.00000000e+00,          1.00000000e+00]])),{}]
["set_obj_matrix",('Mesh 1', array([[ -8.15317973e-01,  -5.79013474e-01,   9.98476589e-17,          1.02372398e+03],       [ -5.79013474e-01,   8.15317973e-01,   7.09087028e-17,         -6.54651305e+01],       [ -1.22464685e-16,   0.00000000e+00,  -1.00000000e+00,          1.57268188e+02],       [  0.00000000e+00,   0.00000000e+00,   0.00000000e+00,          1.00000000e+00]])),{}]
["set_obj_matrix",('Mesh 1', array([[ -6.83911889e-01,  -7.29564615e-01,   8.37550543e-17,          1.01630032e+03],       [ -7.29564615e-01,   6.83911889e-01,   8.93459010e-17,          1.39392039e+02],       [ -1.22464685e-16,   0.00000000e+00,  -1.00000000e+00,          1.57268188e+02],       [  0.00000000e+00,   0.00000000e+00,   0.00000000e+00,          1.00000000e+00]])),{}]
["set_obj_matrix",('Mesh 1', array([[ -4.99980886e-01,  -8.66036439e-01,   6.12300018e-17,          9.57930145e+02],       [ -8.66036439e-01,   4.99980886e-01,   1.06058880e-16,          3.66969095e+02],       [ -1.22464685e-16,   0.00000000e+00,  -1.00000000e+00,          1.57268188e+02],       [  0.00000000e+00,   0.00000000e+00,   0.00000000e+00,          1.00000000e+00]])),{}]
["set_obj_matrix",('Mesh 1', array([[ -2.72390019e-01,  -9.62186925e-01,   3.33581579e-17,          8.38721120e+02],       [ -9.62186925e-01,   2.72390019e-01,   1.17833919e-16,          5.90629633e+02],       [ -1.22464685e-16,   0.00000000e+00,  -1.00000000e+00,          1.57268188e+02],       [  0.00000000e+00,   0.00000000e+00,   0.00000000e+00,          1.00000000e+00]])),{}]
["set_obj_matrix",('Mesh 1', array([[ -9.82982255e-02,  -9.95157002e-01,   1.20380612e-17,          7.21315336e+02],       [ -9.95157002e-01,   9.82982255e-02,   1.21871589e-16,          7.29383758e+02],       [ -1.22464685e-16,   0.00000000e+00,  -1.00000000e+00,          1.57268188e+02],       [  0.00000000e+00,   0.00000000e+00,   0.00000000e+00,          1.00000000e+00]])),{}]
["set_obj_matrix",('Mesh 1', array([[ -5.44478998e-03,  -9.99985177e-01,   6.66794491e-19,          6.50453466e+02],       [ -9.99985177e-01,   5.44478998e-03,   1.22462870e-16,          7.93225547e+02],       [ -1.22464685e-16,   0.00000000e+00,  -1.00000000e+00,          1.57268188e+02],       [  0.00000000e+00,   0.00000000e+00,   0.00000000e+00,          1.00000000e+00]])),{}]
["set_obj_matrix",('Mesh 1', array([[  7.42969411e-02,  -9.97236163e-01,  -9.09875151e-18,          5.85142607e+02],       [ -9.97236163e-01,  -7.42969411e-02,   1.22126213e-16,          8.42558371e+02],       [ -1.22464685e-16,   0.00000000e+00,  -1.00000000e+00,          1.57268188e+02],       [  0.00000000e+00,   0.00000000e+00,   0.00000000e+00,          1.00000000e+00]])),{}]
["set_obj_matrix",('Mesh 1', array([[  1.20869837e-01,  -9.92668365e-01,  -1.48022865e-17,          5.45084034e+02],       [ -9.92668365e-01,  -1.20869837e-01,   1.21566819e-16,          8.69010860e+02],       [ -1.22464685e-16,   0.00000000e+00,  -1.00000000e+00,          1.57268188e+02],       [  0.00000000e+00,   0.00000000e+00,   0.00000000e+00,          1.00000000e+00]])),{}]
["set_obj_matrix",('Mesh 1', array([[  1.35402222e-01,  -9.90790714e-01,  -1.65819906e-17,          5.32292081e+02],       [ -9.90790714e-01,  -1.35402222e-01,   1.21336873e-16,          8.76904567e+02],       [ -1.22464685e-16,   0.00000000e+00,  -1.00000000e+00,          1.57268188e+02],       [  0.00000000e+00,   0.00000000e+00,   0.00000000e+00,          1.00000000e+00]])),{}]
["set_obj_matrix",('Mesh 1', array([[  1.40222283e-01,  -9.90120049e-01,  -1.71722778e-17,          5.28018338e+02],       [ -9.90120049e-01,  -1.40222283e-01,   1.21254740e-16,          8.79484573e+02],       [ -1.22464685e-16,   0.00000000e+00,  -1.00000000e+00,          1.57268188e+02],       [  0.00000000e+00,   0.00000000e+00,   0.00000000e+00,          1.00000000e+00]])),{}]
["set_obj_matrix",('Mesh 1', array([[  1.64128773e-01,  -9.86438921e-01,  -2.00999786e-17,          5.06592246e+02],       [ -9.86438921e-01,  -1.64128773e-01,   1.20803932e-16,          8.91998193e+02],       [ -1.22464685e-16,   0.00000000e+00,  -1.00000000e+00,          1.57268188e+02],       [  0.00000000e+00,   0.00000000e+00,   0.00000000e+00,          1.00000000e+00]])),{}]
["set_obj_matrix",('Mesh 1', array([[  2.15450017e-01,  -9.76514869e-01,  -2.63850186e-17,          4.59289592e+02],       [ -9.76514869e-01,  -2.15450017e-01,   1.19588586e-16,          9.17251083e+02],       [ -1.22464685e-16,   0.00000000e+00,  -1.00000000e+00,          1.57268188e+02],       [  0.00000000e+00,   0.00000000e+00,   0.00000000e+00,          1.00000000e+00]])),{}]
["set_obj_matrix",('Mesh 1', array([[  2.77825910e-01,  -9.60631440e-01,  -3.40238626e-17,          3.99328586e+02],       [ -9.60631440e-01,  -2.77825910e-01,   1.17643427e-16,          9.44898492e+02],       [ -1.22464685e-16,   0.00000000e+00,  -1.00000000e+00,          1.57268188e+02],       [  0.00000000e+00,   0.00000000e+00,   0.00000000e+00,          1.00000000e+00]])),{}]
["set_obj_matrix",('Mesh 1', array([[  3.18465508e-01,  -9.47934449e-01,  -3.90007782e-17,          3.58744927e+02],       [ -9.47934449e-01,  -3.18465508e-01,   1.16088494e-16,          9.61040351e+02],       [ -1.22464685e-16,   0.00000000e+00,  -1.00000000e+00,          1.57268188e+02],       [  0.00000000e+00,   0.00000000e+00,   0.00000000e+00,          1.00000000e+00]])),{}]
["set_obj_matrix",('Mesh 1', array([[  3.52465897e-01,  -9.35824659e-01,  -4.31646251e-17,          3.23830497e+02],       [ -9.35824659e-01,  -3.52465897e-01,   1.14605472e-16,          9.73360308e+02],       [ -1.22464685e-16,   0.00000000e+00,  -1.00000000e+00,          1.57268188e+02],       [  0.00000000e+00,   0.00000000e+00,   0.00000000e+00,          1.00000000e+00]])),{}]
["set_obj_matrix",('Mesh 1', array([[  3.79483311e-01,  -9.25198582e-01,  -4.64733043e-17,          2.95438455e+02],       [ -9.25198582e-01,  -3.79483311e-01,   1.13304153e-16,          9.82350548e+02],       [ -1.22464685e-16,   0.00000000e+00,  -1.00000000e+00,          1.57268188e+02],       [  0.00000000e+00,   0.00000000e+00,   0.00000000e+00,          1.00000000e+00]])),{}]
["set_obj_matrix",('Mesh 1', array([[  4.51752179e-01,  -8.92143469e-01,  -5.53236884e-17,          2.16500115e+02],       [ -8.92143469e-01,  -4.51752179e-01,   1.09256069e-16,          1.00270842e+03],       [ -1.22464685e-16,   0.00000000e+00,  -1.00000000e+00,          1.57268188e+02],       [  0.00000000e+00,   0.00000000e+00,   0.00000000e+00,          1.00000000e+00]])),{}]
["set_obj_matrix",('Mesh 1', array([[  5.45182853e-01,  -8.38317158e-01,  -6.67656465e-17,          1.07280205e+02],       [ -8.38317158e-01,  -5.45182853e-01,   1.02664247e-16,          1.02018990e+03],       [ -1.22464685e-16,   0.00000000e+00,  -1.00000000e+00,          1.57268188e+02],       [  0.00000000e+00,   0.00000000e+00,   0.00000000e+00,          1.00000000e+00]])),{}]
["set_obj_matrix",('Mesh 1', array([[  6.57210877e-01,  -7.53706749e-01,  -8.04851232e-17,         -3.66476147e+01],       [ -7.53706749e-01,  -6.57210877e-01,   9.23024598e-17,          1.02516020e+03],       [ -1.22464685e-16,   0.00000000e+00,  -1.00000000e+00,          1.57268188e+02],       [  0.00000000e+00,   0.00000000e+00,   0.00000000e+00,          1.00000000e+00]])),{}]
["set_obj_matrix",('Mesh 1', array([[  6.72305052e-01,  -7.40274218e-01,  -8.23336266e-17,         -5.73530728e+01],       [ -7.40274218e-01,  -6.72305052e-01,   9.06574491e-17,          1.02421048e+03],       [ -1.22464685e-16,   0.00000000e+00,  -1.00000000e+00,          1.57268188e+02],       [  0.00000000e+00,   0.00000000e+00,   0.00000000e+00,          1.00000000e+00]])),{}]
["set_obj_matrix",('Mesh 1', array([[  6.80648721e-01,  -7.32609936e-01,  -8.33554314e-17,         -6.89530187e+01],       [ -7.32609936e-01,  -6.80648721e-01,   8.97188453e-17,          1.02349497e+03],       [ -1.22464685e-16,   0.00000000e+00,  -1.00000000e+00,          1.57268188e+02],       [  0.00000000e+00,   0.00000000e+00,   0.00000000e+00,          1.00000000e+00]])),{}]
["set_obj_matrix",('Mesh 1', array([[  6.84798620e-01,  -7.28732358e-01,  -8.38636475e-17,         -7.47648732e+01],       [ -7.28732358e-01,  -6.84798620e-01,   8.92439788e-17,          1.02308685e+03],       [ -1.22464685e-16,   0.00000000e+00,  -1.00000000e+00,          1.57268188e+02],       [  0.00000000e+00,   0.00000000e+00,   0.00000000e+00,          1.00000000e+00]])),{}]
["set_obj_matrix",('Mesh 1', array([[  7.12447077e-01,  -7.01725845e-01,  -8.72496071e-17,         -1.14243509e+02],       [ -7.01725845e-01,  -7.12447077e-01,   8.59366348e-17,          1.01943362e+03],       [ -1.22464685e-16,   0.00000000e+00,  -1.00000000e+00,          1.57268188e+02],       [  0.00000000e+00,   0.00000000e+00,   0.00000000e+00,          1.00000000e+00]])),{}]
["set_obj_matrix",('Mesh 1', array([[  7.70462373e-01,  -6.37485476e-01,  -9.43544320e-17,         -2.01974808e+02],       [ -6.37485476e-01,  -7.70462373e-01,   7.80694582e-17,          1.00573488e+03],       [ -1.22464685e-16,   0.00000000e+00,  -1.00000000e+00,          1.57268188e+02],       [  0.00000000e+00,   0.00000000e+00,   0.00000000e+00,          1.00000000e+00]])),{}]
["set_obj_matrix",('Mesh 1', array([[  8.37412684e-01,  -5.46571127e-01,  -1.02553481e-16,         -3.14059851e+02],       [ -5.46571127e-01,  -8.37412684e-01,   6.69356610e-17,          9.76556649e+02],       [ -1.22464685e-16,   0.00000000e+00,  -1.00000000e+00,          1.57268188e+02],       [  0.00000000e+00,   0.00000000e+00,   0.00000000e+00,          1.00000000e+00]])),{}]
["set_obj_matrix",('Mesh 1', array([[  8.54699121e-01,  -5.19123698e-01,  -1.04670459e-16,         -3.45567379e+02],       [ -5.19123698e-01,  -8.54699121e-01,   6.35743202e-17,          9.65856959e+02],       [ -1.22464685e-16,   0.00000000e+00,  -1.00000000e+00,          1.57268188e+02],       [  0.00000000e+00,   0.00000000e+00,   0.00000000e+00,          1.00000000e+00]])),{}]
["set_obj_matrix",('Mesh 1', array([[  8.53830630e-01,  -5.20550915e-01,  -1.04564099e-16,         -3.43953244e+02],       [ -5.20550915e-01,  -8.53830630e-01,   6.37491040e-17,          9.66432949e+02],       [ -1.22464685e-16,   0.00000000e+00,  -1.00000000e+00,          1.57268188e+02],       [  0.00000000e+00,   0.00000000e+00,   0.00000000e+00,          1.00000000e+00]])),{}]
["set_obj_matrix",('Mesh 1', array([[  8.52954308e-01,  -5.21985583e-01,  -1.04456781e-16,         -3.42328055e+02],       [ -5.21985583e-01,  -8.52954308e-01,   6.39248001e-17,          9.67009815e+02],       [ -1.22464685e-16,   0.00000000e+00,  -1.00000000e+00,          1.57268188e+02],       [  0.00000000e+00,   0.00000000e+00,   0.00000000e+00,          1.00000000e+00]])),{}]
["set_obj_matrix",('Mesh 1', array([[  8.49368908e-01,  -5.27799638e-01,  -1.04017696e-16,         -3.35714762e+02],       [ -5.27799638e-01,  -8.49368908e-01,   6.46368166e-17,          9.69325579e+02],       [ -1.22464685e-16,   0.00000000e+00,  -1.00000000e+00,          1.57268188e+02],       [  0.00000000e+00,   0.00000000e+00,   0.00000000e+00,          1.00000000e+00]])),{}]
["set_obj_matrix",('Mesh 1', array([[  8.46780579e-01,  -5.31942338e-01,  -1.03700717e-16,         -3.30975797e+02],       [ -5.31942338e-01,  -8.46780579e-01,   6.51441509e-17,          9.70953913e+02],       [ -1.22464685e-16,   0.00000000e+00,  -1.00000000e+00,          1.57268188e+02],       [  0.00000000e+00,   0.00000000e+00,   0.00000000e+00,          1.00000000e+00]])),{}]
["set_obj_matrix",('Mesh 1', array([[  8.45847030e-01,  -5.33425536e-01,  -1.03586390e-16,         -3.29273654e+02],       [ -5.33425536e-01,  -8.45847030e-01,   6.53257904e-17,          9.71532470e+02],       [ -1.22464685e-16,   0.00000000e+00,  -1.00000000e+00,          1.57268188e+02],       [  0.00000000e+00,   0.00000000e+00,   0.00000000e+00,          1.00000000e+00]])),{}]
["set_obj_matrix",('Mesh 1', array([[  8.38592484e-01,  -5.44759255e-01,  -1.02697965e-16,         -3.16170559e+02],       [ -5.44759255e-01,  -8.38592484e-01,   6.67137707e-17,          9.75875329e+02],       [ -1.22464685e-16,   0.00000000e+00,  -1.00000000e+00,          1.57268188e+02],       [  0.00000000e+00,   0.00000000e+00,   0.00000000e+00,          1.00000000e+00]])),{}]
["set_obj_matrix",('Mesh 1', array([[  8.32089246e-01,  -5.54641765e-01,  -1.01901548e-16,         -3.04603733e+02],       [ -5.54641765e-01,  -8.32089246e-01,   6.79240292e-17,          9.79547367e+02],       [ -1.22464685e-16,   0.00000000e+00,  -1.00000000e+00,          1.57268188e+02],       [  0.00000000e+00,   0.00000000e+00,   0.00000000e+00,          1.00000000e+00]])),{}]
["set_obj_matrix",('Mesh 1', array([[  8.17367891e-01,  -5.76116074e-01,  -1.00098702e-16,         -2.78999329e+02],       [ -5.76116074e-01,  -8.17367891e-01,   7.05538737e-17,          9.87145305e+02],       [ -1.22464685e-16,   0.00000000e+00,  -1.00000000e+00,          1.57268188e+02],       [  0.00000000e+00,   0.00000000e+00,   0.00000000e+00,          1.00000000e+00]])),{}]
["set_obj_matrix",('Mesh 1', array([[  8.03521745e-01,  -5.95275403e-01,  -9.84030376e-17,         -2.55588019e+02],       [ -5.95275403e-01,  -8.03521745e-01,   7.29002148e-17,          9.93464264e+02],       [ -1.22464685e-16,   0.00000000e+00,  -1.00000000e+00,          1.57268188e+02],       [  0.00000000e+00,   0.00000000e+00,   0.00000000e+00,          1.00000000e+00]])),{}]
["set_obj_matrix",('Mesh 1', array([[  7.95265674e-01,  -6.06261089e-01,  -9.73919604e-17,         -2.41911825e+02],       [ -6.06261089e-01,  -7.95265674e-01,   7.42455735e-17,          9.96882715e+02],       [ -1.22464685e-16,   0.00000000e+00,  -1.00000000e+00,          1.57268188e+02],       [  0.00000000e+00,   0.00000000e+00,   0.00000000e+00,          1.00000000e+00]])),{}]
["set_obj_matrix",('Mesh 1', array([[  7.91294792e-01,  -6.11434830e-01,  -9.69056677e-17,         -2.35405121e+02],       [ -6.11434830e-01,  -7.91294792e-01,   7.48791741e-17,          9.98439236e+02],       [ -1.22464685e-16,   0.00000000e+00,  -1.00000000e+00,          1.57268188e+02],       [  0.00000000e+00,   0.00000000e+00,   0.00000000e+00,          1.00000000e+00]])),{}]
["set_obj_matrix",('Mesh 1', array([[  7.89350623e-01,  -6.13942664e-01,  -9.66675756e-17,         -2.32235720e+02],       [ -6.13942664e-01,  -7.89350623e-01,   7.51862951e-17,          9.99181190e+02],       [ -1.22464685e-16,   0.00000000e+00,  -1.00000000e+00,          1.57268188e+02],       [  0.00000000e+00,   0.00000000e+00,   0.00000000e+00,          1.00000000e+00]])),{}]
["set_obj_matrix",('Mesh 1', array([[  7.87993745e-01,  -6.15683244e-01,  -9.65014060e-17,         -2.30029988e+02],       [ -6.15683244e-01,  -7.87993745e-01,   7.53994548e-17,          9.99691294e+02],       [ -1.22464685e-16,   0.00000000e+00,  -1.00000000e+00,          1.57268188e+02],       [  0.00000000e+00,   0.00000000e+00,   0.00000000e+00,          1.00000000e+00]])),{}]
["set_obj_matrix",('Mesh 1', array([[  7.86190058e-01,  -6.17984783e-01,  -9.62805181e-17,         -2.27105809e+02],       [ -6.17984783e-01,  -7.86190058e-01,   7.56813119e-17,          1.00035965e+03],       [ -1.22464685e-16,   0.00000000e+00,  -1.00000000e+00,          1.57268188e+02],       [  0.00000000e+00,   0.00000000e+00,   0.00000000e+00,          1.00000000e+00]])),{}]
["add_polygon_ray",(array([  191.15139771,  1072.84838867,  -650.40472412], dtype=float32), array([  191.15139771,  1072.84838867,   964.94110107], dtype=float32), array([  1.97822824e-13,   0.00000000e+00,   1.61534583e+03], dtype=float32)),{}]
["add_polygon_ray",(array([ 100.51585388,  638.64837646, -650.40472412], dtype=float32), array([ 100.51585388,  638.64837646,  964.94110107], dtype=float32), array([  1.97822824e-13,   0.00000000e+00,   1.61534583e+03], dtype=float32)),{}]
["add_polygon_ray",(array([ 668.96624756,  426.04803467, -650.40472412], dtype=float32), array([ 668.96624756,  426.04803467,  964.94110107], dtype=float32), array([  1.97822824e-13,   0.00000000e+00,   1.61534583e+03], dtype=float32)),{}]
["add_polygon_ray",(array([ 837.35852051,  441.61810303, -650.40472412], dtype=float32), array([ 837.35852051,  441.61810303,  964.94110107], dtype=float32), array([  1.97822824e-13,   0.00000000e+00,   1.61534583e+03], dtype=float32)),{}]
["add_polygon_ray",(array([ 906.50415039,  498.21731567, -650.40472412], dtype=float32), array([ 906.50415039,  498.21731567,  964.94110107], dtype=float32), array([  1.97822824e-13,   0.00000000e+00,   1.61534583e+03], dtype=float32)),{}]
["add_polygon_ray",(array([ 921.23620605,  663.3371582 , -650.40472412], dtype=float32), array([ 921.23620605,  663.3371582 ,  964.94110107], dtype=float32), array([  1.97822824e-13,   0.00000000e+00,   1.61534583e+03], dtype=float32)),{}]
["add_polygon_ray",(array([ 888.78430176,  799.79705811, -650.40472412], dtype=float32), array([ 888.78430176,  799.79705811,  964.94110107], dtype=float32), array([  1.97822824e-13,   0.00000000e+00,   1.61534583e+03], dtype=float32)),{}]
["add_polygon_ray",(array([  889.37548828,  1025.34399414,  -650.40472412], dtype=float32), array([  889.37548828,  1025.34399414,   964.94110107], dtype=float32), array([  1.97822824e-13,   0.00000000e+00,   1.61534583e+03], dtype=float32)),{}]
["add_polygon_ray",(array([  852.93054199,  1156.72399902,  -650.40472412], dtype=float32), array([  852.93054199,  1156.72399902,   964.94110107], dtype=float32), array([  1.97822824e-13,   0.00000000e+00,   1.61534583e+03], dtype=float32)),{}]
["add_polygon_ray",(array([  732.64379883,  1238.94750977,  -650.40472412], dtype=float32), array([  732.64379883,  1238.94750977,   964.94110107], dtype=float32), array([  1.97822824e-13,   0.00000000e+00,   1.61534583e+03], dtype=float32)),{}]
["add_polygon_ray",(array([  413.65072632,  1251.35266113,  -650.40472412], dtype=float32), array([  413.65072632,  1251.35266113,   964.94110107], dtype=float32), array([  1.97822824e-13,   0.00000000e+00,   1.61534583e+03], dtype=float32)),{}]
["select_region_polygon",(),{}]
["crop_selection",(),{}]
["save_ply",('%s',),{}]