["add_ply",('%s',),{}]
["add_polygon_ray",(array([ 553.84985352,  187.51898193, -272.36703491], dtype=float32), array([ 553.84985352,  187.51898193,  422.12844849], dtype=float32), array([  8.50511678e-14,   0.00000000e+00,   6.94495483e+02], dtype=float32)),{}]
["add_polygon_ray",(array([ 492.73428345,  291.69329834, -272.36703491], dtype=float32), array([ 492.73428345,  291.69329834,  422.12844849], dtype=float32), array([  8.50511678e-14,   0.00000000e+00,   6.94495483e+02], dtype=float32)),{}]
["add_polygon_ray",(array([ 478.84436035,  379.19973755, -272.36703491], dtype=float32), array([ 478.84439087,  379.19973755,  422.12844849], dtype=float32), array([  8.50511678e-14,   0.00000000e+00,   6.94495483e+02], dtype=float32)),{}]
["add_polygon_ray",(array([ 509.40216064,  405.59057617, -272.36703491], dtype=float32), array([ 509.40219116,  405.59057617,  422.12844849], dtype=float32), array([  8.50511678e-14,   0.00000000e+00,   6.94495483e+02], dtype=float32)),{}]
["add_polygon_ray",(array([ 483.01135254,  509.76489258, -272.36703491], dtype=float32), array([ 483.01135254,  509.76489258,  422.12844849], dtype=float32), array([  8.50511678e-14,   0.00000000e+00,   6.94495483e+02], dtype=float32)),{}]
["add_polygon_ray",(array([ 309.38748169,  609.7722168 , -272.36703491], dtype=float32), array([ 309.38748169,  609.7722168 ,  422.12844849], dtype=float32), array([  8.50511678e-14,   0.00000000e+00,   6.94495483e+02], dtype=float32)),{}]
["add_polygon_ray",(array([  39.92321777,  504.20892334, -272.36703491], dtype=float32), array([  39.92321777,  504.20892334,  422.12844849], dtype=float32), array([  8.50511678e-14,   0.00000000e+00,   6.94495483e+02], dtype=float32)),{}]
["add_polygon_ray",(array([ -12.85845947,  330.58505249, -272.36703491], dtype=float32), array([ -12.85845947,  330.58505249,  422.12844849], dtype=float32), array([  8.50511678e-14,   0.00000000e+00,   6.94495483e+02], dtype=float32)),{}]
["add_polygon_ray",(array([  48.25717163,   31.95199585, -272.36703491], dtype=float32), array([  48.25717163,   31.95199585,  422.12844849], dtype=float32), array([  8.50511678e-14,   0.00000000e+00,   6.94495483e+02], dtype=float32)),{}]
["add_polygon_ray",(array([ 327.44433594,   -6.9397583 , -272.36703491], dtype=float32), array([ 327.44436646,   -6.9397583 ,  422.12844849], dtype=float32), array([  8.50511678e-14,   0.00000000e+00,   6.94495483e+02], dtype=float32)),{}]
["add_polygon_ray",(array([ 537.18200684,   72.23272705, -272.36703491], dtype=float32), array([ 537.18200684,   72.23272705,  422.12844849], dtype=float32), array([  8.50511678e-14,   0.00000000e+00,   6.94495483e+02], dtype=float32)),{}]
["select_region_polygon",(),{}]
["crop_selection",(),{}]
["set_obj_matrix",('Mesh 1', array([[ -9.99941823e-01,  -1.07866046e-02,   1.22457561e-16,          3.14024619e+02],       [ -1.07866046e-02,   9.99941823e-01,   1.32097814e-18,         -2.99435398e+02],       [ -1.22464685e-16,   0.00000000e+00,  -1.00000000e+00,          7.48807068e+01],       [  0.00000000e+00,   0.00000000e+00,   0.00000000e+00,          1.00000000e+00]])),{}]
["set_obj_matrix",('Mesh 1', array([[ -9.99428399e-01,  -3.38064239e-02,   1.22394684e-16,          3.20835581e+02],       [ -3.38064239e-02,   9.99428399e-01,   4.14009306e-18,         -2.92125912e+02],       [ -1.22464685e-16,   0.00000000e+00,  -1.00000000e+00,          7.48807068e+01],       [  0.00000000e+00,   0.00000000e+00,   0.00000000e+00,          1.00000000e+00]])),{}]
["set_obj_matrix",('Mesh 1', array([[ -9.53039194e-01,  -3.02846983e-01,   1.16713645e-16,          3.87885798e+02],       [ -3.02846983e-01,   9.53039194e-01,   3.70880605e-17,         -1.94467546e+02],       [ -1.22464685e-16,   0.00000000e+00,  -1.00000000e+00,          7.48807068e+01],       [  0.00000000e+00,   0.00000000e+00,   0.00000000e+00,          1.00000000e+00]])),{}]
["set_obj_matrix",('Mesh 1', array([[ -8.28861654e-01,  -5.59453625e-01,   1.01506282e-16,          4.26996177e+02],       [ -5.59453625e-01,   8.28861654e-01,   6.85133122e-17,         -7.71186328e+01],       [ -1.22464685e-16,   0.00000000e+00,  -1.00000000e+00,          7.48807068e+01],       [  0.00000000e+00,   0.00000000e+00,   0.00000000e+00,          1.00000000e+00]])),{}]
["set_obj_matrix",('Mesh 1', array([[ -5.52074523e-01,  -8.33794772e-01,   6.76096327e-17,          4.24049188e+02],       [ -8.33794772e-01,   5.52074523e-01,   1.02110414e-16,          9.19527299e+01],       [ -1.22464685e-16,   0.00000000e+00,  -1.00000000e+00,          7.48807068e+01],       [  0.00000000e+00,   0.00000000e+00,   0.00000000e+00,          1.00000000e+00]])),{}]
["set_obj_matrix",('Mesh 1', array([[ -1.69897276e-01,  -9.85461778e-01,   2.08064165e-17,          3.51203061e+02],       [ -9.85461778e-01,   1.69897276e-01,   1.20684266e-16,          2.54812537e+02],       [ -1.22464685e-16,   0.00000000e+00,  -1.00000000e+00,          7.48807068e+01],       [  0.00000000e+00,   0.00000000e+00,   0.00000000e+00,          1.00000000e+00]])),{}]
["set_obj_matrix",('Mesh 1', array([[  3.98238501e-02,  -9.99206716e-01,  -4.87701527e-18,          2.90188711e+02],       [ -9.99206716e-01,  -3.98238501e-02,   1.22367536e-16,          3.22588795e+02],       [ -1.22464685e-16,   0.00000000e+00,  -1.00000000e+00,          7.48807068e+01],       [  0.00000000e+00,   0.00000000e+00,   0.00000000e+00,          1.00000000e+00]])),{}]
["set_obj_matrix",('Mesh 1', array([[  1.11661344e-01,  -9.93746318e-01,  -1.36745714e-17,          2.66209872e+02],       [ -9.93746318e-01,  -1.11661344e-01,   1.21698830e-16,          3.42644601e+02],       [ -1.22464685e-16,   0.00000000e+00,  -1.00000000e+00,          7.48807068e+01],       [  0.00000000e+00,   0.00000000e+00,   0.00000000e+00,          1.00000000e+00]])),{}]
["set_obj_matrix",('Mesh 1', array([[  1.15382212e-01,  -9.93321169e-01,  -1.41302463e-17,          2.64924777e+02],       [ -9.93321169e-01,  -1.15382212e-01,   1.21646764e-16,          3.43639173e+02],       [ -1.22464685e-16,   0.00000000e+00,  -1.00000000e+00,          7.48807068e+01],       [  0.00000000e+00,   0.00000000e+00,   0.00000000e+00,          1.00000000e+00]])),{}]
["set_obj_matrix",('Mesh 1', array([[  1.11661344e-01,  -9.93746318e-01,  -1.36745714e-17,          2.66209872e+02],       [ -9.93746318e-01,  -1.11661344e-01,   1.21698830e-16,          3.42644601e+02],       [ -1.22464685e-16,   0.00000000e+00,  -1.00000000e+00,          7.48807068e+01],       [  0.00000000e+00,   0.00000000e+00,   0.00000000e+00,          1.00000000e+00]])),{}]
["set_obj_matrix",('Mesh 1', array([[  1.15382212e-01,  -9.93321169e-01,  -1.41302463e-17,          2.64924777e+02],       [ -9.93321169e-01,  -1.15382212e-01,   1.21646764e-16,          3.43639173e+02],       [ -1.22464685e-16,   0.00000000e+00,  -1.00000000e+00,          7.48807068e+01],       [  0.00000000e+00,   0.00000000e+00,   0.00000000e+00,          1.00000000e+00]])),{}]
["set_obj_matrix",('Mesh 1', array([[  1.55758027e-01,  -9.87795240e-01,  -1.90748577e-17,          2.50703644e+02],       [ -9.87795240e-01,  -1.55758027e-01,   1.20970033e-16,          3.54147853e+02],       [ -1.22464685e-16,   0.00000000e+00,  -1.00000000e+00,          7.48807068e+01],       [  0.00000000e+00,   0.00000000e+00,   0.00000000e+00,          1.00000000e+00]])),{}]
["set_obj_matrix",('Mesh 1', array([[  2.00766900e-01,  -9.79639042e-01,  -2.45868552e-17,          2.34246206e+02],       [ -9.79639042e-01,  -2.00766900e-01,   1.19971187e-16,          3.65242021e+02],       [ -1.22464685e-16,   0.00000000e+00,  -1.00000000e+00,          7.48807068e+01],       [  0.00000000e+00,   0.00000000e+00,   0.00000000e+00,          1.00000000e+00]])),{}]
["set_obj_matrix",('Mesh 1', array([[  2.29820323e-01,  -9.73233075e-01,  -2.81448735e-17,          2.23277326e+02],       [ -9.73233075e-01,  -2.29820323e-01,   1.19186682e-16,          3.72048726e+02],       [ -1.22464685e-16,   0.00000000e+00,  -1.00000000e+00,          7.48807068e+01],       [  0.00000000e+00,   0.00000000e+00,   0.00000000e+00,          1.00000000e+00]])),{}]
["set_obj_matrix",('Mesh 1', array([[  2.86147093e-01,  -9.58185703e-01,  -3.50429137e-17,          2.01215868e+02],       [ -9.58185703e-01,  -2.86147093e-01,   1.17343911e-16,          3.84428398e+02],       [ -1.22464685e-16,   0.00000000e+00,  -1.00000000e+00,          7.48807068e+01],       [  0.00000000e+00,   0.00000000e+00,   0.00000000e+00,          1.00000000e+00]])),{}]
["set_obj_matrix",('Mesh 1', array([[  3.17934540e-01,  -9.48112667e-01,  -3.89357533e-17,          1.88286910e+02],       [ -9.48112667e-01,  -3.17934540e-01,   1.16110319e-16,          3.90923341e+02],       [ -1.22464685e-16,   0.00000000e+00,  -1.00000000e+00,          7.48807068e+01],       [  0.00000000e+00,   0.00000000e+00,   0.00000000e+00,          1.00000000e+00]])),{}]
["set_obj_matrix",('Mesh 1', array([[  3.21092322e-01,  -9.47047898e-01,  -3.93224702e-17,          1.86983128e+02],       [ -9.47047898e-01,  -3.21092322e-01,   1.15979923e-16,          3.91548629e+02],       [ -1.22464685e-16,   0.00000000e+00,  -1.00000000e+00,          7.48807068e+01],       [  0.00000000e+00,   0.00000000e+00,   0.00000000e+00,          1.00000000e+00]])),{}]
["set_obj_matrix",('Mesh 1', array([[  3.14763466e-01,  -9.49170143e-01,  -3.85474088e-17,          1.89592614e+02],       [ -9.49170143e-01,  -3.14763466e-01,   1.16239823e-16,          3.90291762e+02],       [ -1.22464685e-16,   0.00000000e+00,  -1.00000000e+00,          7.48807068e+01],       [  0.00000000e+00,   0.00000000e+00,   0.00000000e+00,          1.00000000e+00]])),{}]
["set_obj_matrix",('Mesh 1', array([[  3.00132572e-01,  -9.53897499e-01,  -3.67556410e-17,          1.95571020e+02],       [ -9.53897499e-01,  -3.00132572e-01,   1.16818757e-16,          3.87330601e+02],       [ -1.22464685e-16,   0.00000000e+00,  -1.00000000e+00,          7.48807068e+01],       [  0.00000000e+00,   0.00000000e+00,   0.00000000e+00,          1.00000000e+00]])),{}]
["set_obj_matrix",('Mesh 1', array([[  2.83713121e-01,  -9.58909206e-01,  -3.47448381e-17,          2.02191370e+02],       [ -9.58909206e-01,  -2.83713121e-01,   1.17432514e-16,          3.83916226e+02],       [ -1.22464685e-16,   0.00000000e+00,  -1.00000000e+00,          7.48807068e+01],       [  0.00000000e+00,   0.00000000e+00,   0.00000000e+00,          1.00000000e+00]])),{}]
["set_obj_matrix",('Mesh 1', array([[  2.80390051e-01,  -9.59886149e-01,  -3.43378793e-17,          2.03519926e+02],       [ -9.59886149e-01,  -2.80390051e-01,   1.17552155e-16,          3.83213594e+02],       [ -1.22464685e-16,   0.00000000e+00,  -1.00000000e+00,          7.48807068e+01],       [  0.00000000e+00,   0.00000000e+00,   0.00000000e+00,          1.00000000e+00]])),{}]
["set_obj_matrix",('Mesh 1', array([[  2.81775110e-01,  -9.59480478e-01,  -3.45075001e-17,          2.02966643e+02],       [ -9.59480478e-01,  -2.81775110e-01,   1.17502475e-16,          3.83506924e+02],       [ -1.22464685e-16,   0.00000000e+00,  -1.00000000e+00,          7.48807068e+01],       [  0.00000000e+00,   0.00000000e+00,   0.00000000e+00,          1.00000000e+00]])),{}]
["set_obj_matrix",('Mesh 1', array([[  2.69680499e-01,  -9.62949858e-01,  -3.30263375e-17,          2.07775909e+02],       [ -9.62949858e-01,  -2.69680499e-01,   1.17927351e-16,          3.80922814e+02],       [ -1.22464685e-16,   0.00000000e+00,  -1.00000000e+00,          7.48807068e+01],       [  0.00000000e+00,   0.00000000e+00,   0.00000000e+00,          1.00000000e+00]])),{}]
["save_ply",('%s',),{}]