["add_ply",('%s',),{}]
["add_polygon_ray",(array([ 431.41119385,  478.74398804, -176.24963379], dtype=float32), array([ 431.41122437,  478.74398804,  469.38549805], dtype=float32), array([  7.90675034e-14,   0.00000000e+00,   6.45635132e+02], dtype=float32)),{}]
["add_polygon_ray",(array([ 322.94451904,  544.59875488, -176.24963379], dtype=float32), array([ 322.94451904,  544.59875488,  469.38549805], dtype=float32), array([  7.90675034e-14,   0.00000000e+00,   6.45635132e+02], dtype=float32)),{}]
["add_polygon_ray",(array([ 187.36112976,  532.97735596, -176.24963379], dtype=float32), array([ 187.36112976,  532.97735596,  469.38549805], dtype=float32), array([  7.90675034e-14,   0.00000000e+00,   6.45635132e+02], dtype=float32)),{}]
["add_polygon_ray",(array([ 121.50634766,  495.53051758, -176.24963379], dtype=float32), array([ 121.50634766,  495.53051758,  469.38549805], dtype=float32), array([  7.90675034e-14,   0.00000000e+00,   6.45635132e+02], dtype=float32)),{}]
["add_polygon_ray",(array([ 173.20114136,  249.97608948, -176.33178711], dtype=float32), array([ 175.44464111,  243.21142578,  469.26397705], dtype=float32), array([   2.24349093,   -6.76465607,  645.59576416], dtype=float32)),{}]
["add_polygon_ray",(array([  96.92112732,  221.82444763, -176.36169434], dtype=float32), array([  99.16462708,  215.05978394,  469.23410034], dtype=float32), array([   2.24349093,   -6.76465607,  645.59576416], dtype=float32)),{}]
["add_polygon_ray",(array([  42.51829529,  171.64918518, -176.69839478], dtype=float32), array([  44.76177979,  164.88452148,  468.8973999 ], dtype=float32), array([   2.24349093,   -6.76465607,  645.59576416], dtype=float32)),{}]
["add_polygon_ray",(array([ 102.89320374,   78.48054504, -177.88442993], dtype=float32), array([ 105.13668823,   71.71588135,  467.71136475], dtype=float32), array([   2.24349093,   -6.76465607,  645.59576416], dtype=float32)),{}]
["add_polygon_ray",(array([ 258.63815308,   33.29602051, -176.30041504], dtype=float32), array([ 263.51663208,   33.21907043,  469.31628418], dtype=float32), array([  4.87848568e+00,  -7.69564882e-02,   6.45616699e+02], dtype=float32)),{}]
["add_polygon_ray",(array([ 398.07019043,   79.84532166, -177.34844971], dtype=float32), array([ 402.94866943,   79.76835632,  468.26824951], dtype=float32), array([  4.87848568e+00,  -7.69564882e-02,   6.45616699e+02], dtype=float32)),{}]
["add_polygon_ray",(array([ 493.57623291,  179.31666565, -178.05825806], dtype=float32), array([ 498.45471191,  179.23971558,  467.55841064], dtype=float32), array([  4.87848568e+00,  -7.69564882e-02,   6.45616699e+02], dtype=float32)),{}]
["add_polygon_ray",(array([ 544.03344727,  353.84887695, -177.92660522], dtype=float32), array([ 546.83764648,  357.73406982,  467.69073486], dtype=float32), array([   2.80419469,    3.88519168,  645.61737061], dtype=float32)),{}]
["select_region_polygon",(),{}]
["crop_selection",(),{}]
["transform_mesh",(array([[ 0.,  1.,  0.],       [ 1.,  0.,  0.],       [ 0.,  0.,  1.]], dtype=float32), array([ 0.,  0.,  0.], dtype=float32)),{'reverse': True}]
["set_obj_matrix",('Mesh 1', array([[ -9.99995890e-01,  -2.86704624e-03,   1.72354399e-05,          2.57899698e+02],       [ -2.86704603e-03,   9.99995890e-01,   1.24775514e-05,         -2.83025751e+02],       [ -1.72711427e-05,   1.24280853e-05,  -1.00000000e+00,          1.46568846e+02],       [  0.00000000e+00,   0.00000000e+00,   0.00000000e+00,          1.00000000e+00]])),{}]
["set_obj_matrix",('Mesh 1', array([[ -9.99985786e-01,  -5.33170067e-03,   3.20233350e-05,          2.58594309e+02],       [ -5.33169993e-03,   9.99985786e-01,   2.32434093e-05,         -2.82390825e+02],       [ -3.21468067e-05,   2.30723401e-05,  -9.99999999e-01,          1.46569650e+02],       [  0.00000000e+00,   0.00000000e+00,   0.00000000e+00,          1.00000000e+00]])),{}]
["set_obj_matrix",('Mesh 1', array([[ -9.98907893e-01,  -4.67219917e-02,   2.76419802e-04,          2.70026372e+02],       [ -4.67219346e-02,   9.98907912e-01,   2.09505479e-04,         -2.71471261e+02],       [ -2.85906440e-04,   1.96361808e-04,  -9.99999940e-01,          1.46585707e+02],       [  0.00000000e+00,   0.00000000e+00,   0.00000000e+00,          1.00000000e+00]])),{}]
["set_obj_matrix",('Mesh 1', array([[ -9.95689032e-01,  -9.27526879e-02,   5.39442118e-04,          2.82222056e+02],       [ -9.27524626e-02,   9.95689107e-01,   4.28806028e-04,         -2.58756052e+02],       [ -5.76889552e-04,   3.76922874e-04,  -9.99999763e-01,          1.46609253e+02],       [  0.00000000e+00,   0.00000000e+00,   0.00000000e+00,          1.00000000e+00]])),{}]
["set_obj_matrix",('Mesh 1', array([[ -9.90162399e-01,  -1.39920638e-01,   7.99284544e-04,          2.94147611e+02],       [ -1.39920124e-01,   9.90162570e-01,   6.66933087e-04,         -2.45096411e+02],       [ -8.84739341e-04,   5.48536073e-04,  -9.99999458e-01,          1.46639656e+02],       [  0.00000000e+00,   0.00000000e+00,   0.00000000e+00,          1.00000000e+00]])),{}]
["set_obj_matrix",('Mesh 1', array([[ -9.85927032e-01,  -1.67173544e-01,   9.44890880e-04,          3.00770744e+02],       [ -1.67172808e-01,   9.85927277e-01,   8.10790374e-04,         -2.36909295e+02],       [ -1.06713639e-03,   6.41420085e-04,  -9.99999225e-01,          1.46660158e+02],       [  0.00000000e+00,   0.00000000e+00,   0.00000000e+00,          1.00000000e+00]])),{}]
["set_obj_matrix",('Mesh 1', array([[ -9.81527211e-01,  -1.91319592e-01,   1.07108648e-03,          3.06472834e+02],       [ -1.91318626e-01,   9.81527532e-01,   9.42142832e-04,         -2.29472424e+02],       [ -1.23155126e-03,   7.19820032e-04,  -9.99998983e-01,          1.46680144e+02],       [  0.00000000e+00,   0.00000000e+00,   0.00000000e+00,          1.00000000e+00]])),{}]
["set_obj_matrix",('Mesh 1', array([[ -9.80859565e-01,  -1.94713452e-01,   1.08861016e-03,          3.07261670e+02],       [ -1.94712451e-01,   9.80859897e-01,   9.60901367e-04,         -2.28413207e+02],       [ -1.25487447e-03,   7.30543344e-04,  -9.99998946e-01,          1.46683092e+02],       [  0.00000000e+00,   0.00000000e+00,   0.00000000e+00,          1.00000000e+00]])),{}]
["save_ply",('%s',),{}]