["add_ply",('%s',),{}]
["add_polygon_ray",(array([  92.91143799,  243.31173706, -220.82785034], dtype=float32), array([  92.91143799,  243.31173706,  342.51052856], dtype=float32), array([  6.89890582e-14,   0.00000000e+00,   5.63338379e+02], dtype=float32)),{}]
["add_polygon_ray",(array([ 206.70578003,  224.15823364, -220.82785034], dtype=float32), array([ 206.70579529,  224.15823364,  342.51052856], dtype=float32), array([  6.89890582e-14,   0.00000000e+00,   5.63338379e+02], dtype=float32)),{}]
["add_polygon_ray",(array([ 258.64910889,  253.51985168, -221.1524353 ], dtype=float32), array([ 253.94224548,  253.29057312,  342.16625977], dtype=float32), array([ -4.70685530e+00,  -2.29278386e-01,   5.63318665e+02], dtype=float32)),{}]
["add_polygon_ray",(array([ 265.53582764,  146.49363708, -221.13842773], dtype=float32), array([ 260.82897949,  146.26435852,  342.18023682], dtype=float32), array([ -4.70685530e+00,  -2.29278386e-01,   5.63318665e+02], dtype=float32)),{}]
["add_polygon_ray",(array([ 407.55480957,   93.7077179 , -219.9732666 ], dtype=float32), array([ 402.84796143,   93.47843933,  343.34539795], dtype=float32), array([ -4.70685530e+00,  -2.29278386e-01,   5.63318665e+02], dtype=float32)),{}]
["add_polygon_ray",(array([ 497.68310547,   96.06762695, -219.21923828], dtype=float32), array([ 492.97622681,   95.83834839,  344.09942627], dtype=float32), array([ -4.70685530e+00,  -2.29278386e-01,   5.63318665e+02], dtype=float32)),{}]
["add_polygon_ray",(array([ 561.93078613,  247.70487976, -218.25143433], dtype=float32), array([ 556.54730225,  249.1321106 ,  345.05941772], dtype=float32), array([  -5.3835001 ,    1.42724061,  563.31085205], dtype=float32)),{}]
["add_polygon_ray",(array([ 529.38122559,  446.2074585 , -219.06546021], dtype=float32), array([ 523.9977417 ,  447.63470459,  344.24539185], dtype=float32), array([  -5.3835001 ,    1.42724061,  563.31085205], dtype=float32)),{}]
["add_polygon_ray",(array([ 428.05181885,  529.29016113, -220.24435425], dtype=float32), array([ 422.66830444,  530.71740723,  343.0664978 ], dtype=float32), array([  -5.3835001 ,    1.42724061,  563.31085205], dtype=float32)),{}]
["add_polygon_ray",(array([ 332.79672241,  563.11779785, -192.15809631], dtype=float32), array([ 321.97244263,  507.72601318,  368.34588623], dtype=float32), array([ -10.82427311,  -55.3918457 ,  560.50396729], dtype=float32)),{}]
["add_polygon_ray",(array([ 208.49705505,  515.62817383, -234.16156006], dtype=float32), array([ 232.56782532,  552.09979248,  327.47940063], dtype=float32), array([  24.07077408,   36.4716568 ,  561.64093018], dtype=float32)),{}]
["add_polygon_ray",(array([  43.3036499 ,  424.79345703, -221.18310547], dtype=float32), array([  67.37442017,  461.26513672,  340.45785522], dtype=float32), array([  24.07077408,   36.4716568 ,  561.64093018], dtype=float32)),{}]
["add_polygon_ray",(array([  56.57658386,  293.67642212, -213.23751831], dtype=float32), array([  80.64735413,  330.14807129,  348.40341187], dtype=float32), array([  24.07077408,   36.4716568 ,  561.64093018], dtype=float32)),{}]
["select_region_polygon",(),{}]
["crop_selection",(),{}]
["set_obj_matrix",('Mesh 1', array([[ -9.99983964e-01,   5.66322505e-03,   1.22462721e-16,          2.94202973e+02],       [  5.66322505e-03,   9.99983964e-01,  -6.93545074e-19,         -2.67515703e+02],       [ -1.22464685e-16,   0.00000000e+00,  -1.00000000e+00,          6.08413353e+01],       [  0.00000000e+00,   0.00000000e+00,   0.00000000e+00,          1.00000000e+00]])),{}]
["set_obj_matrix",('Mesh 1', array([[ -9.99935623e-01,   1.13467872e-02,   1.22456801e-16,          2.92677730e+02],       [  1.13467872e-02,   9.99935623e-01,  -1.38958072e-18,         -2.69183557e+02],       [ -1.22464685e-16,   0.00000000e+00,  -1.00000000e+00,          6.08413353e+01],       [  0.00000000e+00,   0.00000000e+00,   0.00000000e+00,          1.00000000e+00]])),{}]
["set_obj_matrix",('Mesh 1', array([[ -9.98433547e-01,   5.59504464e-02,   1.22272850e-16,          2.80375874e+02],       [  5.59504464e-02,   9.98433547e-01,  -6.85195381e-18,         -2.81974130e+02],       [ -1.22464685e-16,   0.00000000e+00,  -1.00000000e+00,          6.08413353e+01],       [  0.00000000e+00,   0.00000000e+00,   0.00000000e+00,          1.00000000e+00]])),{}]
["set_obj_matrix",('Mesh 1', array([[ -9.94137925e-01,   1.08119312e-01,   1.21746788e-16,          2.65236755e+02],       [  1.08119312e-01,   9.94137925e-01,  -1.32407975e-17,         -2.96259185e+02],       [ -1.22464685e-16,   0.00000000e+00,  -1.00000000e+00,          6.08413353e+01],       [  0.00000000e+00,   0.00000000e+00,   0.00000000e+00,          1.00000000e+00]])),{}]
["set_obj_matrix",('Mesh 1', array([[ -9.86973915e-01,   1.60880363e-01,   1.20869450e-16,          2.49091986e+02],       [  1.60880363e-01,   9.86973915e-01,  -1.97021631e-17,         -3.09956809e+02],       [ -1.22464685e-16,   0.00000000e+00,  -1.00000000e+00,          6.08413353e+01],       [  0.00000000e+00,   0.00000000e+00,   0.00000000e+00,          1.00000000e+00]])),{}]
["set_obj_matrix",('Mesh 1', array([[ -9.76384240e-01,   2.16041235e-01,   1.19572589e-16,          2.31296222e+02],       [  2.16041235e-01,   9.76384240e-01,  -2.64574219e-17,         -3.23453395e+02],       [ -1.22464685e-16,   0.00000000e+00,  -1.00000000e+00,          6.08413353e+01],       [  0.00000000e+00,   0.00000000e+00,   0.00000000e+00,          1.00000000e+00]])),{}]
["set_obj_matrix",('Mesh 1', array([[ -9.60563180e-01,   2.78061823e-01,   1.17635067e-16,          2.10129844e+02],       [  2.78061823e-01,   9.60563180e-01,  -3.40527537e-17,         -3.37587751e+02],       [ -1.22464685e-16,   0.00000000e+00,  -1.00000000e+00,          6.08413353e+01],       [  0.00000000e+00,   0.00000000e+00,   0.00000000e+00,          1.00000000e+00]])),{}]
["set_obj_matrix",('Mesh 1', array([[ -9.26595735e-01,   3.76058964e-01,   1.13475255e-16,          1.74033144e+02],       [  3.76058964e-01,   9.26595735e-01,  -4.60539426e-17,         -3.57536720e+02],       [ -1.22464685e-16,   0.00000000e+00,  -1.00000000e+00,          6.08413353e+01],       [  0.00000000e+00,   0.00000000e+00,   0.00000000e+00,          1.00000000e+00]])),{}]
["set_obj_matrix",('Mesh 1', array([[ -8.97764323e-01,   4.40476129e-01,   1.09944425e-16,          1.48382314e+02],       [  4.40476129e-01,   8.97764323e-01,  -5.39427705e-17,         -3.68921035e+02],       [ -1.22464685e-16,   0.00000000e+00,  -1.00000000e+00,          6.08413353e+01],       [  0.00000000e+00,   0.00000000e+00,   0.00000000e+00,          1.00000000e+00]])),{}]
["set_obj_matrix",('Mesh 1', array([[ -8.88743619e-01,   4.58404603e-01,   1.08839708e-16,          1.40948572e+02],       [  4.58404603e-01,   8.88743619e-01,  -5.61383755e-17,         -3.71824611e+02],       [ -1.22464685e-16,   0.00000000e+00,  -1.00000000e+00,          6.08413353e+01],       [  0.00000000e+00,   0.00000000e+00,   0.00000000e+00,          1.00000000e+00]])),{}]
["set_obj_matrix",('Mesh 1', array([[ -8.85810544e-01,   4.64047066e-01,   1.08480509e-16,          1.38581201e+02],       [  4.64047066e-01,   8.85810544e-01,  -5.68293779e-17,         -3.72713418e+02],       [ -1.22464685e-16,   0.00000000e+00,  -1.00000000e+00,          6.08413353e+01],       [  0.00000000e+00,   0.00000000e+00,   0.00000000e+00,          1.00000000e+00]])),{}]
["set_obj_matrix",('Mesh 1', array([[ -8.86307816e-01,   4.63096595e-01,   1.08541408e-16,          1.38980929e+02],       [  4.63096595e-01,   8.86307816e-01,  -5.67129787e-17,         -3.72564548e+02],       [ -1.22464685e-16,   0.00000000e+00,  -1.00000000e+00,          6.08413353e+01],       [  0.00000000e+00,   0.00000000e+00,   0.00000000e+00,          1.00000000e+00]])),{}]
["set_obj_matrix",('Mesh 1', array([[ -8.89216957e-01,   4.57485742e-01,   1.08897675e-16,          1.41332819e+02],       [  4.57485742e-01,   8.89216957e-01,  -5.60258474e-17,         -3.71678726e+02],       [ -1.22464685e-16,   0.00000000e+00,  -1.00000000e+00,          6.08413353e+01],       [  0.00000000e+00,   0.00000000e+00,   0.00000000e+00,          1.00000000e+00]])),{}]
["set_obj_matrix",('Mesh 1', array([[ -8.92539622e-01,   4.50968983e-01,   1.09304584e-16,          1.44047825e+02],       [  4.50968983e-01,   8.92539622e-01,  -5.52277746e-17,         -3.70634949e+02],       [ -1.22464685e-16,   0.00000000e+00,  -1.00000000e+00,          6.08413353e+01],       [  0.00000000e+00,   0.00000000e+00,   0.00000000e+00,          1.00000000e+00]])),{}]
["set_obj_matrix",('Mesh 1', array([[ -9.06688819e-01,   4.21800172e-01,   1.11037361e-16,          1.55986321e+02],       [  4.21800172e-01,   9.06688819e-01,  -5.16556253e-17,         -3.65770842e+02],       [ -1.22464685e-16,   0.00000000e+00,  -1.00000000e+00,          6.08413353e+01],       [  0.00000000e+00,   0.00000000e+00,   0.00000000e+00,          1.00000000e+00]])),{}]
["set_obj_matrix",('Mesh 1', array([[ -9.09638572e-01,   4.15400612e-01,   1.11398601e-16,          1.58559895e+02],       [  4.15400612e-01,   9.09638572e-01,  -5.08719052e-17,         -3.64662585e+02],       [ -1.22464685e-16,   0.00000000e+00,  -1.00000000e+00,          6.08413353e+01],       [  0.00000000e+00,   0.00000000e+00,   0.00000000e+00,          1.00000000e+00]])),{}]
["set_obj_matrix",('Mesh 1', array([[ -9.14796667e-01,   4.03914668e-01,   1.12030286e-16,          1.63138695e+02],       [  4.03914668e-01,   9.14796667e-01,  -4.94652827e-17,         -3.62637294e+02],       [ -1.22464685e-16,   0.00000000e+00,  -1.00000000e+00,          6.08413353e+01],       [  0.00000000e+00,   0.00000000e+00,   0.00000000e+00,          1.00000000e+00]])),{}]
["set_obj_matrix",('Mesh 1', array([[ -9.17564734e-01,   3.97586417e-01,   1.12369276e-16,          1.65639585e+02],       [  3.97586417e-01,   9.17564734e-01,  -4.86902954e-17,         -3.61501824e+02],       [ -1.22464685e-16,   0.00000000e+00,  -1.00000000e+00,          6.08413353e+01],       [  0.00000000e+00,   0.00000000e+00,   0.00000000e+00,          1.00000000e+00]])),{}]
["set_obj_matrix",('Mesh 1', array([[ -9.20041991e-01,   3.91819773e-01,   1.12672653e-16,          1.67905178e+02],       [  3.91819773e-01,   9.20041991e-01,  -4.79840851e-17,         -3.60455118e+02],       [ -1.22464685e-16,   0.00000000e+00,  -1.00000000e+00,          6.08413353e+01],       [  0.00000000e+00,   0.00000000e+00,   0.00000000e+00,          1.00000000e+00]])),{}]
["set_obj_matrix",('Mesh 1', array([[ -9.24895473e-01,   3.80221468e-01,   1.13267033e-16,          1.72423771e+02],       [  3.80221468e-01,   9.24895473e-01,  -4.65637024e-17,         -3.58315621e+02],       [ -1.22464685e-16,   0.00000000e+00,  -1.00000000e+00,          6.08413353e+01],       [  0.00000000e+00,   0.00000000e+00,   0.00000000e+00,          1.00000000e+00]])),{}]
["set_obj_matrix",('Mesh 1', array([[ -9.27270903e-01,   3.74391069e-01,   1.13557939e-16,          1.74676202e+02],       [  3.74391069e-01,   9.27270903e-01,  -4.58496844e-17,         -3.57222991e+02],       [ -1.22464685e-16,   0.00000000e+00,  -1.00000000e+00,          6.08413353e+01],       [  0.00000000e+00,   0.00000000e+00,   0.00000000e+00,          1.00000000e+00]])),{}]
["set_obj_matrix",('Mesh 1', array([[ -9.27433961e-01,   3.73986962e-01,   1.13577908e-16,          1.74831850e+02],       [  3.73986962e-01,   9.27433961e-01,  -4.58001956e-17,         -3.57146840e+02],       [ -1.22464685e-16,   0.00000000e+00,  -1.00000000e+00,          6.08413353e+01],       [  0.00000000e+00,   0.00000000e+00,   0.00000000e+00,          1.00000000e+00]])),{}]
["set_obj_matrix",('Mesh 1', array([[ -9.27566947e-01,   3.73657008e-01,   1.13594194e-16,          1.74958892e+02],       [  3.73657008e-01,   9.27566947e-01,  -4.57597879e-17,         -3.57084622e+02],       [ -1.22464685e-16,   0.00000000e+00,  -1.00000000e+00,          6.08413353e+01],       [  0.00000000e+00,   0.00000000e+00,   0.00000000e+00,          1.00000000e+00]])),{}]
["set_obj_matrix",('Mesh 1', array([[ -9.31844346e-01,   3.62858257e-01,   1.14118025e-16,          1.79094573e+02],       [  3.62858257e-01,   9.31844346e-01,  -4.44373222e-17,         -3.55028414e+02],       [ -1.22464685e-16,   0.00000000e+00,  -1.00000000e+00,          6.08413353e+01],       [  0.00000000e+00,   0.00000000e+00,   0.00000000e+00,          1.00000000e+00]])),{}]
["set_obj_matrix",('Mesh 1', array([[ -9.39847689e-01,   3.41593797e-01,   1.15098151e-16,          1.87114324e+02],       [  3.41593797e-01,   9.39847689e-01,  -4.18331768e-17,         -3.50867882e+02],       [ -1.22464685e-16,   0.00000000e+00,  -1.00000000e+00,          6.08413353e+01],       [  0.00000000e+00,   0.00000000e+00,   0.00000000e+00,          1.00000000e+00]])),{}]
["set_obj_matrix",('Mesh 1', array([[ -9.47283666e-01,   3.20396094e-01,   1.16008796e-16,          1.94948550e+02],       [  3.20396094e-01,   9.47283666e-01,  -3.92372068e-17,         -3.46576260e+02],       [ -1.22464685e-16,   0.00000000e+00,  -1.00000000e+00,          6.08413353e+01],       [  0.00000000e+00,   0.00000000e+00,   0.00000000e+00,          1.00000000e+00]])),{}]
["set_obj_matrix",('Mesh 1', array([[ -9.52529539e-01,   3.04446182e-01,   1.16651230e-16,          2.00740033e+02],       [  3.04446182e-01,   9.52529539e-01,  -3.72839058e-17,         -3.43254250e+02],       [ -1.22464685e-16,   0.00000000e+00,  -1.00000000e+00,          6.08413353e+01],       [  0.00000000e+00,   0.00000000e+00,   0.00000000e+00,          1.00000000e+00]])),{}]
["set_obj_matrix",('Mesh 1', array([[ -9.57496015e-01,   2.88446497e-01,   1.17259448e-16,          2.06462126e+02],       [  2.88446497e-01,   9.57496015e-01,  -3.53245095e-17,         -3.39843245e+02],       [ -1.22464685e-16,   0.00000000e+00,  -1.00000000e+00,          6.08413353e+01],       [  0.00000000e+00,   0.00000000e+00,   0.00000000e+00,          1.00000000e+00]])),{}]
["set_obj_matrix",('Mesh 1', array([[ -9.60655532e-01,   2.77742593e-01,   1.17646377e-16,          2.10242020e+02],       [  2.77742593e-01,   9.60655532e-01,  -3.40136592e-17,         -3.37517902e+02],       [ -1.22464685e-16,   0.00000000e+00,  -1.00000000e+00,          6.08413353e+01],       [  0.00000000e+00,   0.00000000e+00,   0.00000000e+00,          1.00000000e+00]])),{}]
["set_obj_matrix",('Mesh 1', array([[ -9.63692796e-01,   2.67013474e-01,   1.18018335e-16,          2.13992465e+02],       [  2.67013474e-01,   9.63692796e-01,  -3.26997210e-17,         -3.35152601e+02],       [ -1.22464685e-16,   0.00000000e+00,  -1.00000000e+00,          6.08413353e+01],       [  0.00000000e+00,   0.00000000e+00,   0.00000000e+00,          1.00000000e+00]])),{}]
["set_obj_matrix",('Mesh 1', array([[ -9.66607034e-01,   2.56263226e-01,   1.18375226e-16,          2.17712146e+02],       [  2.56263226e-01,   9.66607034e-01,  -3.13831954e-17,         -3.32748347e+02],       [ -1.22464685e-16,   0.00000000e+00,  -1.00000000e+00,          6.08413353e+01],       [  0.00000000e+00,   0.00000000e+00,   0.00000000e+00,          1.00000000e+00]])),{}]
["set_obj_matrix",('Mesh 1', array([[ -9.65165336e-01,   2.61640735e-01,   1.18198669e-16,          2.15856231e+02],       [  2.61640735e-01,   9.65165336e-01,  -3.20417503e-17,         -3.33955279e+02],       [ -1.22464685e-16,   0.00000000e+00,  -1.00000000e+00,          6.08413353e+01],       [  0.00000000e+00,   0.00000000e+00,   0.00000000e+00,          1.00000000e+00]])),{}]
["set_obj_matrix",('Mesh 1', array([[ -9.63692796e-01,   2.67013474e-01,   1.18018335e-16,          2.13992465e+02],       [  2.67013474e-01,   9.63692796e-01,  -3.26997210e-17,         -3.35152601e+02],       [ -1.22464685e-16,   0.00000000e+00,  -1.00000000e+00,          6.08413353e+01],       [  0.00000000e+00,   0.00000000e+00,   0.00000000e+00,          1.00000000e+00]])),{}]
["set_obj_matrix",('Mesh 1', array([[ -9.62189497e-01,   2.72380930e-01,   1.17834234e-16,          2.12121006e+02],       [  2.72380930e-01,   9.62189497e-01,  -3.33570449e-17,         -3.36340184e+02],       [ -1.22464685e-16,   0.00000000e+00,  -1.00000000e+00,          6.08413353e+01],       [  0.00000000e+00,   0.00000000e+00,   0.00000000e+00,          1.00000000e+00]])),{}]
["set_obj_matrix",('Mesh 1', array([[ -9.60655532e-01,   2.77742593e-01,   1.17646377e-16,          2.10242020e+02],       [  2.77742593e-01,   9.60655532e-01,  -3.40136592e-17,         -3.37517902e+02],       [ -1.22464685e-16,   0.00000000e+00,  -1.00000000e+00,          6.08413353e+01],       [  0.00000000e+00,   0.00000000e+00,   0.00000000e+00,          1.00000000e+00]])),{}]
["set_obj_matrix",('Mesh 1', array([[ -9.59144235e-01,   2.82917542e-01,   1.17461297e-16,          2.08419374e+02],       [  2.82917542e-01,   9.59144235e-01,  -3.46474078e-17,         -3.38646432e+02],       [ -1.22464685e-16,   0.00000000e+00,  -1.00000000e+00,          6.08413353e+01],       [  0.00000000e+00,   0.00000000e+00,   0.00000000e+00,          1.00000000e+00]])),{}]
["set_obj_matrix",('Mesh 1', array([[ -9.57541232e-01,   2.88296355e-01,   1.17264986e-16,          2.06515412e+02],       [  2.88296355e-01,   9.57541232e-01,  -3.53061224e-17,         -3.39810867e+02],       [ -1.22464685e-16,   0.00000000e+00,  -1.00000000e+00,          6.08413353e+01],       [  0.00000000e+00,   0.00000000e+00,   0.00000000e+00,          1.00000000e+00]])),{}]
["set_obj_matrix",('Mesh 1', array([[ -9.55907546e-01,   2.93667778e-01,   1.17064917e-16,          2.04604342e+02],       [  2.93667778e-01,   9.55907546e-01,  -3.59639320e-17,         -3.40964960e+02],       [ -1.22464685e-16,   0.00000000e+00,  -1.00000000e+00,          6.08413353e+01],       [  0.00000000e+00,   0.00000000e+00,   0.00000000e+00,          1.00000000e+00]])),{}]
["set_obj_matrix",('Mesh 1', array([[ -9.54243304e-01,   2.99031297e-01,   1.16861106e-16,          2.02686338e+02],       [  2.99031297e-01,   9.54243304e-01,  -3.66207736e-17,         -3.42108593e+02],       [ -1.22464685e-16,   0.00000000e+00,  -1.00000000e+00,          6.08413353e+01],       [  0.00000000e+00,   0.00000000e+00,   0.00000000e+00,          1.00000000e+00]])),{}]
["set_obj_matrix",('Mesh 1', array([[ -9.52567963e-01,   3.04325937e-01,   1.16655936e-16,          2.00783362e+02],       [  3.04325937e-01,   9.52567963e-01,  -3.72691801e-17,         -3.43228907e+02],       [ -1.22464685e-16,   0.00000000e+00,  -1.00000000e+00,          6.08413353e+01],       [  0.00000000e+00,   0.00000000e+00,   0.00000000e+00,          1.00000000e+00]])),{}]
["set_obj_matrix",('Mesh 1', array([[ -9.50833544e-01,   3.09702391e-01,   1.16443531e-16,          1.98841166e+02],       [  3.09702391e-01,   9.50833544e-01,  -3.79276058e-17,         -3.44357709e+02],       [ -1.22464685e-16,   0.00000000e+00,  -1.00000000e+00,          6.08413353e+01],       [  0.00000000e+00,   0.00000000e+00,   0.00000000e+00,          1.00000000e+00]])),{}]
["set_obj_matrix",('Mesh 1', array([[ -9.49068667e-01,   3.15069304e-01,   1.16227396e-16,          1.96892500e+02],       [  3.15069304e-01,   9.49068667e-01,  -3.85848631e-17,         -3.45475591e+02],       [ -1.22464685e-16,   0.00000000e+00,  -1.00000000e+00,          6.08413353e+01],       [  0.00000000e+00,   0.00000000e+00,   0.00000000e+00,          1.00000000e+00]])),{}]
["set_obj_matrix",('Mesh 1', array([[ -9.47263210e-01,   3.20456567e-01,   1.16006291e-16,          1.94926425e+02],       [  3.20456567e-01,   9.47263210e-01,  -3.92446126e-17,         -3.46588704e+02],       [ -1.22464685e-16,   0.00000000e+00,  -1.00000000e+00,          6.08413353e+01],       [  0.00000000e+00,   0.00000000e+00,   0.00000000e+00,          1.00000000e+00]])),{}]
["set_obj_matrix",('Mesh 1', array([[ -9.45427293e-01,   3.25833138e-01,   1.15781456e-16,          1.92954184e+02],       [  3.25833138e-01,   9.45427293e-01,  -3.99030527e-17,         -3.47690558e+02],       [ -1.22464685e-16,   0.00000000e+00,  -1.00000000e+00,          6.08413353e+01],       [  0.00000000e+00,   0.00000000e+00,   0.00000000e+00,          1.00000000e+00]])),{}]
["set_obj_matrix",('Mesh 1', array([[ -9.41664833e-01,   3.36552138e-01,   1.15320687e-16,          1.88991979e+02],       [  3.36552138e-01,   9.41664833e-01,  -4.12157516e-17,         -3.49860076e+02],       [ -1.22464685e-16,   0.00000000e+00,  -1.00000000e+00,          6.08413353e+01],       [  0.00000000e+00,   0.00000000e+00,   0.00000000e+00,          1.00000000e+00]])),{}]
["set_obj_matrix",('Mesh 1', array([[ -9.39683221e-01,   3.42045969e-01,   1.15078010e-16,          1.86945481e+02],       [  3.42045969e-01,   9.39683221e-01,  -4.18885520e-17,         -3.50957873e+02],       [ -1.22464685e-16,   0.00000000e+00,  -1.00000000e+00,          6.08413353e+01],       [  0.00000000e+00,   0.00000000e+00,   0.00000000e+00,          1.00000000e+00]])),{}]
["set_obj_matrix",('Mesh 1', array([[ -9.37715305e-01,   3.47404672e-01,   1.14837010e-16,          1.84938956e+02],       [  3.47404672e-01,   9.37715305e-01,  -4.25448038e-17,         -3.52019351e+02],       [ -1.22464685e-16,   0.00000000e+00,  -1.00000000e+00,          6.08413353e+01],       [  0.00000000e+00,   0.00000000e+00,   0.00000000e+00,          1.00000000e+00]])),{}]
["set_obj_matrix",('Mesh 1', array([[ -9.35717620e-01,   3.52749963e-01,   1.14592364e-16,          1.82927193e+02],       [  3.52749963e-01,   9.35717620e-01,  -4.31994132e-17,         -3.53068949e+02],       [ -1.22464685e-16,   0.00000000e+00,  -1.00000000e+00,          6.08413353e+01],       [  0.00000000e+00,   0.00000000e+00,   0.00000000e+00,          1.00000000e+00]])),{}]
["set_obj_matrix",('Mesh 1', array([[ -9.27433961e-01,   3.73986962e-01,   1.13577908e-16,          1.74831850e+02],       [  3.73986962e-01,   9.27433961e-01,  -4.58001956e-17,         -3.57146840e+02],       [ -1.22464685e-16,   0.00000000e+00,  -1.00000000e+00,          6.08413353e+01],       [  0.00000000e+00,   0.00000000e+00,   0.00000000e+00,          1.00000000e+00]])),{}]
["set_obj_matrix",('Mesh 1', array([[ -9.16439957e-01,   4.00172220e-01,   1.12231531e-16,          1.64619550e+02],       [  4.00172220e-01,   9.16439957e-01,  -4.90069650e-17,         -3.61967464e+02],       [ -1.22464685e-16,   0.00000000e+00,  -1.00000000e+00,          6.08413353e+01],       [  0.00000000e+00,   0.00000000e+00,   0.00000000e+00,          1.00000000e+00]])),{}]
["set_obj_matrix",('Mesh 1', array([[ -9.07155683e-01,   4.20795159e-01,   1.11094535e-16,          1.56391556e+02],       [  4.20795159e-01,   9.07155683e-01,  -5.15325467e-17,         -3.65597760e+02],       [ -1.22464685e-16,   0.00000000e+00,  -1.00000000e+00,          6.08413353e+01],       [  0.00000000e+00,   0.00000000e+00,   0.00000000e+00,          1.00000000e+00]])),{}]
["set_obj_matrix",('Mesh 1', array([[ -9.02357441e-01,   4.30988455e-01,   1.10506920e-16,          1.52262813e+02],       [  4.30988455e-01,   9.02357441e-01,  -5.27808655e-17,         -3.67336463e+02],       [ -1.22464685e-16,   0.00000000e+00,  -1.00000000e+00,          6.08413353e+01],       [  0.00000000e+00,   0.00000000e+00,   0.00000000e+00,          1.00000000e+00]])),{}]
["set_obj_matrix",('Mesh 1', array([[ -8.89928305e-01,   4.56100441e-01,   1.08984790e-16,          1.41911450e+02],       [  4.56100441e-01,   8.89928305e-01,  -5.58561970e-17,         -3.71458183e+02],       [ -1.22464685e-16,   0.00000000e+00,  -1.00000000e+00,          6.08413353e+01],       [  0.00000000e+00,   0.00000000e+00,   0.00000000e+00,          1.00000000e+00]])),{}]
["set_obj_matrix",('Mesh 1', array([[ -8.76915935e-01,   4.80643780e-01,   1.07391234e-16,          1.31538789e+02],       [  4.80643780e-01,   8.76915935e-01,  -5.88618892e-17,         -3.75256696e+02],       [ -1.22464685e-16,   0.00000000e+00,  -1.00000000e+00,          6.08413353e+01],       [  0.00000000e+00,   0.00000000e+00,   0.00000000e+00,          1.00000000e+00]])),{}]
["set_obj_matrix",('Mesh 1', array([[ -8.68848220e-01,   4.95078550e-01,   1.06403224e-16,          1.25315643e+02],       [  4.95078550e-01,   8.68848220e-01,  -6.06296387e-17,         -3.77380485e+02],       [ -1.22464685e-16,   0.00000000e+00,  -1.00000000e+00,          6.08413353e+01],       [  0.00000000e+00,   0.00000000e+00,   0.00000000e+00,          1.00000000e+00]])),{}]
["set_obj_matrix",('Mesh 1', array([[ -8.71558240e-01,   4.90291989e-01,   1.06735106e-16,          1.27389516e+02],       [  4.90291989e-01,   8.71558240e-01,  -6.00434542e-17,         -3.76685482e+02],       [ -1.22464685e-16,   0.00000000e+00,  -1.00000000e+00,          6.08413353e+01],       [  0.00000000e+00,   0.00000000e+00,   0.00000000e+00,          1.00000000e+00]])),{}]
["set_obj_matrix",('Mesh 1', array([[ -8.74247610e-01,   4.85480295e-01,   1.07064458e-16,          1.29463965e+02],       [  4.85480295e-01,   8.74247610e-01,  -5.94541916e-17,         -3.75977556e+02],       [ -1.22464685e-16,   0.00000000e+00,  -1.00000000e+00,          6.08413353e+01],       [  0.00000000e+00,   0.00000000e+00,   0.00000000e+00,          1.00000000e+00]])),{}]
["set_obj_matrix",('Mesh 1', array([[ -8.79562824e-01,   4.75782765e-01,   1.07715384e-16,          1.33613787e+02],       [  4.75782765e-01,   8.79562824e-01,  -5.82665866e-17,         -3.74522892e+02],       [ -1.22464685e-16,   0.00000000e+00,  -1.00000000e+00,          6.08413353e+01],       [  0.00000000e+00,   0.00000000e+00,   0.00000000e+00,          1.00000000e+00]])),{}]
["set_obj_matrix",('Mesh 1', array([[ -8.82187888e-01,   4.70897580e-01,   1.08036862e-16,          1.35688756e+02],       [  4.70897580e-01,   8.82187888e-01,  -5.76683239e-17,         -3.73776139e+02],       [ -1.22464685e-16,   0.00000000e+00,  -1.00000000e+00,          6.08413353e+01],       [  0.00000000e+00,   0.00000000e+00,   0.00000000e+00,          1.00000000e+00]])),{}]
["set_obj_matrix",('Mesh 1', array([[ -8.84358492e-01,   4.66808374e-01,   1.08302684e-16,          1.37417729e+02],       [  4.66808374e-01,   8.84358492e-01,  -5.71675406e-17,         -3.73143952e+02],       [ -1.22464685e-16,   0.00000000e+00,  -1.00000000e+00,          6.08413353e+01],       [  0.00000000e+00,   0.00000000e+00,   0.00000000e+00,          1.00000000e+00]])),{}]
["set_obj_matrix",('Mesh 1', array([[ -8.89533003e-01,   4.56870919e-01,   1.08936379e-16,          1.41589726e+02],       [  4.56870919e-01,   8.89533003e-01,  -5.59505533e-17,         -3.71580934e+02],       [ -1.22464685e-16,   0.00000000e+00,  -1.00000000e+00,          6.08413353e+01],       [  0.00000000e+00,   0.00000000e+00,   0.00000000e+00,          1.00000000e+00]])),{}]
["set_obj_matrix",('Mesh 1', array([[ -8.92085124e-01,   4.51867382e-01,   1.09248924e-16,          1.43674589e+02],       [  4.51867382e-01,   8.92085124e-01,  -5.53377967e-17,         -3.70779791e+02],       [ -1.22464685e-16,   0.00000000e+00,  -1.00000000e+00,          6.08413353e+01],       [  0.00000000e+00,   0.00000000e+00,   0.00000000e+00,          1.00000000e+00]])),{}]
["set_obj_matrix",('Mesh 1', array([[ -8.94613321e-01,   4.46841141e-01,   1.09558539e-16,          1.45758412e+02],       [  4.46841141e-01,   8.94613321e-01,  -5.47222597e-17,         -3.69965574e+02],       [ -1.22464685e-16,   0.00000000e+00,  -1.00000000e+00,          6.08413353e+01],       [  0.00000000e+00,   0.00000000e+00,   0.00000000e+00,          1.00000000e+00]])),{}]
["set_obj_matrix",('Mesh 1', array([[ -8.97117225e-01,   4.41792582e-01,   1.09865179e-16,          1.47840986e+02],       [  4.41792582e-01,   8.97117225e-01,  -5.41039895e-17,         -3.69138299e+02],       [ -1.22464685e-16,   0.00000000e+00,  -1.00000000e+00,          6.08413353e+01],       [  0.00000000e+00,   0.00000000e+00,   0.00000000e+00,          1.00000000e+00]])),{}]
["set_obj_matrix",('Mesh 1', array([[ -8.99596470e-01,   4.36722099e-01,   1.10168799e-16,          1.49922095e+02],       [  4.36722099e-01,   8.99596470e-01,  -5.34830344e-17,         -3.68297986e+02],       [ -1.22464685e-16,   0.00000000e+00,  -1.00000000e+00,          6.08413353e+01],       [  0.00000000e+00,   0.00000000e+00,   0.00000000e+00,          1.00000000e+00]])),{}]
["set_obj_matrix",('Mesh 1', array([[ -8.99920461e-01,   4.36054084e-01,   1.10208476e-16,          1.50195492e+02],       [  4.36054084e-01,   8.99920461e-01,  -5.34012261e-17,         -3.68186576e+02],       [ -1.22464685e-16,   0.00000000e+00,  -1.00000000e+00,          6.08413353e+01],       [  0.00000000e+00,   0.00000000e+00,   0.00000000e+00,          1.00000000e+00]])),{}]
["save_ply",('%s',),{}]