["add_ply",('%s',),{}]
["add_polygon_ray",(array([ 877.44140625,  533.94555664, -559.99194336], dtype=float32), array([ 877.44140625,  533.94555664,  942.06677246], dtype=float32), array([  1.83949142e-13,   0.00000000e+00,   1.50205872e+03], dtype=float32)),{}]
["add_polygon_ray",(array([ 889.95318604,  692.67285156, -561.42401123], dtype=float32), array([ 890.1652832 ,  703.7366333 ,  940.59399414], dtype=float32), array([  2.12083369e-01,   1.10637569e+01,   1.50201794e+03], dtype=float32)),{}]
["add_polygon_ray",(array([  680.69268799,  1020.77075195,  -563.81115723], dtype=float32), array([  680.90478516,  1031.83447266,   938.20678711], dtype=float32), array([  2.12083369e-01,   1.10637569e+01,   1.50201794e+03], dtype=float32)),{}]
["add_polygon_ray",(array([  409.06860352,  1059.98669434,  -566.38226318], dtype=float32), array([  400.6882019 ,  1074.57653809,   935.58221436], dtype=float32), array([   -8.38042259,    14.58984566,  1501.96447754], dtype=float32)),{}]
["add_polygon_ray",(array([  64.0234375 ,  777.71624756, -565.56555176], dtype=float32), array([  55.64306641,  792.30609131,  936.39892578], dtype=float32), array([   -8.38042259,    14.58984566,  1501.96447754], dtype=float32)),{}]
["add_polygon_ray",(array([  41.92932129,  330.30511475, -561.34277344], dtype=float32), array([  33.54888916,  344.8949585 ,  940.6217041 ], dtype=float32), array([   -8.38042259,    14.58984566,  1501.96447754], dtype=float32)),{}]
["add_polygon_ray",(array([ 270.57781982,  112.13220215, -560.90911865], dtype=float32), array([ 258.95489502,  117.94888306,  941.09332275], dtype=float32), array([  -11.6229248 ,     5.81668329,  1502.00244141], dtype=float32)),{}]
["add_polygon_ray",(array([ 471.22006226,   99.11697388, -555.44842529], dtype=float32), array([ 463.31838989,  118.28109741,  946.46722412], dtype=float32), array([   -7.90166616,    19.16410255,  1501.91564941], dtype=float32)),{}]
["add_polygon_ray",(array([ 508.17074585,  176.79763794, -556.24523926], dtype=float32), array([ 500.269104  ,  195.96173096,  945.67047119], dtype=float32), array([   -7.90166616,    19.16410255,  1501.91564941], dtype=float32)),{}]
["add_polygon_ray",(array([ 637.75469971,  211.35510254, -556.00439453], dtype=float32), array([ 629.85302734,  230.51919556,  945.91125488], dtype=float32), array([   -7.90166616,    19.16410255,  1501.91564941], dtype=float32)),{}]
["add_polygon_ray",(array([ 803.00024414,  385.26699829, -560.76190186], dtype=float32), array([ 839.26208496,  453.67050171,  939.30023193], dtype=float32), array([   36.26182556,    68.40351868,  1500.06213379], dtype=float32)),{}]
["select_region_polygon",(),{}]
["crop_selection",(),{}]
["set_obj_matrix",('Mesh 1', array([[ -9.99993148e-01,  -3.70182556e-03,   1.22463846e-16,          5.84910395e+02],       [ -3.70182556e-03,   9.99993148e-01,   4.53342902e-19,         -5.04746700e+02],       [ -1.22464685e-16,   0.00000000e+00,  -1.00000000e+00,          1.91037415e+02],       [  0.00000000e+00,   0.00000000e+00,   0.00000000e+00,          1.00000000e+00]])),{}]
["set_obj_matrix",('Mesh 1', array([[ -9.94770866e-01,  -1.02131891e-01,   1.21824301e-16,          6.31760641e+02],       [ -1.02131891e-01,   9.94770866e-01,   1.25075499e-17,         -4.44711022e+02],       [ -1.22464685e-16,   0.00000000e+00,  -1.00000000e+00,          1.91037415e+02],       [  0.00000000e+00,   0.00000000e+00,   0.00000000e+00,          1.00000000e+00]])),{}]
["set_obj_matrix",('Mesh 1', array([[ -8.46814656e-01,  -5.31888088e-01,   1.03704890e-16,          7.63343622e+02],       [ -5.31888088e-01,   8.46814656e-01,   6.51375073e-17,         -1.19146613e+02],       [ -1.22464685e-16,   0.00000000e+00,  -1.00000000e+00,          1.91037415e+02],       [  0.00000000e+00,   0.00000000e+00,   0.00000000e+00,          1.00000000e+00]])),{}]
["set_obj_matrix",('Mesh 1', array([[ -6.60585960e-01,  -7.50750418e-01,   8.08984517e-17,          7.65708404e+02],       [ -7.50750418e-01,   6.60585960e-01,   9.19404136e-17,          1.02859326e+02],       [ -1.22464685e-16,   0.00000000e+00,  -1.00000000e+00,          1.91037415e+02],       [  0.00000000e+00,   0.00000000e+00,   0.00000000e+00,          1.00000000e+00]])),{}]
["set_obj_matrix",('Mesh 1', array([[ -3.86485692e-01,  -9.22295403e-01,   4.73308487e-17,          6.92855166e+02],       [ -9.22295403e-01,   3.86485692e-01,   1.12948616e-16,          3.41820303e+02],       [ -1.22464685e-16,   0.00000000e+00,  -1.00000000e+00,          1.91037415e+02],       [  0.00000000e+00,   0.00000000e+00,   0.00000000e+00,          1.00000000e+00]])),{}]
["set_obj_matrix",('Mesh 1', array([[ -3.01397773e-01,  -9.53498496e-01,   3.69105834e-17,          6.59062797e+02],       [ -9.53498496e-01,   3.01397773e-01,   1.16769893e-16,          4.03144677e+02],       [ -1.22464685e-16,   0.00000000e+00,  -1.00000000e+00,          1.91037415e+02],       [  0.00000000e+00,   0.00000000e+00,   0.00000000e+00,          1.00000000e+00]])),{}]
["set_obj_matrix",('Mesh 1', array([[ -2.47993696e-01,  -9.68761646e-01,   3.03704699e-17,          6.35663216e+02],       [ -9.68761646e-01,   2.47993696e-01,   1.18639090e-16,          4.39114651e+02],       [ -1.22464685e-16,   0.00000000e+00,  -1.00000000e+00,          1.91037415e+02],       [  0.00000000e+00,   0.00000000e+00,   0.00000000e+00,          1.00000000e+00]])),{}]
["set_obj_matrix",('Mesh 1', array([[ -1.55943461e-01,  -9.87765983e-01,   1.90975669e-17,          5.91627900e+02],       [ -9.87765983e-01,   1.55943461e-01,   1.20966450e-16,          4.96855944e+02],       [ -1.22464685e-16,   0.00000000e+00,  -1.00000000e+00,          1.91037415e+02],       [  0.00000000e+00,   0.00000000e+00,   0.00000000e+00,          1.00000000e+00]])),{}]
["set_obj_matrix",('Mesh 1', array([[ -1.24725777e-01,  -9.92191252e-01,   1.52745030e-17,          5.75670012e+02],       [ -9.92191252e-01,   1.24725777e-01,   1.21508389e-16,          5.15260553e+02],       [ -1.22464685e-16,   0.00000000e+00,  -1.00000000e+00,          1.91037415e+02],       [  0.00000000e+00,   0.00000000e+00,   0.00000000e+00,          1.00000000e+00]])),{}]
["set_obj_matrix",('Mesh 1', array([[ -1.22874836e-01,  -9.92422176e-01,   1.50478282e-17,          5.74707901e+02],       [ -9.92422176e-01,   1.22874836e-01,   1.21536669e-16,          5.16333448e+02],       [ -1.22464685e-16,   0.00000000e+00,  -1.00000000e+00,          1.91037415e+02],       [  0.00000000e+00,   0.00000000e+00,   0.00000000e+00,          1.00000000e+00]])),{}]
["set_obj_matrix",('Mesh 1', array([[ -1.24675021e-01,  -9.92197631e-01,   1.52682872e-17,          5.75643653e+02],       [ -9.92197631e-01,   1.24675021e-01,   1.21509171e-16,          5.15290001e+02],       [ -1.22464685e-16,   0.00000000e+00,  -1.00000000e+00,          1.91037415e+02],       [  0.00000000e+00,   0.00000000e+00,   0.00000000e+00,          1.00000000e+00]])),{}]
["save_ply",('%s',),{}]