["add_ply",('%s',),{}]
["add_polygon_ray",(array([ 803.36364746,  613.66931152, -515.55053711], dtype=float32), array([ 803.37298584,  625.45703125,  927.515625  ], dtype=float32), array([  9.33605153e-03,   1.17877045e+01,   1.44306616e+03], dtype=float32)),{}]
["add_polygon_ray",(array([ 757.17889404,  772.40509033, -516.84680176], dtype=float32), array([ 757.18823242,  784.19281006,  926.21936035], dtype=float32), array([  9.33605153e-03,   1.17877045e+01,   1.44306616e+03], dtype=float32)),{}]
["add_polygon_ray",(array([ 736.97033691,  928.25561523, -518.11975098], dtype=float32), array([ 736.97967529,  940.04333496,  924.94641113], dtype=float32), array([  9.33605153e-03,   1.17877045e+01,   1.44306616e+03], dtype=float32)),{}]
["add_polygon_ray",(array([  578.16687012,  1008.71600342,  -520.90075684], dtype=float32), array([  577.89837646,  1032.33764648,   922.0201416 ], dtype=float32), array([ -2.68504649e-01,   2.36215515e+01,   1.44292090e+03], dtype=float32)),{}]
["add_polygon_ray",(array([ 390.65206909,  896.0177002 , -519.09069824], dtype=float32), array([ 390.38357544,  919.63928223,  923.8302002 ], dtype=float32), array([ -2.68504649e-01,   2.36215515e+01,   1.44292090e+03], dtype=float32)),{}]
["add_polygon_ray",(array([ 145.51879883,  650.52441406, -515.11743164], dtype=float32), array([ 145.25030518,  674.14599609,  927.80352783], dtype=float32), array([ -2.68504649e-01,   2.36215515e+01,   1.44292090e+03], dtype=float32)),{}]
["add_polygon_ray",(array([ 111.21398926,  237.82141113, -508.36758423], dtype=float32), array([ 110.94549561,  261.44293213,  934.55334473], dtype=float32), array([ -2.68504649e-01,   2.36215515e+01,   1.44292090e+03], dtype=float32)),{}]
["add_polygon_ray",(array([ 301.8503418 ,   56.16619873, -505.35830688], dtype=float32), array([ 301.58184814,   79.78778076,  937.56262207], dtype=float32), array([ -2.68504649e-01,   2.36215515e+01,   1.44292090e+03], dtype=float32)),{}]
["add_polygon_ray",(array([ 659.6940918 ,  117.05596924, -506.2885437 ], dtype=float32), array([ 659.42559814,  140.67755127,  936.63232422], dtype=float32), array([ -2.68504649e-01,   2.36215515e+01,   1.44292090e+03], dtype=float32)),{}]
["add_polygon_ray",(array([ 959.62414551,  414.53842163, -511.10269165], dtype=float32), array([ 959.35565186,  438.15997314,  931.8182373 ], dtype=float32), array([ -2.68504649e-01,   2.36215515e+01,   1.44292090e+03], dtype=float32)),{}]
["select_region_polygon",(),{}]
["crop_selection",(),{}]
["transform_mesh",(array([[ 0.,  1.,  0.],       [ 1.,  0.,  0.],       [ 0.,  0.,  1.]], dtype=float32), array([ 0.,  0.,  0.], dtype=float32)),{'reverse': True}]
["set_obj_matrix",('Mesh 1', array([[ -9.99986203e-01,   5.25297768e-03,   1.22462996e-16,          8.02226224e+02],       [  5.25297768e-03,   9.99986203e-01,  -6.43304258e-19,         -7.68094547e+02],       [ -1.22464685e-16,   0.00000000e+00,  -1.00000000e+00,          2.04803802e+02],       [  0.00000000e+00,   0.00000000e+00,   0.00000000e+00,          1.00000000e+00]])),{}]
["set_obj_matrix",('Mesh 1', array([[ -9.99965799e-01,   8.27046798e-03,   1.22460497e-16,          7.99904803e+02],       [  8.27046798e-03,   9.99965799e-01,  -1.01284026e-18,         -7.70511812e+02],       [ -1.22464685e-16,   0.00000000e+00,  -1.00000000e+00,          2.04803802e+02],       [  0.00000000e+00,   0.00000000e+00,   0.00000000e+00,          1.00000000e+00]])),{}]
["set_obj_matrix",('Mesh 1', array([[ -9.98979167e-01,   4.51732753e-02,   1.22339669e-16,          7.70920388e+02],       [  4.51732753e-02,   9.98979167e-01,  -5.53213095e-18,         -7.99511040e+02],       [ -1.22464685e-16,   0.00000000e+00,  -1.00000000e+00,          2.04803802e+02],       [  0.00000000e+00,   0.00000000e+00,   0.00000000e+00,          1.00000000e+00]])),{}]
["set_obj_matrix",('Mesh 1', array([[ -9.95993654e-01,   8.94239357e-02,   1.21974049e-16,          7.34711573e+02],       [  8.94239357e-02,   9.95993654e-01,  -1.09512741e-17,         -8.32907589e+02],       [ -1.22464685e-16,   0.00000000e+00,  -1.00000000e+00,          2.04803802e+02],       [  0.00000000e+00,   0.00000000e+00,   0.00000000e+00,          1.00000000e+00]])),{}]
["set_obj_matrix",('Mesh 1', array([[ -9.93874485e-01,   1.10514737e-01,   1.21714526e-16,          7.16892365e+02],       [  1.10514737e-01,   9.93874485e-01,  -1.35341525e-17,         -8.48293277e+02],       [ -1.22464685e-16,   0.00000000e+00,  -1.00000000e+00,          2.04803802e+02],       [  0.00000000e+00,   0.00000000e+00,   0.00000000e+00,          1.00000000e+00]])),{}]
["set_obj_matrix",('Mesh 1', array([[ -9.89731078e-01,   1.42941924e-01,   1.21207105e-16,          6.88781591e+02],       [  1.42941924e-01,   9.89731078e-01,  -1.75053378e-17,         -8.71272670e+02],       [ -1.22464685e-16,   0.00000000e+00,  -1.00000000e+00,          2.04803802e+02],       [  0.00000000e+00,   0.00000000e+00,   0.00000000e+00,          1.00000000e+00]])),{}]
["set_obj_matrix",('Mesh 1', array([[ -9.83709188e-01,   1.79767163e-01,   1.20469636e-16,          6.55796753e+02],       [  1.79767163e-01,   9.83709188e-01,  -2.20151290e-17,         -8.96363077e+02],       [ -1.22464685e-16,   0.00000000e+00,  -1.00000000e+00,          2.04803802e+02],       [  0.00000000e+00,   0.00000000e+00,   0.00000000e+00,          1.00000000e+00]])),{}]
["set_obj_matrix",('Mesh 1', array([[ -9.72687573e-01,   2.32118256e-01,   1.19119878e-16,          6.06921154e+02],       [  2.32118256e-01,   9.72687573e-01,  -2.84262892e-17,         -9.30152063e+02],       [ -1.22464685e-16,   0.00000000e+00,  -1.00000000e+00,          2.04803802e+02],       [  0.00000000e+00,   0.00000000e+00,   0.00000000e+00,          1.00000000e+00]])),{}]
["set_obj_matrix",('Mesh 1', array([[ -9.43574094e-01,   3.31161484e-01,   1.15554504e-16,          5.07792275e+02],       [  3.31161484e-01,   9.43574094e-01,  -4.05555869e-17,         -9.87766750e+02],       [ -1.22464685e-16,   0.00000000e+00,  -1.00000000e+00,          2.04803802e+02],       [  0.00000000e+00,   0.00000000e+00,   0.00000000e+00,          1.00000000e+00]])),{}]
["set_obj_matrix",('Mesh 1', array([[ -7.42051011e-01,   6.70343418e-01,   9.08750435e-17,          8.62234407e+01],       [  6.70343418e-01,   7.42051011e-01,  -8.20933957e-17,         -1.10729475e+03],       [ -1.22464685e-16,   0.00000000e+00,  -1.00000000e+00,          2.04803802e+02],       [  0.00000000e+00,   0.00000000e+00,   0.00000000e+00,          1.00000000e+00]])),{}]
["set_obj_matrix",('Mesh 1', array([[ -5.70343866e-01,   8.21406035e-01,   6.98469820e-17,         -1.67607617e+02],       [  8.21406035e-01,   5.70343866e-01,  -1.00593232e-16,         -1.09792706e+03],       [ -1.22464685e-16,   0.00000000e+00,  -1.00000000e+00,          2.04803802e+02],       [  0.00000000e+00,   0.00000000e+00,   0.00000000e+00,          1.00000000e+00]])),{}]
["set_obj_matrix",('Mesh 1', array([[ -2.35440158e-01,   9.71888848e-01,   2.88331048e-17,         -5.52572998e+02],       [  9.71888848e-01,   2.35440158e-01,  -1.19022062e-16,         -9.63430968e+02],       [ -1.22464685e-16,   0.00000000e+00,  -1.00000000e+00,          2.04803802e+02],       [  0.00000000e+00,   0.00000000e+00,   0.00000000e+00,          1.00000000e+00]])),{}]
["set_obj_matrix",('Mesh 1', array([[  1.88012153e-01,   9.82166702e-01,  -2.30248492e-17,         -9.01832341e+02],       [  9.82166702e-01,  -1.88012153e-01,  -1.20280736e-16,         -6.48255024e+02],       [ -1.22464685e-16,   0.00000000e+00,  -1.00000000e+00,          2.04803802e+02],       [  0.00000000e+00,   0.00000000e+00,   0.00000000e+00,          1.00000000e+00]])),{}]
["set_obj_matrix",('Mesh 1', array([[  2.42875098e-01,   9.70057569e-01,  -2.97436224e-17,         -9.36815785e+02],       [  9.70057569e-01,  -2.42875098e-01,  -1.18797795e-16,         -5.96583886e+02],       [ -1.22464685e-16,   0.00000000e+00,  -1.00000000e+00,          2.04803802e+02],       [  0.00000000e+00,   0.00000000e+00,   0.00000000e+00,          1.00000000e+00]])),{}]
["set_obj_matrix",('Mesh 1', array([[  3.56358765e-01,   9.34349202e-01,  -4.36413640e-17,         -1.00103544e+03],       [  9.34349202e-01,  -3.56358765e-01,  -1.14424781e-16,         -4.81107262e+02],       [ -1.22464685e-16,   0.00000000e+00,  -1.00000000e+00,          2.04803802e+02],       [  0.00000000e+00,   0.00000000e+00,   0.00000000e+00,          1.00000000e+00]])),{}]
["set_obj_matrix",('Mesh 1', array([[  5.08751079e-01,   8.60913665e-01,  -6.23040408e-17,         -1.06780654e+03],       [  8.60913665e-01,  -5.08751079e-01,  -1.05431521e-16,         -3.05491968e+02],       [ -1.22464685e-16,   0.00000000e+00,  -1.00000000e+00,          2.04803802e+02],       [  0.00000000e+00,   0.00000000e+00,   0.00000000e+00,          1.00000000e+00]])),{}]
["set_obj_matrix",('Mesh 1', array([[  5.72845533e-01,   8.19663343e-01,  -7.01533479e-17,         -1.08797281e+03],       [  8.19663343e-01,  -5.72845533e-01,  -1.00379813e-16,         -2.23274075e+02],       [ -1.22464685e-16,   0.00000000e+00,  -1.00000000e+00,          2.04803802e+02],       [  0.00000000e+00,   0.00000000e+00,   0.00000000e+00,          1.00000000e+00]])),{}]
["set_obj_matrix",('Mesh 1', array([[  6.07864547e-01,   7.94040738e-01,  -7.44419404e-17,         -1.09663455e+03],       [  7.94040738e-01,  -6.07864547e-01,  -9.72419490e-17,         -1.75865882e+02],       [ -1.22464685e-16,   0.00000000e+00,  -1.00000000e+00,          2.04803802e+02],       [  0.00000000e+00,   0.00000000e+00,   0.00000000e+00,          1.00000000e+00]])),{}]
["set_obj_matrix",('Mesh 1', array([[  6.28183625e-01,   7.78065121e-01,  -7.69303100e-17,         -1.10081351e+03],       [  7.78065121e-01,  -6.28183625e-01,  -9.52855002e-17,         -1.47464410e+02],       [ -1.22464685e-16,   0.00000000e+00,  -1.00000000e+00,          2.04803802e+02],       [  0.00000000e+00,   0.00000000e+00,   0.00000000e+00,          1.00000000e+00]])),{}]
["set_obj_matrix",('Mesh 1', array([[  6.79640553e-01,   7.33545308e-01,  -8.32319664e-17,         -1.10829332e+03],       [  7.33545308e-01,  -6.79640553e-01,  -8.98333953e-17,         -7.22639170e+01],       [ -1.22464685e-16,   0.00000000e+00,  -1.00000000e+00,          2.04803802e+02],       [  0.00000000e+00,   0.00000000e+00,   0.00000000e+00,          1.00000000e+00]])),{}]
["set_obj_matrix",('Mesh 1', array([[  7.42536480e-01,   6.69805625e-01,  -9.09344963e-17,         -1.11031433e+03],       [  6.69805625e-01,  -7.42536480e-01,  -8.20275351e-17,          2.71705025e+01],       [ -1.22464685e-16,   0.00000000e+00,  -1.00000000e+00,          2.04803802e+02],       [  0.00000000e+00,   0.00000000e+00,   0.00000000e+00,          1.00000000e+00]])),{}]
["set_obj_matrix",('Mesh 1', array([[  7.85946618e-01,   6.18294358e-01,  -9.62507053e-17,         -1.10596585e+03],       [  6.18294358e-01,  -7.85946618e-01,  -7.57192239e-17,          1.01861155e+02],       [ -1.22464685e-16,   0.00000000e+00,  -1.00000000e+00,          2.04803802e+02],       [  0.00000000e+00,   0.00000000e+00,   0.00000000e+00,          1.00000000e+00]])),{}]
["set_obj_matrix",('Mesh 1', array([[  7.93097705e-01,   6.09094434e-01,  -9.71264608e-17,         -1.10470386e+03],       [  6.09094434e-01,  -7.93097705e-01,  -7.45925582e-17,          1.14741093e+02],       [ -1.22464685e-16,   0.00000000e+00,  -1.00000000e+00,          2.04803802e+02],       [  0.00000000e+00,   0.00000000e+00,   0.00000000e+00,          1.00000000e+00]])),{}]
["set_obj_matrix",('Mesh 1', array([[  8.00255890e-01,   5.99658661e-01,  -9.80030857e-17,         -1.10326745e+03],       [  5.99658661e-01,  -8.00255890e-01,  -7.34370092e-17,          1.27816606e+02],       [ -1.22464685e-16,   0.00000000e+00,  -1.00000000e+00,          2.04803802e+02],       [  0.00000000e+00,   0.00000000e+00,   0.00000000e+00,          1.00000000e+00]])),{}]
["set_obj_matrix",('Mesh 1', array([[  8.31839837e-01,   5.55015752e-01,  -1.01871004e-16,         -1.09463063e+03],       [  5.55015752e-01,  -8.31839837e-01,  -6.79698294e-17,          1.87935975e+02],       [ -1.22464685e-16,   0.00000000e+00,  -1.00000000e+00,          2.04803802e+02],       [  0.00000000e+00,   0.00000000e+00,   0.00000000e+00,          1.00000000e+00]])),{}]
["set_obj_matrix",('Mesh 1', array([[  8.69214533e-01,   4.94435128e-01,  -1.06448084e-16,         -1.07848826e+03],       [  4.94435128e-01,  -8.69214533e-01,  -6.05508424e-17,          2.65328503e+02],       [ -1.22464685e-16,   0.00000000e+00,  -1.00000000e+00,          2.04803802e+02],       [  0.00000000e+00,   0.00000000e+00,   0.00000000e+00,          1.00000000e+00]])),{}]
["set_obj_matrix",('Mesh 1', array([[  8.86951723e-01,   4.61862146e-01,  -1.08620264e-16,         -1.06790735e+03],       [  4.61862146e-01,  -8.86951723e-01,  -5.65618023e-17,          3.05139373e+02],       [ -1.22464685e-16,   0.00000000e+00,  -1.00000000e+00,          2.04803802e+02],       [  0.00000000e+00,   0.00000000e+00,   0.00000000e+00,          1.00000000e+00]])),{}]
["set_obj_matrix",('Mesh 1', array([[  8.89270398e-01,   4.57381852e-01,  -1.08904219e-16,         -1.06635442e+03],       [  4.57381852e-01,  -8.89270398e-01,  -5.60131245e-17,          3.10522776e+02],       [ -1.22464685e-16,   0.00000000e+00,  -1.00000000e+00,          2.04803802e+02],       [  0.00000000e+00,   0.00000000e+00,   0.00000000e+00,          1.00000000e+00]])),{}]
["set_obj_matrix",('Mesh 1', array([[  9.03407078e-01,   4.28783922e-01,  -1.10635463e-16,         -1.05590702e+03],       [  4.28783922e-01,  -9.03407078e-01,  -5.25108880e-17,          3.44378439e+02],       [ -1.22464685e-16,   0.00000000e+00,  -1.00000000e+00,          2.04803802e+02],       [  0.00000000e+00,   0.00000000e+00,   0.00000000e+00,          1.00000000e+00]])),{}]
["set_obj_matrix",('Mesh 1', array([[  9.13497076e-01,   4.06845294e-01,  -1.11871132e-16,         -1.04728382e+03],       [  4.06845294e-01,  -9.13497076e-01,  -4.98241808e-17,          3.69773902e+02],       [ -1.22464685e-16,   0.00000000e+00,  -1.00000000e+00,          2.04803802e+02],       [  0.00000000e+00,   0.00000000e+00,   0.00000000e+00,          1.00000000e+00]])),{}]
["set_obj_matrix",('Mesh 1', array([[  9.13889013e-01,   4.05964127e-01,  -1.11919130e-16,         -1.04692673e+03],       [  4.05964127e-01,  -9.13889013e-01,  -4.97162691e-17,          3.70783731e+02],       [ -1.22464685e-16,   0.00000000e+00,  -1.00000000e+00,          2.04803802e+02],       [  0.00000000e+00,   0.00000000e+00,   0.00000000e+00,          1.00000000e+00]])),{}]
["set_obj_matrix",('Mesh 1', array([[  9.12057050e-01,   4.10063334e-01,  -1.11694780e-16,         -1.04858097e+03],       [  4.10063334e-01,  -9.12057050e-01,  -5.02182772e-17,          3.66079365e+02],       [ -1.22464685e-16,   0.00000000e+00,  -1.00000000e+00,          2.04803802e+02],       [  0.00000000e+00,   0.00000000e+00,   0.00000000e+00,          1.00000000e+00]])),{}]
["set_obj_matrix",('Mesh 1', array([[  9.10203166e-01,   4.14162042e-01,  -1.11467744e-16,         -1.05021715e+03],       [  4.14162042e-01,  -9.10203166e-01,  -5.07202242e-17,          3.61358655e+02],       [ -1.22464685e-16,   0.00000000e+00,  -1.00000000e+00,          2.04803802e+02],       [  0.00000000e+00,   0.00000000e+00,   0.00000000e+00,          1.00000000e+00]])),{}]
["set_obj_matrix",('Mesh 1', array([[  9.08327359e-01,   4.18259978e-01,  -1.11238024e-16,         -1.05183507e+03],       [  4.18259978e-01,  -9.08327359e-01,  -5.12220765e-17,          3.56621823e+02],       [ -1.22464685e-16,   0.00000000e+00,  -1.00000000e+00,          2.04803802e+02],       [  0.00000000e+00,   0.00000000e+00,   0.00000000e+00,          1.00000000e+00]])),{}]
["set_obj_matrix",('Mesh 1', array([[  9.02568453e-01,   4.30546384e-01,  -1.10532761e-16,         -1.05657717e+03],       [  4.30546384e-01,  -9.02568453e-01,  -5.27267274e-17,          3.42316854e+02],       [ -1.22464685e-16,   0.00000000e+00,  -1.00000000e+00,          2.04803802e+02],       [  0.00000000e+00,   0.00000000e+00,   0.00000000e+00,          1.00000000e+00]])),{}]
["set_obj_matrix",('Mesh 1', array([[  9.00605025e-01,   4.34638459e-01,  -1.10292311e-16,         -1.05811997e+03],       [  4.34638459e-01,  -9.00605025e-01,  -5.32278620e-17,          3.37517815e+02],       [ -1.22464685e-16,   0.00000000e+00,  -1.00000000e+00,          2.04803802e+02],       [  0.00000000e+00,   0.00000000e+00,   0.00000000e+00,          1.00000000e+00]])),{}]
["set_obj_matrix",('Mesh 1', array([[  8.98619729e-01,   4.38728370e-01,  -1.10049182e-16,         -1.05964349e+03],       [  4.38728370e-01,  -8.98619729e-01,  -5.37287318e-17,          3.32703817e+02],       [ -1.22464685e-16,   0.00000000e+00,  -1.00000000e+00,          2.04803802e+02],       [  0.00000000e+00,   0.00000000e+00,   0.00000000e+00,          1.00000000e+00]])),{}]
["set_obj_matrix",('Mesh 1', array([[  8.96612589e-01,   4.42815837e-01,  -1.09803379e-16,         -1.06114752e+03],       [  4.42815837e-01,  -8.96612589e-01,  -5.42293021e-17,          3.27875103e+02],       [ -1.22464685e-16,   0.00000000e+00,  -1.00000000e+00,          2.04803802e+02],       [  0.00000000e+00,   0.00000000e+00,   0.00000000e+00,          1.00000000e+00]])),{}]
["save_ply",('%s',),{}]