["add_ply",('%s',),{}]
["add_polygon_ray",(array([ 522.63061523,  480.46514893,  -70.77075195], dtype=float32), array([ 522.63061523,  480.46514893,  406.79519653], dtype=float32), array([  5.84849619e-14,   0.00000000e+00,   4.77565948e+02], dtype=float32)),{}]
["add_polygon_ray",(array([ 396.55319214,  507.20883179,  -70.77075195], dtype=float32), array([ 396.55319214,  507.20883179,  406.79519653], dtype=float32), array([  5.84849619e-14,   0.00000000e+00,   4.77565948e+02], dtype=float32)),{}]
["add_polygon_ray",(array([ 335.42474365,  475.68948364,  -70.77075195], dtype=float32), array([ 335.42474365,  475.68948364,  406.79519653], dtype=float32), array([  5.84849619e-14,   0.00000000e+00,   4.77565948e+02], dtype=float32)),{}]
["add_polygon_ray",(array([ 270.47576904,  529.17687988,  -70.77075195], dtype=float32), array([ 270.47576904,  529.17687988,  406.79519653], dtype=float32), array([  5.84849619e-14,   0.00000000e+00,   4.77565948e+02], dtype=float32)),{}]
["add_polygon_ray",(array([ 162.12623596,  435.34454346,  -70.61941528], dtype=float32), array([ 162.79434204,  431.75942993,  406.93261719], dtype=float32), array([   0.6681121 ,   -3.58512998,  477.55203247], dtype=float32)),{}]
["add_polygon_ray",(array([ 140.02539062,  229.80445862, -182.29197693], dtype=float32), array([ 177.20779419,  391.97320557,  599.7868042 ], dtype=float32), array([  37.18240356,  162.16876221,  782.07879639], dtype=float32)),{}]
["add_polygon_ray",(array([ 254.25086975,   45.79522705, -149.56718445], dtype=float32), array([ 291.43328857,  207.96398926,  632.51165771], dtype=float32), array([  37.18240356,  162.16876221,  782.07879639], dtype=float32)),{}]
["add_polygon_ray",(array([ 403.34503174,  100.47979736, -164.79112244], dtype=float32), array([ 439.36096191,  271.32113647,  615.49383545], dtype=float32), array([  36.01594162,  170.84135437,  780.28491211], dtype=float32)),{}]
["add_polygon_ray",(array([ 495.09289551,  162.47665405, -180.04057312], dtype=float32), array([ 529.94464111,  341.92279053,  598.36352539], dtype=float32), array([  34.8517189 ,  179.44613647,  778.40411377], dtype=float32)),{}]
["add_polygon_ray",(array([ 552.5       ,  299.59887695, -214.2217865 ], dtype=float32), array([ 587.35174561,  479.04504395,  564.18231201], dtype=float32), array([  34.8517189 ,  179.44613647,  778.40411377], dtype=float32)),{}]
["add_polygon_ray",(array([ 528.49536133,  347.08007812, -224.09291077], dtype=float32), array([ 563.3470459 ,  526.52624512,  554.31121826], dtype=float32), array([  34.8517189 ,  179.44613647,  778.40411377], dtype=float32)),{}]
["select_region_polygon",(),{}]
["crop_selection",(),{}]
["transform_mesh",(array([[ 0.,  1.,  0.],       [ 1.,  0.,  0.],       [ 0.,  0.,  1.]], dtype=float32), array([ 0.,  0.,  0.], dtype=float32)),{'reverse': True}]
["set_obj_matrix",('Mesh 1', array([[ -9.99995544e-01,  -2.90897444e-03,   6.70408796e-04,          3.85347547e+02],       [ -2.90888710e-03,   9.99995761e-01,   1.31217796e-04,         -4.54534419e+02],       [ -6.70787663e-04,   1.29267068e-04,  -9.99999767e-01,          1.68210959e+02],       [  0.00000000e+00,   0.00000000e+00,   0.00000000e+00,          1.00000000e+00]])),{}]
["set_obj_matrix",('Mesh 1', array([[ -9.99597546e-01,  -2.76469572e-02,   6.35545684e-03,          3.95510913e+02],       [ -2.76390685e-02,   9.99617089e-01,   1.32576516e-03,         -4.45062818e+02],       [ -6.38967664e-03,   1.14957269e-03,  -9.99978925e-01,          1.69939408e+02],       [  0.00000000e+00,   0.00000000e+00,   0.00000000e+00,          1.00000000e+00]])),{}]
["set_obj_matrix",('Mesh 1', array([[ -9.88679845e-01,  -1.46315969e-01,   3.32235012e-02,          4.40872231e+02],       [ -1.46094076e-01,   9.89229542e-01,   9.02403652e-03,         -3.96120437e+02],       [ -3.41860295e-02,   4.06812632e-03,  -9.99407207e-01,          1.79191159e+02],       [  0.00000000e+00,   0.00000000e+00,   0.00000000e+00,          1.00000000e+00]])),{}]
["set_obj_matrix",('Mesh 1', array([[ -9.46393927e-01,  -3.15276301e-01,   7.02807870e-02,          4.95386277e+02],       [ -3.14225540e-01,   9.48996993e-01,   2.58266802e-02,         -3.16026833e+02],       [ -7.48387958e-02,   2.35819503e-03,  -9.97192857e-01,          1.95214431e+02],       [  0.00000000e+00,   0.00000000e+00,   0.00000000e+00,          1.00000000e+00]])),{}]
["set_obj_matrix",('Mesh 1', array([[ -8.51851661e-01,  -5.11809403e-01,   1.11354757e-01,          5.41714929e+02],       [ -5.08905468e-01,   8.59045621e-01,   5.52797078e-02,         -2.05206943e+02],       [ -1.23951491e-01,  -9.57893391e-03,  -9.92242043e-01,          2.18687545e+02],       [  0.00000000e+00,   0.00000000e+00,   0.00000000e+00,          1.00000000e+00]])),{}]
["set_obj_matrix",('Mesh 1', array([[ -7.03607818e-01,  -6.95217551e-01,   1.46998624e-01,          5.62347026e+02],       [ -6.89407808e-01,   7.18000375e-01,   9.58766711e-02,         -7.84255091e+01],       [ -1.72200211e-01,  -3.38824236e-02,  -9.84479085e-01,          2.46990808e+02],       [  0.00000000e+00,   0.00000000e+00,   0.00000000e+00,          1.00000000e+00]])),{}]
["set_obj_matrix",('Mesh 1', array([[ -6.39704016e-01,  -7.52351503e-01,   1.57308577e-01,          5.62099086e+02],       [ -7.45289147e-01,   6.57199688e-01,   1.12395096e-01,         -3.20320246e+01],       [ -1.87943767e-01,  -4.53407809e-02,  -9.81132689e-01,          2.57697037e+02],       [  0.00000000e+00,   0.00000000e+00,   0.00000000e+00,          1.00000000e+00]])),{}]
["set_obj_matrix",('Mesh 1', array([[ -6.27683853e-01,  -7.62056139e-01,   1.59007613e-01,          5.61617985e+02],       [ -7.54758170e-01,   6.45763214e-01,   1.15455515e-01,         -2.36979953e+01],       [ -1.90664851e-01,  -4.75427320e-02,  -9.80503240e-01,          2.59639828e+02],       [  0.00000000e+00,   0.00000000e+00,   0.00000000e+00,          1.00000000e+00]])),{}]
["set_obj_matrix",('Mesh 1', array([[ -6.11364155e-01,  -7.74756047e-01,   1.61204646e-01,          5.60766346e+02],       [ -7.67138186e-01,   6.30235987e-01,   1.19589314e-01,         -1.25622112e+01],       [ -1.94249513e-01,  -5.05536198e-02,  -9.79648640e-01,          2.62245101e+02],       [  0.00000000e+00,   0.00000000e+00,   0.00000000e+00,          1.00000000e+00]])),{}]
["set_obj_matrix",('Mesh 1', array([[ -5.09514748e-01,  -8.43018094e-01,   1.72381018e-01,          5.50866860e+02],       [ -8.33403828e-01,   5.33332302e-01,   1.44895532e-01,          5.27934770e+01],       [ -2.14085921e-01,  -6.98365897e-02,  -9.74315180e-01,          2.77754835e+02],       [  0.00000000e+00,   0.00000000e+00,   0.00000000e+00,          1.00000000e+00]])),{}]
["set_obj_matrix",('Mesh 1', array([[ -4.26139309e-01,  -8.86822988e-01,   1.78746403e-01,          5.37728749e+02],       [ -8.75574435e-01,   4.54005505e-01,   1.65070922e-01,          1.01746838e+02],       [ -2.27540540e-01,  -8.61625725e-02,  -9.69949130e-01,          2.89628330e+02],       [  0.00000000e+00,   0.00000000e+00,   0.00000000e+00,          1.00000000e+00]])),{}]
["set_obj_matrix",('Mesh 1', array([[ -4.20151054e-01,  -8.89600808e-01,   1.79118662e-01,          5.36631561e+02],       [ -8.78234876e-01,   4.48308034e-01,   1.66503482e-01,          1.05124071e+02],       [ -2.28421967e-01,  -8.73516431e-02,  -9.69635548e-01,          2.90456011e+02],       [  0.00000000e+00,   0.00000000e+00,   0.00000000e+00,          1.00000000e+00]])),{}]
["set_obj_matrix",('Mesh 1', array([[ -4.18715148e-01,  -8.90259918e-01,   1.79206317e-01,          5.36365561e+02],       [ -8.78865840e-01,   4.46941855e-01,   1.66846679e-01,          1.05931261e+02],       [ -2.28631714e-01,  -8.76370790e-02,  -9.69560355e-01,          2.90654003e+02],       [  0.00000000e+00,   0.00000000e+00,   0.00000000e+00,          1.00000000e+00]])),{}]
["set_obj_matrix",('Mesh 1', array([[ -4.12626108e-01,  -8.93025136e-01,   1.79571159e-01,          5.35225162e+02],       [ -8.81511704e-01,   4.41148494e-01,   1.68300691e-01,          1.09342981e+02],       [ -2.29514294e-01,  -8.88488194e-02,  -9.69241495e-01,          2.91491569e+02],       [  0.00000000e+00,   0.00000000e+00,   0.00000000e+00,          1.00000000e+00]])),{}]
["set_obj_matrix",('Mesh 1', array([[ -3.73558595e-01,  -9.09646053e-01,   1.81653611e-01,          5.27441045e+02],       [ -8.97366837e-01,   4.03978067e-01,   1.77579507e-01,          1.30810587e+02],       [ -2.34918572e-01,  -9.66735755e-02,  -9.67195680e-01,          2.96789035e+02],       [  0.00000000e+00,   0.00000000e+00,   0.00000000e+00,          1.00000000e+00]])),{}]
["set_obj_matrix",('Mesh 1', array([[ -3.41641046e-01,  -9.21835003e-01,   1.83034486e-01,          5.20502018e+02],       [ -9.08930154e-01,   3.73610407e-01,   1.85097917e-01,          1.47825763e+02],       [ -2.39013327e-01,  -1.03128518e-01,  -9.65524281e-01,          3.01022241e+02],       [  0.00000000e+00,   0.00000000e+00,   0.00000000e+00,          1.00000000e+00]])),{}]
["set_obj_matrix",('Mesh 1', array([[ -3.21686592e-01,  -9.28843990e-01,   1.83756847e-01,          5.15908936e+02],       [ -9.15548003e-01,   3.54624924e-01,   1.89770959e-01,          1.58233180e+02],       [ -2.41432372e-01,  -1.07191441e-01,  -9.64479344e-01,          3.03627118e+02],       [  0.00000000e+00,   0.00000000e+00,   0.00000000e+00,          1.00000000e+00]])),{}]
["set_obj_matrix",('Mesh 1', array([[ -3.16775308e-01,  -9.30498489e-01,   1.83918366e-01,          5.14749038e+02],       [ -9.17106234e-01,   3.49952129e-01,   1.90917949e-01,          1.60768118e+02],       [ -2.42011487e-01,  -1.08194588e-01,  -9.64222159e-01,          3.04263432e+02],       [  0.00000000e+00,   0.00000000e+00,   0.00000000e+00,          1.00000000e+00]])),{}]
["set_obj_matrix",('Mesh 1', array([[ -3.11877842e-01,  -9.32120865e-01,   1.84073098e-01,          5.13580952e+02],       [ -9.18632611e-01,   3.45292479e-01,   1.92060483e-01,          1.63285580e+02],       [ -2.42582640e-01,  -1.09196141e-01,  -9.63965697e-01,          3.04896084e+02],       [  0.00000000e+00,   0.00000000e+00,   0.00000000e+00,          1.00000000e+00]])),{}]
["set_obj_matrix",('Mesh 1', array([[ -2.73295664e-01,  -9.43958109e-01,   1.85074496e-01,          5.03985306e+02],       [ -9.29713585e-01,   3.08583819e-01,   2.01019093e-01,          1.82762660e+02],       [ -2.46864597e-01,  -1.17128627e-01,  -9.61945297e-01,          3.09815780e+02],       [  0.00000000e+00,   0.00000000e+00,   0.00000000e+00,          1.00000000e+00]])),{}]
["set_obj_matrix",('Mesh 1', array([[ -1.83622304e-01,  -9.65245638e-01,   1.85966955e-01,          4.79087827e+02],       [ -9.49243378e-01,   2.23264923e-01,   2.21562142e-01,          2.25687278e+02],       [ -2.55381789e-01,  -1.35844150e-01,  -9.57249450e-01,          3.20825970e+02],       [  0.00000000e+00,   0.00000000e+00,   0.00000000e+00,          1.00000000e+00]])),{}]
["set_obj_matrix",('Mesh 1', array([[ -1.78977107e-01,  -9.66119018e-01,   1.85960315e-01,          4.77702493e+02],       [ -9.50025705e-01,   2.18845293e-01,   2.22616030e-01,          2.27824455e+02],       [ -2.55770120e-01,  -1.36823907e-01,  -9.57006199e-01,          3.21380682e+02],       [  0.00000000e+00,   0.00000000e+00,   0.00000000e+00,          1.00000000e+00]])),{}]
["set_obj_matrix",('Mesh 1', array([[ -1.29087549e-01,  -9.74115087e-01,   1.85569936e-01,          4.62246946e+02],       [ -9.57043863e-01,   1.71378331e-01,   2.33872855e-01,          2.50256555e+02],       [ -2.59621742e-01,  -1.47408495e-01,  -9.54393675e-01,          3.27243968e+02],       [  0.00000000e+00,   0.00000000e+00,   0.00000000e+00,          1.00000000e+00]])),{}]
["set_obj_matrix",('Mesh 1', array([[ -3.63742697e-02,  -9.82379363e-01,   1.83324027e-01,          4.30775200e+02],       [ -9.63490816e-01,   8.31671305e-02,   2.54496908e-01,          2.89459792e+02],       [ -2.65259043e-01,  -1.67373877e-01,  -9.49538638e-01,          3.37690617e+02],       [  0.00000000e+00,   0.00000000e+00,   0.00000000e+00,          1.00000000e+00]])),{}]
["set_obj_matrix",('Mesh 1', array([[ -3.23597530e-02,  -9.82546148e-01,   1.83182733e-01,          4.29332809e+02],       [ -9.63578910e-01,   7.93475554e-02,   2.55381382e-01,          2.91085349e+02],       [ -2.65459095e-01,  -1.68246939e-01,  -9.49328413e-01,          3.38129939e+02],       [  0.00000000e+00,   0.00000000e+00,   0.00000000e+00,          1.00000000e+00]])),{}]
["set_obj_matrix",('Mesh 1', array([[ -2.49594109e-02,  -9.82812269e-01,   1.82912744e-01,          4.26656682e+02],       [ -9.63699973e-01,   7.23065677e-02,   2.57009967e-01,          2.94066329e+02],       [ -2.65818341e-01,  -1.69858189e-01,  -9.48940886e-01,          3.38936965e+02],       [  0.00000000e+00,   0.00000000e+00,   0.00000000e+00,          1.00000000e+00]])),{}]
["set_obj_matrix",('Mesh 1', array([[ -1.36071101e-02,  -9.83116410e-01,   1.82474578e-01,          4.22508043e+02],       [ -9.63781591e-01,   6.15055251e-02,   2.59503594e-01,          2.98600019e+02],       [ -2.66345437e-01,  -1.72334545e-01,  -9.48346410e-01,          3.40167869e+02],       [  0.00000000e+00,   0.00000000e+00,   0.00000000e+00,          1.00000000e+00]])),{}]
["set_obj_matrix",('Mesh 1', array([[  5.29613798e-02,  -9.82364085e-01,   1.79320653e-01,          3.97123773e+02],       [ -9.61724421e-01,  -1.83045451e-03,   2.74012384e-01,          3.24230012e+02],       [ -2.68851687e-01,  -1.86969125e-01,  -9.44860475e-01,          3.47212910e+02],       [  0.00000000e+00,   0.00000000e+00,   0.00000000e+00,          1.00000000e+00]])),{}]
["set_obj_matrix",('Mesh 1', array([[  7.41705323e-02,  -9.81212092e-01,   1.78105479e-01,          3.88655843e+02],       [ -9.60156697e-01,  -2.20097083e-02,   2.78594132e-01,          3.32052310e+02],       [ -2.69439882e-01,  -1.91672644e-01,  -9.43749833e-01,          3.49395328e+02],       [  0.00000000e+00,   0.00000000e+00,   0.00000000e+00,          1.00000000e+00]])),{}]
["set_obj_matrix",('Mesh 1', array([[  7.05549901e-02,  -9.81439772e-01,   1.78319846e-01,          3.90112427e+02],       [ -9.60455246e-01,  -1.85697338e-02,   2.77814479e-01,          3.30730624e+02],       [ -2.69346827e-01,  -1.90869429e-01,  -9.43939165e-01,          3.49025423e+02],       [  0.00000000e+00,   0.00000000e+00,   0.00000000e+00,          1.00000000e+00]])),{}]
["set_obj_matrix",('Mesh 1', array([[  7.39954349e-02,  -9.81223416e-01,   1.78115929e-01,          3.88726508e+02],       [ -9.60171452e-01,  -2.18431135e-02,   2.78556388e-01,          3.31988414e+02],       [ -2.69435444e-01,  -1.91633731e-01,  -9.43759002e-01,          3.49377434e+02],       [  0.00000000e+00,   0.00000000e+00,   0.00000000e+00,          1.00000000e+00]])),{}]
["set_obj_matrix",('Mesh 1', array([[  7.05549901e-02,  -9.81439772e-01,   1.78319846e-01,          3.90112427e+02],       [ -9.60455246e-01,  -1.85697338e-02,   2.77814479e-01,          3.30730624e+02],       [ -2.69346827e-01,  -1.90869429e-01,  -9.43939165e-01,          3.49025423e+02],       [  0.00000000e+00,   0.00000000e+00,   0.00000000e+00,          1.00000000e+00]])),{}]
["set_obj_matrix",('Mesh 1', array([[  6.69634999e-02,  -9.81653189e-01,   1.78529848e-01,          3.91554006e+02],       [ -9.60739062e-01,  -1.51526434e-02,   2.77039442e-01,          3.29412929e+02],       [ -2.69251452e-01,  -1.90072129e-01,  -9.44127238e-01,          3.48657109e+02],       [  0.00000000e+00,   0.00000000e+00,   0.00000000e+00,          1.00000000e+00]])),{}]
["set_obj_matrix",('Mesh 1', array([[  7.04059004e-02,  -9.81448884e-01,   1.78328622e-01,          3.90172375e+02],       [ -9.60467281e-01,  -1.84278837e-02,   2.77782317e-01,          3.30676019e+02],       [ -2.69342926e-01,  -1.90836321e-01,  -9.43946973e-01,          3.49010150e+02],       [  0.00000000e+00,   0.00000000e+00,   0.00000000e+00,          1.00000000e+00]])),{}]
["set_obj_matrix",('Mesh 1', array([[  7.39954349e-02,  -9.81223416e-01,   1.78115929e-01,          3.88726508e+02],       [ -9.60171452e-01,  -2.18431135e-02,   2.78556388e-01,          3.31988414e+02],       [ -2.69435444e-01,  -1.91633731e-01,  -9.43759002e-01,          3.49377434e+02],       [  0.00000000e+00,   0.00000000e+00,   0.00000000e+00,          1.00000000e+00]])),{}]
["set_obj_matrix",('Mesh 1', array([[  8.10211284e-02,  -9.80745344e-01,   1.77691155e-01,          3.85881225e+02],       [ -9.59555666e-01,  -2.85276451e-02,   2.80069807e-01,          3.34543280e+02],       [ -2.69608049e-01,  -1.93196127e-01,  -9.43391094e-01,          3.50093802e+02],       [  0.00000000e+00,   0.00000000e+00,   0.00000000e+00,          1.00000000e+00]])),{}]
["set_obj_matrix",('Mesh 1', array([[  8.46557474e-02,  -9.80478898e-01,   1.77466998e-01,          3.84401296e+02],       [ -9.59217976e-01,  -3.19857701e-02,   2.80851892e-01,          3.35857792e+02],       [ -2.69692935e-01,  -1.94005261e-01,  -9.43200763e-01,          3.50463099e+02],       [  0.00000000e+00,   0.00000000e+00,   0.00000000e+00,          1.00000000e+00]])),{}]
["set_obj_matrix",('Mesh 1', array([[  8.84606514e-02,  -9.80185980e-01,   1.77229113e-01,          3.82846198e+02],       [ -9.58850476e-01,  -3.56059111e-02,   2.81669992e-01,          3.37228622e+02],       [ -2.69778573e-01,  -1.94852930e-01,  -9.43001515e-01,          3.50848745e+02],       [  0.00000000e+00,   0.00000000e+00,   0.00000000e+00,          1.00000000e+00]])),{}]
["set_obj_matrix",('Mesh 1', array([[  9.22268796e-02,  -9.79881933e-01,   1.76990394e-01,          3.81301027e+02],       [ -9.58472605e-01,  -3.91892544e-02,   2.82479145e-01,          3.38580206e+02],       [ -2.69860089e-01,  -1.95692614e-01,  -9.42804292e-01,          3.51229509e+02],       [  0.00000000e+00,   0.00000000e+00,   0.00000000e+00,          1.00000000e+00]])),{}]
["set_obj_matrix",('Mesh 1', array([[  1.48545640e-01,  -9.73649872e-01,   1.73032135e-01,          3.57492448e+02],       [ -9.51136610e-01,  -9.27732227e-02,   2.94503445e-01,          3.58156508e+02],       [ -2.70690493e-01,  -2.08324401e-01,  -9.39855096e-01,          3.56808439e+02],       [  0.00000000e+00,   0.00000000e+00,   0.00000000e+00,          1.00000000e+00]])),{}]
["set_obj_matrix",('Mesh 1', array([[  1.51949577e-01,  -9.73171142e-01,   1.72769368e-01,          3.56010895e+02],       [ -9.50591157e-01,  -9.60118675e-02,   2.95225631e-01,          3.59301273e+02],       [ -2.70717155e-01,  -2.09092443e-01,  -9.39676845e-01,          3.57138676e+02],       [  0.00000000e+00,   0.00000000e+00,   0.00000000e+00,          1.00000000e+00]])),{}]
["set_obj_matrix",('Mesh 1', array([[  1.48545640e-01,  -9.73649872e-01,   1.73032135e-01,          3.57492448e+02],       [ -9.51136610e-01,  -9.27732227e-02,   2.94503445e-01,          3.58156508e+02],       [ -2.70690493e-01,  -2.08324401e-01,  -9.39855096e-01,          3.56808439e+02],       [  0.00000000e+00,   0.00000000e+00,   0.00000000e+00,          1.00000000e+00]])),{}]
["set_obj_matrix",('Mesh 1', array([[  1.45104936e-01,  -9.74121862e-01,   1.73294995e-01,          3.58985038e+02],       [ -9.51676043e-01,  -8.94995962e-02,   2.93772925e-01,          3.56994892e+02],       [ -2.70660797e-01,  -2.07548597e-01,  -9.40035272e-01,          3.56473822e+02],       [  0.00000000e+00,   0.00000000e+00,   0.00000000e+00,          1.00000000e+00]])),{}]
["set_obj_matrix",('Mesh 1', array([[  1.40064923e-01,  -9.74791665e-01,   1.73675063e-01,          3.61162418e+02],       [ -9.52444638e-01,  -8.47043222e-02,   2.92701879e-01,          3.55285208e+02],       [ -2.70612324e-01,  -2.06413149e-01,  -9.40299198e-01,          3.55982199e+02],       [  0.00000000e+00,   0.00000000e+00,   0.00000000e+00,          1.00000000e+00]])),{}]
["set_obj_matrix",('Mesh 1', array([[  1.20792068e-01,  -9.77117357e-01,   1.75074116e-01,          3.69390426e+02],       [ -9.55148108e-01,  -6.63673413e-02,   2.88595683e-01,          3.48658690e+02],       [ -2.70372648e-01,  -2.02081780e-01,  -9.41308443e-01,          3.54086187e+02],       [  0.00000000e+00,   0.00000000e+00,   0.00000000e+00,          1.00000000e+00]])),{}]
["set_obj_matrix",('Mesh 1', array([[  1.08364812e-01,  -9.78419861e-01,   1.75930793e-01,          3.74613718e+02],       [ -9.56694204e-01,  -5.45435423e-02,   2.85939157e-01,          3.44311633e+02],       [ -2.70172661e-01,  -1.99297713e-01,  -9.41959211e-01,          3.52850192e+02],       [  0.00000000e+00,   0.00000000e+00,   0.00000000e+00,          1.00000000e+00]])),{}]
["set_obj_matrix",('Mesh 1', array([[  1.04609837e-01,  -9.78783148e-01,   1.76182664e-01,          3.76179348e+02],       [ -9.57131095e-01,  -5.09709057e-02,   2.85135115e-01,          3.42986741e+02],       [ -2.70105255e-01,  -1.98457844e-01,  -9.42155844e-01,          3.52474665e+02],       [  0.00000000e+00,   0.00000000e+00,   0.00000000e+00,          1.00000000e+00]])),{}]
["set_obj_matrix",('Mesh 1', array([[  9.57595956e-02,  -9.79583969e-01,   1.76763533e-01,          3.79846335e+02],       [ -9.58105395e-01,  -4.25504246e-02,   2.83237557e-01,          3.39843180e+02],       [ -2.69933607e-01,  -1.96480808e-01,  -9.42619297e-01,          3.51585795e+02],       [  0.00000000e+00,   0.00000000e+00,   0.00000000e+00,          1.00000000e+00]])),{}]
["set_obj_matrix",('Mesh 1', array([[  7.79730488e-02,  -9.80958735e-01,   1.77876821e-01,          3.87118138e+02],       [ -9.59828804e-01,  -2.56275778e-02,   2.79413482e-01,          3.33437110e+02],       [ -2.69534544e-01,  -1.92518018e-01,  -9.43550710e-01,          3.49783415e+02],       [  0.00000000e+00,   0.00000000e+00,   0.00000000e+00,          1.00000000e+00]])),{}]
["set_obj_matrix",('Mesh 1', array([[  7.40197480e-02,  -9.81221845e-01,   1.78114479e-01,          3.88716697e+02],       [ -9.60169405e-01,  -2.18662459e-02,   2.78561629e-01,          3.31997287e+02],       [ -2.69436060e-01,  -1.91639134e-01,  -9.43757729e-01,          3.49379919e+02],       [  0.00000000e+00,   0.00000000e+00,   0.00000000e+00,          1.00000000e+00]])),{}]
["set_obj_matrix",('Mesh 1', array([[  7.00253237e-02,  -9.81472045e-01,   1.78351001e-01,          3.90325361e+02],       [ -9.60497901e-01,  -1.80657876e-02,   2.77700214e-01,          3.30536593e+02],       [ -2.69332945e-01,  -1.90751809e-01,  -9.43966902e-01,          3.48971159e+02],       [  0.00000000e+00,   0.00000000e+00,   0.00000000e+00,          1.00000000e+00]])),{}]
["set_obj_matrix",('Mesh 1', array([[  6.50360322e-02,  -9.81762489e-01,   1.78641344e-01,          3.92325484e+02],       [ -9.60886143e-01,  -1.33187718e-02,   2.76623263e-01,          3.28703781e+02],       [ -2.69199060e-01,  -1.89644472e-01,  -9.44228172e-01,          3.48459087e+02],       [  0.00000000e+00,   0.00000000e+00,   0.00000000e+00,          1.00000000e+00]])),{}]
["set_obj_matrix",('Mesh 1', array([[  6.09900147e-02,  -9.81980037e-01,   1.78872649e-01,          3.93939967e+02],       [ -9.61183000e-01,  -9.46922561e-03,   2.75749115e-01,          3.27210707e+02],       [ -2.69086341e-01,  -1.88747292e-01,  -9.44440046e-01,          3.48042602e+02],       [  0.00000000e+00,   0.00000000e+00,   0.00000000e+00,          1.00000000e+00]])),{}]
["save_ply",('%s',),{}]