["add_ply",('%s',),{}]
["add_polygon_ray",(array([ 659.25769043,  322.32852173, -309.5458374 ], dtype=float32), array([ 659.25769043,  322.32852173,  633.2197876 ], dtype=float32), array([  1.15455497e-13,   0.00000000e+00,   9.42765625e+02], dtype=float32)),{}]
["add_polygon_ray",(array([ 729.02233887,  444.88806152, -309.54586792], dtype=float32), array([ 729.02233887,  444.88806152,  633.2197876 ], dtype=float32), array([  1.15455497e-13,   0.00000000e+00,   9.42765625e+02], dtype=float32)),{}]
["add_polygon_ray",(array([ 663.02880859,  684.3505249 , -309.5458374 ], dtype=float32), array([ 663.02880859,  684.3505249 ,  633.2197876 ], dtype=float32), array([  1.15455497e-13,   0.00000000e+00,   9.42765625e+02], dtype=float32)),{}]
["add_polygon_ray",(array([ 568.1776123 ,  791.12915039, -307.08551025], dtype=float32), array([ 563.57366943,  786.93115234,  635.6595459 ], dtype=float32), array([  -4.60398006,   -4.19802856,  942.74505615], dtype=float32)),{}]
["add_polygon_ray",(array([ 370.28158569,  803.80621338, -307.9954834 ], dtype=float32), array([ 365.6776123 ,  799.6081543 ,  634.74957275], dtype=float32), array([  -4.60398006,   -4.19802856,  942.74505615], dtype=float32)),{}]
["add_polygon_ray",(array([ 162.37539673,  731.70214844, -309.33187866], dtype=float32), array([ 157.77139282,  727.50415039,  633.41314697], dtype=float32), array([  -4.60398006,   -4.19802856,  942.74505615], dtype=float32)),{}]
["add_polygon_ray",(array([  54.77175903,  497.98394775, -316.81964111], dtype=float32), array([  36.46957397,  496.65905762,  625.76739502], dtype=float32), array([ -18.30218697,   -1.32488513,  942.58703613], dtype=float32)),{}]
["add_polygon_ray",(array([ 149.77432251,  152.08361816, -315.46118164], dtype=float32), array([ 131.47213745,  150.75874329,  627.12585449], dtype=float32), array([ -18.30218697,   -1.32488513,  942.58703613], dtype=float32)),{}]
["add_polygon_ray",(array([ 362.27896118,   91.76174927, -311.4197998 ], dtype=float32), array([ 343.97677612,   90.43685913,  631.16723633], dtype=float32), array([ -18.30218697,   -1.32488513,  942.58703613], dtype=float32)),{}]
["add_polygon_ray",(array([ 451.81243896,  113.43933105, -172.55610657], dtype=float32), array([ 438.83215332,  112.49969482,  495.9453125 ], dtype=float32), array([ -12.98027515,   -0.93963486,  668.50146484], dtype=float32)),{}]
["add_polygon_ray",(array([ 472.60476685,  197.50682068, -172.03422546], dtype=float32), array([ 459.6244812 ,  196.56718445,  496.46722412], dtype=float32), array([ -12.98027515,   -0.93963486,  668.50146484], dtype=float32)),{}]
["add_polygon_ray",(array([ 409.0753479,  271.6171875, -173.16362  ], dtype=float32), array([ 396.09509277,  270.67755127,  495.33782959], dtype=float32), array([ -12.98027515,   -0.93963486,  668.50146484], dtype=float32)),{}]
["add_polygon_ray",(array([ 489.57369995,  303.00482178, -171.55644226], dtype=float32), array([ 476.59341431,  302.06518555,  496.94500732], dtype=float32), array([ -12.98027515,   -0.93963486,  668.50146484], dtype=float32)),{}]
["add_polygon_ray",(array([ 609.86431885,  297.93539429, -169.22789001], dtype=float32), array([ 596.8840332 ,  296.99575806,  499.27355957], dtype=float32), array([ -12.98027515,   -0.93963486,  668.50146484], dtype=float32)),{}]
["select_region_polygon",(),{}]
["crop_selection",(),{}]
["set_obj_matrix",('Mesh 1', array([[ -9.99995031e-01,  -3.15250016e-03,  -4.33461747e-06,          4.34204805e+02],       [ -3.15249989e-03,   9.99995029e-01,  -6.12189945e-05,         -3.83174223e+02],       [  4.52758881e-06,  -6.12050255e-05,  -9.99999998e-01,          1.61858536e+02],       [  0.00000000e+00,   0.00000000e+00,   0.00000000e+00,          1.00000000e+00]])),{}]
["set_obj_matrix",('Mesh 1', array([[ -9.99982312e-01,  -5.94776667e-03,  -8.01663442e-06,          4.35274816e+02],       [ -5.94776571e-03,   9.99982305e-01,  -1.15512482e-04,         -3.81950211e+02],       [  8.70353386e-06,  -1.15462758e-04,  -9.99999993e-01,          1.61877592e+02],       [  0.00000000e+00,   0.00000000e+00,   0.00000000e+00,          1.00000000e+00]])),{}]
["set_obj_matrix",('Mesh 1', array([[ -9.99346189e-01,  -3.61551182e-02,  -3.81240244e-05,          4.46620520e+02],       [ -3.61550825e-02,   9.99345944e-01,  -7.02941617e-04,         -3.68530844e+02],       [  6.35140264e-05,  -7.01103649e-04,  -9.99999752e-01,          1.62079029e+02],       [  0.00000000e+00,   0.00000000e+00,   0.00000000e+00,          1.00000000e+00]])),{}]
["set_obj_matrix",('Mesh 1', array([[ -9.63990357e-01,  -2.65936996e-01,   3.25401542e-04,          5.19615690e+02],       [ -2.65935030e-01,   9.63976852e-01,  -5.21428704e-03,         -2.54706191e+02],       [  1.07299227e-03,  -5.11305809e-03,  -9.99986353e-01,          1.63336384e+02],       [  0.00000000e+00,   0.00000000e+00,   0.00000000e+00,          1.00000000e+00]])),{}]
["set_obj_matrix",('Mesh 1', array([[ -9.06524313e-01,  -4.22151841e-01,   1.22164514e-03,          5.54660779e+02],       [ -4.22146739e-01,   9.06489256e-01,  -8.32824931e-03,         -1.64456595e+02],       [  2.40837759e-03,  -8.06547400e-03,  -9.99964573e-01,          1.63890000e+02],       [  0.00000000e+00,   0.00000000e+00,   0.00000000e+00,          1.00000000e+00]])),{}]
["set_obj_matrix",('Mesh 1', array([[ -8.34308442e-01,  -5.51292535e-01,   2.44234074e-03,          5.72855379e+02],       [ -5.51283491e-01,   8.34246300e-01,  -1.09372378e-02,         -8.03378258e+01],       [  3.99210381e-03,  -1.04714519e-02,  -9.99937204e-01,          1.64125048e+02],       [  0.00000000e+00,   0.00000000e+00,   0.00000000e+00,          1.00000000e+00]])),{}]
["set_obj_matrix",('Mesh 1', array([[ -7.81369814e-01,  -6.24059188e-01,   3.36796905e-03,          5.77765966e+02],       [ -6.24047255e-01,   7.81287818e-01,  -1.24245274e-02,         -2.82256173e+01],       [  5.12228732e-03,  -1.18099225e-02,  -9.99917141e-01,          1.64147149e+02],       [  0.00000000e+00,   0.00000000e+00,   0.00000000e+00,          1.00000000e+00]])),{}]
["set_obj_matrix",('Mesh 1', array([[ -7.25913907e-01,  -6.87771788e-01,   4.35520154e-03,          5.78094870e+02],       [ -6.87756827e-01,   7.25811113e-01,  -1.37395517e-02,          2.09066878e+01],       [  6.28862235e-03,  -1.29690512e-02,  -9.99896123e-01,          1.64084476e+02],       [  0.00000000e+00,   0.00000000e+00,   0.00000000e+00,          1.00000000e+00]])),{}]
["set_obj_matrix",('Mesh 1', array([[ -6.69252944e-01,  -7.43015193e-01,   5.37773672e-03,          5.74639441e+02],       [ -7.42997139e-01,   6.69128900e-01,  -1.48918230e-02,          6.68090940e+01],       [  7.46645166e-03,  -1.39620394e-02,  -9.99874649e-01,          1.63952862e+02],       [  0.00000000e+00,   0.00000000e+00,   0.00000000e+00,          1.00000000e+00]])),{}]
["set_obj_matrix",('Mesh 1', array([[ -6.16385780e-01,  -7.87418790e-01,   6.34184407e-03,          5.68667701e+02],       [ -7.87397851e-01,   6.16241909e-01,  -1.58282875e-02,          1.06523637e+02],       [  8.55538092e-03,  -1.47498857e-02,  -9.99854613e-01,          1.63781087e+02],       [  0.00000000e+00,   0.00000000e+00,   0.00000000e+00,          1.00000000e+00]])),{}]
["set_obj_matrix",('Mesh 1', array([[ -5.80919284e-01,  -8.13931128e-01,   6.99323079e-03,          5.63400851e+02],       [ -8.13908253e-01,   5.80762111e-01,  -1.63929091e-02,          1.31737651e+02],       [  9.28129554e-03,  -1.52148053e-02,  -9.99841171e-01,          1.63643380e+02],       [  0.00000000e+00,   0.00000000e+00,   0.00000000e+00,          1.00000000e+00]])),{}]
["set_obj_matrix",('Mesh 1', array([[ -5.73129306e-01,  -8.19433869e-01,   7.13675402e-03,          5.62120695e+02],       [ -8.19410568e-01,   5.72969211e-01,  -1.65107010e-02,          1.37135951e+02],       [  9.44028730e-03,  -1.53106983e-02,  -9.99838219e-01,          1.63610935e+02],       [  0.00000000e+00,   0.00000000e+00,   0.00000000e+00,          1.00000000e+00]])),{}]
["set_obj_matrix",('Mesh 1', array([[ -5.72203570e-01,  -8.20080421e-01,   7.15382023e-03,          5.61965728e+02],       [ -8.20057070e-01,   5.72043128e-01,  -1.65245558e-02,          1.37774251e+02],       [  9.45917101e-03,  -1.53219507e-02,  -9.99837868e-01,          1.63607029e+02],       [  0.00000000e+00,   0.00000000e+00,   0.00000000e+00,          1.00000000e+00]])),{}]
["set_obj_matrix",('Mesh 1', array([[ -5.76121530e-01,  -8.17333367e-01,   7.08160651e-03,          5.62617485e+02],       [ -8.17310230e-01,   5.75962558e-01,  -1.64657114e-02,          1.35068142e+02],       [  9.37923516e-03,  -1.52741203e-02,  -9.99839353e-01,          1.63623488e+02],       [  0.00000000e+00,   0.00000000e+00,   0.00000000e+00,          1.00000000e+00]])),{}]
["set_obj_matrix",('Mesh 1', array([[ -5.80034989e-01,  -8.14561403e-01,   7.00951522e-03,          5.63257694e+02],       [ -8.14538479e-01,   5.79877484e-01,  -1.64063896e-02,          1.32352901e+02],       [  9.29935171e-03,  -1.52257999e-02,  -9.99840836e-01,          1.63639736e+02],       [  0.00000000e+00,   0.00000000e+00,   0.00000000e+00,          1.00000000e+00]])),{}]
["set_obj_matrix",('Mesh 1', array([[ -5.83943616e-01,  -8.11764574e-01,   6.93755268e-03,          5.63886229e+02],       [ -8.11741864e-01,   5.83787577e-01,  -1.63465919e-02,          1.29628676e+02],       [  9.21952712e-03,  -1.51769899e-02,  -9.99842317e-01,          1.63655769e+02],       [  0.00000000e+00,   0.00000000e+00,   0.00000000e+00,          1.00000000e+00]])),{}]
["set_obj_matrix",('Mesh 1', array([[ -5.83071059e-01,  -8.12391400e-01,   6.95361404e-03,          5.63746864e+02],       [ -8.12368643e-01,   5.82914693e-01,  -1.63599889e-02,          1.30237904e+02],       [  9.23735053e-03,  -1.51879341e-02,  -9.99841987e-01,          1.63652207e+02],       [  0.00000000e+00,   0.00000000e+00,   0.00000000e+00,          1.00000000e+00]])),{}]
["set_obj_matrix",('Mesh 1', array([[ -5.79141465e-01,  -8.15196785e-01,   7.02597165e-03,          5.63112478e+02],       [ -8.15173813e-01,   5.78983625e-01,  -1.64199823e-02,          1.32973931e+02],       [  9.31759425e-03,  -1.52368807e-02,  -9.99840497e-01,          1.63636043e+02],       [  0.00000000e+00,   0.00000000e+00,   0.00000000e+00,          1.00000000e+00]])),{}]
["set_obj_matrix",('Mesh 1', array([[ -5.75207067e-01,  -8.17977042e-01,   7.09845787e-03,          5.62466327e+02],       [ -8.17953855e-01,   5.75047752e-01,  -1.64794945e-02,          1.35700848e+02],       [  9.39789593e-03,  -1.52853327e-02,  -9.99839006e-01,          1.63619664e+02],       [  0.00000000e+00,   0.00000000e+00,   0.00000000e+00,          1.00000000e+00]])),{}]
["set_obj_matrix",('Mesh 1', array([[ -5.37399827e-01,  -8.43291547e-01,   7.79697841e-03,          5.55717693e+02],       [ -8.43266296e-01,   5.37226332e-01,  -1.70241467e-02,          1.61293394e+02],       [  1.01675769e-02,  -1.57237026e-02,  -9.99824677e-01,          1.63452653e+02],       [  0.00000000e+00,   0.00000000e+00,   0.00000000e+00,          1.00000000e+00]])),{}]
["set_obj_matrix",('Mesh 1', array([[ -5.06774418e-01,  -8.62038115e-01,   8.36528130e-03,          5.49574116e+02],       [ -8.62011193e-01,   5.06589437e-01,  -1.74311786e-02,          1.81257144e+02],       [  1.07885772e-02,  -1.60446415e-02,  -9.99813071e-01,          1.63305303e+02],       [  0.00000000e+00,   0.00000000e+00,   0.00000000e+00,          1.00000000e+00]])),{}]
["set_obj_matrix",('Mesh 1', array([[ -4.83721657e-01,  -8.75177706e-01,   8.79442735e-03,          5.44575802e+02],       [ -8.75149525e-01,   4.83528031e-01,  -1.77187000e-02,          1.95860782e+02],       [  1.12546590e-02,  -1.62673578e-02,  -9.99804334e-01,          1.63187724e+02],       [  0.00000000e+00,   0.00000000e+00,   0.00000000e+00,          1.00000000e+00]])),{}]
["set_obj_matrix",('Mesh 1', array([[ -4.74090442e-01,  -8.80430417e-01,   8.97405326e-03,          5.42396410e+02],       [ -8.80401710e-01,   4.73893204e-01,  -1.78342241e-02,          2.01858726e+02],       [  1.14490505e-02,  -1.63558070e-02,  -9.99800684e-01,          1.63136976e+02],       [  0.00000000e+00,   0.00000000e+00,   0.00000000e+00,          1.00000000e+00]])),{}]
["set_obj_matrix",('Mesh 1', array([[ -4.64377419e-01,  -8.85590081e-01,   9.15539845e-03,          5.40145535e+02],       [ -8.85560845e-01,   4.64176537e-01,  -1.79480564e-02,          2.07847576e+02],       [  1.16448996e-02,  -1.64423345e-02,  -9.99797002e-01,          1.63084853e+02],       [  0.00000000e+00,   0.00000000e+00,   0.00000000e+00,          1.00000000e+00]])),{}]
["set_obj_matrix",('Mesh 1', array([[ -4.54585614e-01,  -8.90654093e-01,   9.33840776e-03,          5.37823497e+02],       [ -8.90624322e-01,   4.54381061e-01,  -1.80601422e-02,          2.13825032e+02],       [  1.18421439e-02,  -1.65268939e-02,  -9.99793291e-01,          1.63031364e+02],       [  0.00000000e+00,   0.00000000e+00,   0.00000000e+00,          1.00000000e+00]])),{}]
["set_obj_matrix",('Mesh 1', array([[ -4.63699473e-01,  -8.85945114e-01,   9.16806306e-03,          5.39986468e+02],       [ -8.85915840e-01,   4.63498338e-01,  -1.79559026e-02,          2.08263359e+02],       [  1.16585622e-02,  -1.64482749e-02,  -9.99796745e-01,          1.63081180e+02],       [  0.00000000e+00,   0.00000000e+00,   0.00000000e+00,          1.00000000e+00]])),{}]
["set_obj_matrix",('Mesh 1', array([[ -4.67869751e-01,  -8.83750680e-01,   9.09017334e-03,          5.40960906e+02],       [ -8.83721634e-01,   4.67670180e-01,  -1.79074339e-02,          2.05701151e+02],       [  1.15745039e-02,  -1.64115295e-02,  -9.99798326e-01,          1.63103702e+02],       [  0.00000000e+00,   0.00000000e+00,   0.00000000e+00,          1.00000000e+00]])),{}]
["set_obj_matrix",('Mesh 1', array([[ -4.76900023e-01,  -8.78912267e-01,   8.92163360e-03,          5.43037618e+02],       [ -8.78883714e-01,   4.76703838e-01,  -1.78007986e-02,          2.00115200e+02],       [  1.13923633e-02,  -1.63302797e-02,  -9.99801748e-01,          1.63151877e+02],       [  0.00000000e+00,   0.00000000e+00,   0.00000000e+00,          1.00000000e+00]])),{}]
["set_obj_matrix",('Mesh 1', array([[ -4.90134260e-01,  -8.71603782e-01,   8.67493746e-03,          5.45997402e+02],       [ -8.71575951e-01,   4.89943039e-01,  -1.76402951e-02,          1.91833859e+02],       [  1.11251227e-02,  -1.62069799e-02,  -9.99806764e-01,          1.63220987e+02],       [  0.00000000e+00,   0.00000000e+00,   0.00000000e+00,          1.00000000e+00]])),{}]
["set_obj_matrix",('Mesh 1', array([[ -5.29056172e-01,  -8.48549550e-01,   7.95159636e-03,          5.54101889e+02],       [ -8.48523844e-01,   5.28879549e-01,  -1.71379644e-02,          1.66798064e+02],       [  1.03369753e-02,  -1.58140650e-02,  -9.99821515e-01,          1.63413542e+02],       [  0.00000000e+00,   0.00000000e+00,   0.00000000e+00,          1.00000000e+00]])),{}]
["set_obj_matrix",('Mesh 1', array([[ -5.38404848e-01,  -8.42650412e-01,   7.77836511e-03,          5.55909325e+02],       [ -8.42625216e-01,   5.38231730e-01,  -1.70102857e-02,          1.60626940e+02],       [  1.01471613e-02,  -1.57126669e-02,  -9.99825058e-01,          1.63457311e+02],       [  0.00000000e+00,   0.00000000e+00,   0.00000000e+00,          1.00000000e+00]])),{}]
["set_obj_matrix",('Mesh 1', array([[ -5.33692388e-01,  -8.45642103e-01,   7.86566175e-03,          5.55005188e+02],       [ -8.45616650e-01,   5.33517502e-01,  -1.70749965e-02,          1.63745547e+02],       [  1.02428678e-02,  -1.57641302e-02,  -9.99823272e-01,          1.63435372e+02],       [  0.00000000e+00,   0.00000000e+00,   0.00000000e+00,          1.00000000e+00]])),{}]
["set_obj_matrix",('Mesh 1', array([[ -5.20643747e-01,  -8.53735530e-01,   8.10765088e-03,          5.52428378e+02],       [ -8.53709365e-01,   5.20463968e-01,  -1.72504804e-02,          1.72297793e+02],       [  1.05076079e-02,  -1.59029322e-02,  -9.99818327e-01,          1.63373317e+02],       [  0.00000000e+00,   0.00000000e+00,   0.00000000e+00,          1.00000000e+00]])),{}]
["set_obj_matrix",('Mesh 1', array([[ -5.16113465e-01,  -8.56481048e-01,   8.19175618e-03,          5.51508974e+02],       [ -8.56454636e-01,   5.15931987e-01,  -1.73101553e-02,          1.75238915e+02],       [  1.05994309e-02,  -1.59498718e-02,  -9.99816610e-01,          1.63351331e+02],       [  0.00000000e+00,   0.00000000e+00,   0.00000000e+00,          1.00000000e+00]])),{}]
["set_obj_matrix",('Mesh 1', array([[ -4.98825769e-01,  -8.66660475e-01,   8.51312288e-03,          5.47886007e+02],       [ -8.66633119e-01,   4.98637808e-01,  -1.75320991e-02,          1.86332550e+02],       [  1.09494124e-02,  -1.61232170e-02,  -9.99810058e-01,          1.63265391e+02],       [  0.00000000e+00,   0.00000000e+00,   0.00000000e+00,          1.00000000e+00]])),{}]
["set_obj_matrix",('Mesh 1', array([[ -4.90243745e-01,  -8.71542226e-01,   8.67289810e-03,          5.46021467e+02],       [ -8.71514401e-01,   4.90052565e-01,  -1.76389461e-02,          1.91764871e+02],       [  1.11229104e-02,  -1.62059386e-02,  -9.99806806e-01,          1.63221552e+02],       [  0.00000000e+00,   0.00000000e+00,   0.00000000e+00,          1.00000000e+00]])),{}]
["set_obj_matrix",('Mesh 1', array([[ -4.86009126e-01,  -8.73909913e-01,   8.75179361e-03,          5.45085631e+02],       [ -8.73881857e-01,   4.85816357e-01,  -1.76908692e-02,          1.94427407e+02],       [  1.12084615e-02,  -1.62459576e-02,  -9.99805201e-01,          1.63199638e+02],       [  0.00000000e+00,   0.00000000e+00,   0.00000000e+00,          1.00000000e+00]])),{}]
["set_obj_matrix",('Mesh 1', array([[ -4.77337036e-01,  -8.78675085e-01,   8.91348151e-03,          5.43136953e+02],       [ -8.78646555e-01,   4.77141015e-01,  -1.77955792e-02,          1.99843551e+02],       [  1.13835444e-02,  -1.63262888e-02,  -9.99801914e-01,          1.63154188e+02],       [  0.00000000e+00,   0.00000000e+00,   0.00000000e+00,          1.00000000e+00]])),{}]
["save_ply",('%s',),{}]