["add_ply",('%s',),{}]
["add_polygon_ray",(array([ 610.39569092,  459.32342529, -265.39898682], dtype=float32), array([ 610.39569092,  459.32342529,  438.26751709], dtype=float32), array([  8.61742996e-14,   0.00000000e+00,   7.03666504e+02], dtype=float32)),{}]
["add_polygon_ray",(array([ 489.01034546,  610.03936768, -260.25805664], dtype=float32), array([ 485.1473999 ,  599.25018311,  443.31512451], dtype=float32), array([  -3.86294842,  -10.78918648,  703.57318115], dtype=float32)),{}]
["add_polygon_ray",(array([ 297.96774292,  597.24206543, -265.39898682], dtype=float32), array([ 297.96777344,  597.24206543,  438.26751709], dtype=float32), array([  8.61742996e-14,   0.00000000e+00,   7.03666504e+02], dtype=float32)),{}]
["add_polygon_ray",(array([ 130.49513245,  533.91204834, -265.39898682], dtype=float32), array([ 130.49513245,  533.91204834,  438.26751709], dtype=float32), array([  8.61742996e-14,   0.00000000e+00,   7.03666504e+02], dtype=float32)),{}]
["add_polygon_ray",(array([  69.97979736,  346.73675537, -265.3989563 ], dtype=float32), array([  69.97979736,  346.73675537,  438.26754761], dtype=float32), array([  8.61742996e-14,   0.00000000e+00,   7.03666504e+02], dtype=float32)),{}]
["add_polygon_ray",(array([ 205.08378601,  356.58810425, -265.39898682], dtype=float32), array([ 205.08378601,  356.58810425,  438.26751709], dtype=float32), array([  8.61742996e-14,   0.00000000e+00,   7.03666504e+02], dtype=float32)),{}]
["add_polygon_ray",(array([ 221.97177124,  198.96679688, -265.39898682], dtype=float32), array([ 221.97177124,  198.96679688,  438.26751709], dtype=float32), array([  8.61742996e-14,   0.00000000e+00,   7.03666504e+02], dtype=float32)),{}]
["add_polygon_ray",(array([ 193.82511902,  130.00747681, -265.39898682], dtype=float32), array([ 193.82511902,  130.00747681,  438.26751709], dtype=float32), array([  8.61742996e-14,   0.00000000e+00,   7.03666504e+02], dtype=float32)),{}]
["add_polygon_ray",(array([ 289.52374268,   69.49215698, -265.39898682], dtype=float32), array([ 289.52377319,   69.49215698,  438.26751709], dtype=float32), array([  8.61742996e-14,   0.00000000e+00,   7.03666504e+02], dtype=float32)),{}]
["add_polygon_ray",(array([ 475.29171753,   86.38015747, -265.39898682], dtype=float32), array([ 475.29171753,   86.38015747,  438.26751709], dtype=float32), array([  8.61742996e-14,   0.00000000e+00,   7.03666504e+02], dtype=float32)),{}]
["add_polygon_ray",(array([ 624.46899414,  260.88946533, -265.39898682], dtype=float32), array([ 624.46899414,  260.88946533,  438.26751709], dtype=float32), array([  8.61742996e-14,   0.00000000e+00,   7.03666504e+02], dtype=float32)),{}]
["select_region_polygon",(),{}]
["crop_selection",(),{}]
["set_obj_matrix",('Mesh 1', array([[ -9.99993721e-01,   3.54379218e-03,   1.22463916e-16,          3.53124849e+02],       [  3.54379218e-03,   9.99993721e-01,  -4.33989394e-19,         -3.21250855e+02],       [ -1.22464685e-16,   0.00000000e+00,  -1.00000000e+00,          8.64342804e+01],       [  0.00000000e+00,   0.00000000e+00,   0.00000000e+00,          1.00000000e+00]])),{}]
["set_obj_matrix",('Mesh 1', array([[ -9.99977122e-01,   6.76434879e-03,   1.22461883e-16,          3.52088399e+02],       [  6.76434879e-03,   9.99977122e-01,  -8.28393846e-19,         -3.22386461e+02],       [ -1.22464685e-16,   0.00000000e+00,  -1.00000000e+00,          8.64342804e+01],       [  0.00000000e+00,   0.00000000e+00,   0.00000000e+00,          1.00000000e+00]])),{}]
["set_obj_matrix",('Mesh 1', array([[ -9.99853647e-01,   1.71080243e-02,   1.22446762e-16,          3.48734707e+02],       [  1.71080243e-02,   9.99853647e-01,  -2.09512881e-18,         -3.26011311e+02],       [ -1.22464685e-16,   0.00000000e+00,  -1.00000000e+00,          8.64342804e+01],       [  0.00000000e+00,   0.00000000e+00,   0.00000000e+00,          1.00000000e+00]])),{}]
["set_obj_matrix",('Mesh 1', array([[ -9.98767921e-01,   4.96249870e-02,   1.22313799e-16,          3.37944732e+02],       [  4.96249870e-02,   9.98767921e-01,  -6.07730841e-18,         -3.37183376e+02],       [ -1.22464685e-16,   0.00000000e+00,  -1.00000000e+00,          8.64342804e+01],       [  0.00000000e+00,   0.00000000e+00,   0.00000000e+00,          1.00000000e+00]])),{}]
["set_obj_matrix",('Mesh 1', array([[ -9.96710711e-01,   8.10417130e-02,   1.22061863e-16,          3.27162670e+02],       [  8.10417130e-02,   9.96710711e-01,  -9.92474787e-18,         -3.47654797e+02],       [ -1.22464685e-16,   0.00000000e+00,  -1.00000000e+00,          8.64342804e+01],       [  0.00000000e+00,   0.00000000e+00,   0.00000000e+00,          1.00000000e+00]])),{}]
["set_obj_matrix",('Mesh 1', array([[ -9.95034133e-01,   9.95342835e-02,   1.21856542e-16,          3.20651149e+02],       [  9.95342835e-02,   9.95034133e-01,  -1.21894347e-17,         -3.53669494e+02],       [ -1.22464685e-16,   0.00000000e+00,  -1.00000000e+00,          8.64342804e+01],       [  0.00000000e+00,   0.00000000e+00,   0.00000000e+00,          1.00000000e+00]])),{}]
["set_obj_matrix",('Mesh 1', array([[ -9.91528958e-01,   1.29885817e-01,   1.21427282e-16,          3.09696989e+02],       [  1.29885817e-01,   9.91528958e-01,  -1.59064257e-17,         -3.63300214e+02],       [ -1.22464685e-16,   0.00000000e+00,  -1.00000000e+00,          8.64342804e+01],       [  0.00000000e+00,   0.00000000e+00,   0.00000000e+00,          1.00000000e+00]])),{}]
["set_obj_matrix",('Mesh 1', array([[ -9.88263957e-01,   1.52755854e-01,   1.21027434e-16,          3.01221973e+02],       [  1.52755854e-01,   9.88263957e-01,  -1.87071975e-17,         -3.70357386e+02],       [ -1.22464685e-16,   0.00000000e+00,  -1.00000000e+00,          8.64342804e+01],       [  0.00000000e+00,   0.00000000e+00,   0.00000000e+00,          1.00000000e+00]])),{}]
["set_obj_matrix",('Mesh 1', array([[ -9.84914190e-01,   1.73043458e-01,   1.20617206e-16,          2.93543299e+02],       [  1.73043458e-01,   9.84914190e-01,  -2.11917127e-17,         -3.76472578e+02],       [ -1.22464685e-16,   0.00000000e+00,  -1.00000000e+00,          8.64342804e+01],       [  0.00000000e+00,   0.00000000e+00,   0.00000000e+00,          1.00000000e+00]])),{}]
["set_obj_matrix",('Mesh 1', array([[ -9.79558926e-01,   2.01157428e-01,   1.19961376e-16,          2.82649740e+02],       [  2.01157428e-01,   9.79558926e-01,  -2.46346811e-17,         -3.84718592e+02],       [ -1.22464685e-16,   0.00000000e+00,  -1.00000000e+00,          8.64342804e+01],       [  0.00000000e+00,   0.00000000e+00,   0.00000000e+00,          1.00000000e+00]])),{}]
["set_obj_matrix",('Mesh 1', array([[ -9.73727594e-01,   2.27715989e-01,   1.19247243e-16,          2.72085254e+02],       [  2.27715989e-01,   9.73727594e-01,  -2.78871670e-17,         -3.92261246e+02],       [ -1.22464685e-16,   0.00000000e+00,  -1.00000000e+00,          8.64342804e+01],       [  0.00000000e+00,   0.00000000e+00,   0.00000000e+00,          1.00000000e+00]])),{}]
["set_obj_matrix",('Mesh 1', array([[ -9.66686117e-01,   2.55964746e-01,   1.18384911e-16,          2.60551203e+02],       [  2.55964746e-01,   9.66686117e-01,  -3.13466421e-17,         -4.00015426e+02],       [ -1.22464685e-16,   0.00000000e+00,  -1.00000000e+00,          8.64342804e+01],       [  0.00000000e+00,   0.00000000e+00,   0.00000000e+00,          1.00000000e+00]])),{}]
["set_obj_matrix",('Mesh 1', array([[ -9.61685429e-01,   2.74155312e-01,   1.17772503e-16,          2.52958720e+02],       [  2.74155312e-01,   9.61685429e-01,  -3.35743440e-17,         -4.04859428e+02],       [ -1.22464685e-16,   0.00000000e+00,  -1.00000000e+00,          8.64342804e+01],       [  0.00000000e+00,   0.00000000e+00,   0.00000000e+00,          1.00000000e+00]])),{}]
["set_obj_matrix",('Mesh 1', array([[ -9.51241262e-01,   3.08447825e-01,   1.16493462e-16,          2.38285241e+02],       [  3.08447825e-01,   9.51241262e-01,  -3.77739659e-17,         -4.13665825e+02],       [ -1.22464685e-16,   0.00000000e+00,  -1.00000000e+00,          8.64342804e+01],       [  0.00000000e+00,   0.00000000e+00,   0.00000000e+00,          1.00000000e+00]])),{}]
["set_obj_matrix",('Mesh 1', array([[ -9.29555485e-01,   3.68682249e-01,   1.13837720e-16,          2.11327953e+02],       [  3.68682249e-01,   9.29555485e-01,  -4.51505556e-17,         -4.28065143e+02],       [ -1.22464685e-16,   0.00000000e+00,  -1.00000000e+00,          8.64342804e+01],       [  0.00000000e+00,   0.00000000e+00,   0.00000000e+00,          1.00000000e+00]])),{}]
["set_obj_matrix",('Mesh 1', array([[ -9.08883223e-01,   4.17050701e-01,   1.11306098e-16,          1.88526795e+02],       [  4.17050701e-01,   9.08883223e-01,  -5.10739828e-17,         -4.38585132e+02],       [ -1.22464685e-16,   0.00000000e+00,  -1.00000000e+00,          8.64342804e+01],       [  0.00000000e+00,   0.00000000e+00,   0.00000000e+00,          1.00000000e+00]])),{}]
["set_obj_matrix",('Mesh 1', array([[ -8.79312235e-01,   4.76245728e-01,   1.07684696e-16,          1.59108688e+02],       [  4.76245728e-01,   8.79312235e-01,  -5.83232832e-17,         -4.50092986e+02],       [ -1.22464685e-16,   0.00000000e+00,  -1.00000000e+00,          8.64342804e+01],       [  0.00000000e+00,   0.00000000e+00,   0.00000000e+00,          1.00000000e+00]])),{}]
["set_obj_matrix",('Mesh 1', array([[ -8.52276235e-01,   5.23091979e-01,   1.04373741e-16,          1.34540205e+02],       [  5.23091979e-01,   8.52276235e-01,  -6.40602946e-17,         -4.58037339e+02],       [ -1.22464685e-16,   0.00000000e+00,  -1.00000000e+00,          8.64342804e+01],       [  0.00000000e+00,   0.00000000e+00,   0.00000000e+00,          1.00000000e+00]])),{}]
["set_obj_matrix",('Mesh 1', array([[ -8.49367314e-01,   5.27802203e-01,   1.04017501e-16,          1.32002428e+02],       [  5.27802203e-01,   8.49367314e-01,  -6.46371307e-17,         -4.58775141e+02],       [ -1.22464685e-16,   0.00000000e+00,  -1.00000000e+00,          8.64342804e+01],       [  0.00000000e+00,   0.00000000e+00,   0.00000000e+00,          1.00000000e+00]])),{}]
["set_obj_matrix",('Mesh 1', array([[ -8.41477710e-01,   5.40291831e-01,   1.03051303e-16,          1.25210800e+02],       [  5.40291831e-01,   8.41477710e-01,  -6.61666691e-17,         -4.60675077e+02],       [ -1.22464685e-16,   0.00000000e+00,  -1.00000000e+00,          8.64342804e+01],       [  0.00000000e+00,   0.00000000e+00,   0.00000000e+00,          1.00000000e+00]])),{}]
["set_obj_matrix",('Mesh 1', array([[ -8.14936796e-01,   5.79549842e-01,   9.98009782e-17,          1.03245924e+02],       [  5.79549842e-01,   8.14936796e-01,  -7.09743889e-17,         -4.66089637e+02],       [ -1.22464685e-16,   0.00000000e+00,  -1.00000000e+00,          8.64342804e+01],       [  0.00000000e+00,   0.00000000e+00,   0.00000000e+00,          1.00000000e+00]])),{}]
["set_obj_matrix",('Mesh 1', array([[ -8.03604782e-01,   5.95163301e-01,   9.84132067e-17,          9.42351655e+01],       [  5.95163301e-01,   8.03604782e-01,  -7.28864863e-17,         -4.67994663e+02],       [ -1.22464685e-16,   0.00000000e+00,  -1.00000000e+00,          8.64342804e+01],       [  0.00000000e+00,   0.00000000e+00,   0.00000000e+00,          1.00000000e+00]])),{}]
["set_obj_matrix",('Mesh 1', array([[ -8.00804263e-01,   5.98926150e-01,   9.80702420e-17,          9.20389487e+01],       [  5.98926150e-01,   8.00804263e-01,  -7.33473024e-17,         -4.68431535e+02],       [ -1.22464685e-16,   0.00000000e+00,  -1.00000000e+00,          8.64342804e+01],       [  0.00000000e+00,   0.00000000e+00,   0.00000000e+00,          1.00000000e+00]])),{}]
["set_obj_matrix",('Mesh 1', array([[ -8.03604782e-01,   5.95163301e-01,   9.84132067e-17,          9.42351655e+01],       [  5.95163301e-01,   8.03604782e-01,  -7.28864863e-17,         -4.67994663e+02],       [ -1.22464685e-16,   0.00000000e+00,  -1.00000000e+00,          8.64342804e+01],       [  0.00000000e+00,   0.00000000e+00,   0.00000000e+00,          1.00000000e+00]])),{}]
["set_obj_matrix",('Mesh 1', array([[ -8.06384909e-01,   5.91391054e-01,   9.87536741e-17,          9.64271660e+01],       [  5.91391054e-01,   8.06384909e-01,  -7.24245192e-17,         -4.67547936e+02],       [ -1.22464685e-16,   0.00000000e+00,  -1.00000000e+00,          8.64342804e+01],       [  0.00000000e+00,   0.00000000e+00,   0.00000000e+00,          1.00000000e+00]])),{}]
["set_obj_matrix",('Mesh 1', array([[ -8.12208178e-01,   5.83367703e-01,   9.94668188e-17,          1.01057575e+02],       [  5.83367703e-01,   8.12208178e-01,  -7.14419421e-17,         -4.66569006e+02],       [ -1.22464685e-16,   0.00000000e+00,  -1.00000000e+00,          8.64342804e+01],       [  0.00000000e+00,   0.00000000e+00,   0.00000000e+00,          1.00000000e+00]])),{}]
["set_obj_matrix",('Mesh 1', array([[ -8.20688956e-01,   5.71375216e-01,   1.00505415e-16,          1.07899550e+02],       [  5.71375216e-01,   8.20688956e-01,  -6.99732860e-17,         -4.65034362e+02],       [ -1.22464685e-16,   0.00000000e+00,  -1.00000000e+00,          8.64342804e+01],       [  0.00000000e+00,   0.00000000e+00,   0.00000000e+00,          1.00000000e+00]])),{}]
["set_obj_matrix",('Mesh 1', array([[ -8.23363832e-01,   5.67513877e-01,   1.00832993e-16,          1.10082773e+02],       [  5.67513877e-01,   8.23363832e-01,  -6.95004083e-17,         -4.64522393e+02],       [ -1.22464685e-16,   0.00000000e+00,  -1.00000000e+00,          8.64342804e+01],       [  0.00000000e+00,   0.00000000e+00,   0.00000000e+00,          1.00000000e+00]])),{}]
["set_obj_matrix",('Mesh 1', array([[ -8.23735057e-01,   5.66974917e-01,   1.00878454e-16,          1.10386749e+02],       [  5.66974917e-01,   8.23735057e-01,  -6.94344048e-17,         -4.64450252e+02],       [ -1.22464685e-16,   0.00000000e+00,  -1.00000000e+00,          8.64342804e+01],       [  0.00000000e+00,   0.00000000e+00,   0.00000000e+00,          1.00000000e+00]])),{}]
["save_ply",('%s',),{}]