["add_ply",('%s',),{}]
["add_polygon_ray",(array([ 430.3994751 ,  222.31944275, -235.90844727], dtype=float32), array([ 430.3994751 ,  222.31944275,  422.29083252], dtype=float32), array([  8.06061693e-14,   0.00000000e+00,   6.58199280e+02], dtype=float32)),{}]
["add_polygon_ray",(array([ 529.12939453,  313.15093994, -235.90844727], dtype=float32), array([ 529.12939453,  313.15093994,  422.29083252], dtype=float32), array([  8.06061693e-14,   0.00000000e+00,   6.58199280e+02], dtype=float32)),{}]
["add_polygon_ray",(array([ 504.11779785,  531.6730957 , -235.90844727], dtype=float32), array([ 504.11779785,  531.6730957 ,  422.29083252], dtype=float32), array([  8.06061693e-14,   0.00000000e+00,   6.58199280e+02], dtype=float32)),{}]
["add_polygon_ray",(array([ 297.44320679,  589.59466553, -235.90844727], dtype=float32), array([ 297.44320679,  589.59466553,  422.29083252], dtype=float32), array([  8.06061693e-14,   0.00000000e+00,   6.58199280e+02], dtype=float32)),{}]
["add_polygon_ray",(array([  -4.01205444,  510.61071777, -235.90844727], dtype=float32), array([  -4.01205444,  510.61071777,  422.29083252], dtype=float32), array([  8.06061693e-14,   0.00000000e+00,   6.58199280e+02], dtype=float32)),{}]
["add_polygon_ray",(array([ -18.49246216,  269.70977783, -235.90844727], dtype=float32), array([ -18.49246216,  269.70977783,  422.29083252], dtype=float32), array([  8.06061693e-14,   0.00000000e+00,   6.58199280e+02], dtype=float32)),{}]
["add_polygon_ray",(array([ 186.86572266,  149.91752625, -235.90844727], dtype=float32), array([ 186.86573792,  149.91752625,  422.29083252], dtype=float32), array([  8.06061693e-14,   0.00000000e+00,   6.58199280e+02], dtype=float32)),{}]
["add_polygon_ray",(array([ 330.35317993,  163.08151245, -235.90844727], dtype=float32), array([ 330.35317993,  163.08151245,  422.29083252], dtype=float32), array([  8.06061693e-14,   0.00000000e+00,   6.58199280e+02], dtype=float32)),{}]
["add_polygon_ray",(array([ 315.87280273,  236.79983521, -235.90844727], dtype=float32), array([ 315.87280273,  236.79983521,  422.29083252], dtype=float32), array([  8.06061693e-14,   0.00000000e+00,   6.58199280e+02], dtype=float32)),{}]
["select_region_polygon",(),{}]
["crop_selection",(),{}]
["set_obj_matrix",('Mesh 1', array([[ -9.99994657e-01,  -3.26903451e-03,   1.22464031e-16,          2.68140983e+02],       [ -3.26903451e-03,   9.99994657e-01,   4.00341282e-19,         -2.97795592e+02],       [ -1.22464685e-16,   0.00000000e+00,  -1.00000000e+00,          9.31911926e+01],       [  0.00000000e+00,   0.00000000e+00,   0.00000000e+00,          1.00000000e+00]])),{}]
["set_obj_matrix",('Mesh 1', array([[ -9.99326474e-01,  -3.66960191e-02,   1.22382202e-16,          2.77946124e+02],       [ -3.66960191e-02,   9.99326474e-01,   4.49396643e-18,         -2.88665470e+02],       [ -1.22464685e-16,   0.00000000e+00,  -1.00000000e+00,          9.31911926e+01],       [  0.00000000e+00,   0.00000000e+00,   0.00000000e+00,          1.00000000e+00]])),{}]
["set_obj_matrix",('Mesh 1', array([[ -9.86554897e-01,  -1.63430214e-01,   1.20818135e-16,          3.12385765e+02],       [ -1.63430214e-01,   9.86554897e-01,   2.00144298e-17,         -2.50991902e+02],       [ -1.22464685e-16,   0.00000000e+00,  -1.00000000e+00,          9.31911926e+01],       [  0.00000000e+00,   0.00000000e+00,   0.00000000e+00,          1.00000000e+00]])),{}]
["set_obj_matrix",('Mesh 1', array([[ -9.50879768e-01,  -3.09560441e-01,   1.16449192e-16,          3.46499379e+02],       [ -3.09560441e-01,   9.50879768e-01,   3.79102220e-17,         -2.01295756e+02],       [ -1.22464685e-16,   0.00000000e+00,  -1.00000000e+00,          9.31911926e+01],       [  0.00000000e+00,   0.00000000e+00,   0.00000000e+00,          1.00000000e+00]])),{}]
["set_obj_matrix",('Mesh 1', array([[ -9.12639479e-01,  -4.08765436e-01,   1.11766107e-16,          3.65912484e+02],       [ -4.08765436e-01,   9.12639479e-01,   5.00593304e-17,         -1.63370302e+02],       [ -1.22464685e-16,   0.00000000e+00,  -1.00000000e+00,          9.31911926e+01],       [  0.00000000e+00,   0.00000000e+00,   0.00000000e+00,          1.00000000e+00]])),{}]
["set_obj_matrix",('Mesh 1', array([[ -8.54047824e-01,  -5.20194496e-01,   1.04590698e-16,          3.83539363e+02],       [ -5.20194496e-01,   8.54047824e-01,   6.37054552e-17,         -1.16100638e+02],       [ -1.22464685e-16,   0.00000000e+00,  -1.00000000e+00,          9.31911926e+01],       [  0.00000000e+00,   0.00000000e+00,   0.00000000e+00,          1.00000000e+00]])),{}]
["set_obj_matrix",('Mesh 1', array([[ -7.98071633e-01,  -6.02562585e-01,   9.77355913e-17,          3.93185349e+02],       [ -6.02562585e-01,   7.98071633e-01,   7.37926373e-17,         -7.73762402e+01],       [ -1.22464685e-16,   0.00000000e+00,  -1.00000000e+00,          9.31911926e+01],       [  0.00000000e+00,   0.00000000e+00,   0.00000000e+00,          1.00000000e+00]])),{}]
["set_obj_matrix",('Mesh 1', array([[ -7.47120488e-01,  -6.64688631e-01,   9.14958755e-17,          3.98128154e+02],       [ -6.64688631e-01,   7.47120488e-01,   8.14008840e-17,         -4.55606633e+01],       [ -1.22464685e-16,   0.00000000e+00,  -1.00000000e+00,          9.31911926e+01],       [  0.00000000e+00,   0.00000000e+00,   0.00000000e+00,          1.00000000e+00]])),{}]
["set_obj_matrix",('Mesh 1', array([[ -7.17960469e-01,  -6.96083878e-01,   8.79248029e-17,          3.99714423e+02],       [ -6.96083878e-01,   7.17960469e-01,   8.52456930e-17,         -2.84636800e+01],       [ -1.22464685e-16,   0.00000000e+00,  -1.00000000e+00,          9.31911926e+01],       [  0.00000000e+00,   0.00000000e+00,   0.00000000e+00,          1.00000000e+00]])),{}]
["set_obj_matrix",('Mesh 1', array([[ -7.17170135e-01,  -6.96898126e-01,   8.78280148e-17,          3.99746465e+02],       [ -6.96898126e-01,   7.17170135e-01,   8.53454096e-17,         -2.80100910e+01],       [ -1.22464685e-16,   0.00000000e+00,  -1.00000000e+00,          9.31911926e+01],       [  0.00000000e+00,   0.00000000e+00,   0.00000000e+00,          1.00000000e+00]])),{}]
["set_obj_matrix",('Mesh 1', array([[ -7.17960469e-01,  -6.96083878e-01,   8.79248029e-17,          3.99714423e+02],       [ -6.96083878e-01,   7.17960469e-01,   8.52456930e-17,         -2.84636800e+01],       [ -1.22464685e-16,   0.00000000e+00,  -1.00000000e+00,          9.31911926e+01],       [  0.00000000e+00,   0.00000000e+00,   0.00000000e+00,          1.00000000e+00]])),{}]
["set_obj_matrix",('Mesh 1', array([[ -7.22778862e-01,  -6.91079385e-01,   8.85148859e-17,          3.99507040e+02],       [ -6.91079385e-01,   7.22778862e-01,   8.46328194e-17,         -3.12398227e+01],       [ -1.22464685e-16,   0.00000000e+00,  -1.00000000e+00,          9.31911926e+01],       [  0.00000000e+00,   0.00000000e+00,   0.00000000e+00,          1.00000000e+00]])),{}]
["set_obj_matrix",('Mesh 1', array([[ -7.27551048e-01,  -6.86053549e-01,   8.90993101e-17,          3.99280937e+02],       [ -6.86053549e-01,   7.27551048e-01,   8.40173320e-17,         -3.40078666e+01],       [ -1.22464685e-16,   0.00000000e+00,  -1.00000000e+00,          9.31911926e+01],       [  0.00000000e+00,   0.00000000e+00,   0.00000000e+00,          1.00000000e+00]])),{}]
["set_obj_matrix",('Mesh 1', array([[ -7.32276634e-01,  -6.81007292e-01,   8.96780275e-17,          3.99036284e+02],       [ -6.81007292e-01,   7.32276634e-01,   8.33993437e-17,         -3.67674487e+01],       [ -1.22464685e-16,   0.00000000e+00,  -1.00000000e+00,          9.31911926e+01],       [  0.00000000e+00,   0.00000000e+00,   0.00000000e+00,          1.00000000e+00]])),{}]
["set_obj_matrix",('Mesh 1', array([[ -7.46170219e-01,  -6.65755214e-01,   9.13795010e-17,          3.98192831e+02],       [ -6.65755214e-01,   7.46170219e-01,   8.15315027e-17,         -4.49918909e+01],       [ -1.22464685e-16,   0.00000000e+00,  -1.00000000e+00,          9.31911926e+01],       [  0.00000000e+00,   0.00000000e+00,   0.00000000e+00,          1.00000000e+00]])),{}]
["set_obj_matrix",('Mesh 1', array([[ -7.68364271e-01,  -6.40012771e-01,   9.40974886e-17,          3.96433819e+02],       [ -6.40012771e-01,   7.68364271e-01,   7.83789625e-17,         -5.84981078e+01],       [ -1.22464685e-16,   0.00000000e+00,  -1.00000000e+00,          9.31911926e+01],       [  0.00000000e+00,   0.00000000e+00,   0.00000000e+00,          1.00000000e+00]])),{}]
["set_obj_matrix",('Mesh 1', array([[ -8.00147058e-01,  -5.99803873e-01,   9.79897576e-17,          3.92915886e+02],       [ -5.99803873e-01,   8.00147058e-01,   7.34547925e-17,         -7.87331428e+01],       [ -1.22464685e-16,   0.00000000e+00,  -1.00000000e+00,          9.31911926e+01],       [  0.00000000e+00,   0.00000000e+00,   0.00000000e+00,          1.00000000e+00]])),{}]
["set_obj_matrix",('Mesh 1', array([[ -8.11647770e-01,  -5.84147153e-01,   9.93981887e-17,          3.91312285e+02],       [ -5.84147153e-01,   8.11647770e-01,   7.15373973e-17,         -8.63510110e+01],       [ -1.22464685e-16,   0.00000000e+00,  -1.00000000e+00,          9.31911926e+01],       [  0.00000000e+00,   0.00000000e+00,   0.00000000e+00,          1.00000000e+00]])),{}]
["set_obj_matrix",('Mesh 1', array([[ -8.19069526e-01,  -5.73694267e-01,   1.00307092e-16,          3.90173156e+02],       [ -5.73694267e-01,   8.19069526e-01,   7.02572878e-17,         -9.13603272e+01],       [ -1.22464685e-16,   0.00000000e+00,  -1.00000000e+00,          9.31911926e+01],       [  0.00000000e+00,   0.00000000e+00,   0.00000000e+00,          1.00000000e+00]])),{}]
["set_obj_matrix",('Mesh 1', array([[ -8.17854814e-01,  -5.75424629e-01,   1.00158332e-16,          3.90365435e+02],       [ -5.75424629e-01,   8.17854814e-01,   7.04691961e-17,         -9.05352345e+01],       [ -1.22464685e-16,   0.00000000e+00,  -1.00000000e+00,          9.31911926e+01],       [  0.00000000e+00,   0.00000000e+00,   0.00000000e+00,          1.00000000e+00]])),{}]
["set_obj_matrix",('Mesh 1', array([[ -8.16651837e-01,  -5.77130641e-01,   1.00011010e-16,          3.90553576e+02],       [ -5.77130641e-01,   8.16651837e-01,   7.06781223e-17,         -8.97201522e+01],       [ -1.22464685e-16,   0.00000000e+00,  -1.00000000e+00,          9.31911926e+01],       [  0.00000000e+00,   0.00000000e+00,   0.00000000e+00,          1.00000000e+00]])),{}]
["set_obj_matrix",('Mesh 1', array([[ -8.12985599e-01,  -5.82283793e-01,   9.95620255e-17,          3.91113176e+02],       [ -5.82283793e-01,   8.12985599e-01,   7.13092014e-17,         -8.72484078e+01],       [ -1.22464685e-16,   0.00000000e+00,  -1.00000000e+00,          9.31911926e+01],       [  0.00000000e+00,   0.00000000e+00,   0.00000000e+00,          1.00000000e+00]])),{}]
["set_obj_matrix",('Mesh 1', array([[ -8.04351084e-01,  -5.94154302e-01,   9.85046023e-17,          3.92351698e+02],       [ -5.94154302e-01,   8.04351084e-01,   7.27629195e-17,         -8.14981352e+01],       [ -1.22464685e-16,   0.00000000e+00,  -1.00000000e+00,          9.31911926e+01],       [  0.00000000e+00,   0.00000000e+00,   0.00000000e+00,          1.00000000e+00]])),{}]
["set_obj_matrix",('Mesh 1', array([[ -7.95587079e-01,  -6.05839253e-01,   9.74313212e-17,          3.93500205e+02],       [ -6.05839253e-01,   7.95587079e-01,   7.41939134e-17,         -7.57587628e+01],       [ -1.22464685e-16,   0.00000000e+00,  -1.00000000e+00,          9.31911926e+01],       [  0.00000000e+00,   0.00000000e+00,   0.00000000e+00,          1.00000000e+00]])),{}]
["set_obj_matrix",('Mesh 1', array([[ -7.91709091e-01,  -6.10898285e-01,   9.69564047e-17,          3.93975122e+02],       [ -6.10898285e-01,   7.91709091e-01,   7.48134662e-17,         -7.32489205e+01],       [ -1.22464685e-16,   0.00000000e+00,  -1.00000000e+00,          9.31911926e+01],       [  0.00000000e+00,   0.00000000e+00,   0.00000000e+00,          1.00000000e+00]])),{}]
["save_ply",('%s',),{}]