["add_ply",('%s',),{}]
["add_polygon_ray",(array([ 600.00793457,  644.59179688, -307.337677  ], dtype=float32), array([ 600.00793457,  644.59179688,  446.7739563 ], dtype=float32), array([  9.23520429e-14,   0.00000000e+00,   7.54111633e+02], dtype=float32)),{}]
["add_polygon_ray",(array([ 420.52935791,  670.23162842, -307.337677  ], dtype=float32), array([ 420.52938843,  670.23162842,  446.7739563 ], dtype=float32), array([  9.23520429e-14,   0.00000000e+00,   7.54111633e+02], dtype=float32)),{}]
["add_polygon_ray",(array([ 247.08369446,  585.77111816, -307.337677  ], dtype=float32), array([ 247.08370972,  585.77111816,  446.7739563 ], dtype=float32), array([  9.23520429e-14,   0.00000000e+00,   7.54111633e+02], dtype=float32)),{}]
["add_polygon_ray",(array([ 233.50968933,  514.88464355, -307.337677  ], dtype=float32), array([ 233.50968933,  514.88464355,  446.7739563 ], dtype=float32), array([  9.23520429e-14,   0.00000000e+00,   7.54111633e+02], dtype=float32)),{}]
["add_polygon_ray",(array([ 207.86990356,  431.93234253, -307.337677  ], dtype=float32), array([ 207.86990356,  431.93234253,  446.7739563 ], dtype=float32), array([  9.23520429e-14,   0.00000000e+00,   7.54111633e+02], dtype=float32)),{}]
["add_polygon_ray",(array([ 263.67416382,  388.19387817, -307.337677  ], dtype=float32), array([ 263.67416382,  388.19387817,  446.7739563 ], dtype=float32), array([  9.23520429e-14,   0.00000000e+00,   7.54111633e+02], dtype=float32)),{}]
["add_polygon_ray",(array([ 313.44552612,  180.05908203, -307.337677  ], dtype=float32), array([ 313.44552612,  180.05908203,  446.7739563 ], dtype=float32), array([  9.23520429e-14,   0.00000000e+00,   7.54111633e+02], dtype=float32)),{}]
["add_polygon_ray",(array([ 435.61160278,  139.33703613, -307.337677  ], dtype=float32), array([ 435.61160278,  139.33703613,  446.7739563 ], dtype=float32), array([  9.23520429e-14,   0.00000000e+00,   7.54111633e+02], dtype=float32)),{}]
["add_polygon_ray",(array([ 619.61486816,  172.51797485, -307.337677  ], dtype=float32), array([ 619.61486816,  172.51797485,  446.7739563 ], dtype=float32), array([  9.23520429e-14,   0.00000000e+00,   7.54111633e+02], dtype=float32)),{}]
["add_polygon_ray",(array([ 723.68225098,  324.84851074, -307.337677  ], dtype=float32), array([ 723.68225098,  324.84851074,  446.7739563 ], dtype=float32), array([  9.23520429e-14,   0.00000000e+00,   7.54111633e+02], dtype=float32)),{}]
["add_polygon_ray",(array([ 735.74804688,  419.86657715, -307.337677  ], dtype=float32), array([ 735.74804688,  419.86657715,  446.7739563 ], dtype=float32), array([  9.23520429e-14,   0.00000000e+00,   7.54111633e+02], dtype=float32)),{}]
["add_polygon_ray",(array([ 725.19042969,  535.99975586, -307.337677  ], dtype=float32), array([ 725.19042969,  535.99975586,  446.7739563 ], dtype=float32), array([  9.23520429e-14,   0.00000000e+00,   7.54111633e+02], dtype=float32)),{}]
["select_region_polygon",(),{}]
["crop_selection",(),{}]
["transform_mesh",(array([[ 0.,  1.,  0.],       [ 1.,  0.,  0.],       [ 0.,  0.,  1.]], dtype=float32), array([ 0.,  0.,  0.], dtype=float32)),{'reverse': True}]
["set_obj_matrix",('Mesh 1', array([[ -9.99980975e-01,  -6.16838425e-03,   1.22462355e-16,          3.69086064e+02],       [ -6.16838425e-03,   9.99980975e-01,   7.55409235e-19,         -4.61337154e+02],       [ -1.22464685e-16,   0.00000000e+00,  -1.00000000e+00,          6.97181473e+01],       [  0.00000000e+00,   0.00000000e+00,   0.00000000e+00,          1.00000000e+00]])),{}]
["set_obj_matrix",('Mesh 1', array([[ -9.99808679e-01,  -1.95602812e-02,   1.22441255e-16,          3.75231514e+02],       [ -1.95602812e-02,   9.99808679e-01,   2.39544367e-18,         -4.56352717e+02],       [ -1.22464685e-16,   0.00000000e+00,  -1.00000000e+00,          6.97181473e+01],       [  0.00000000e+00,   0.00000000e+00,   0.00000000e+00,          1.00000000e+00]])),{}]
["set_obj_matrix",('Mesh 1', array([[ -9.98007658e-01,  -6.30928995e-02,   1.22220694e-16,          3.94753862e+02],       [ -6.30928995e-02,   9.98007658e-01,   7.72665208e-18,         -4.39574659e+02],       [ -1.22464685e-16,   0.00000000e+00,  -1.00000000e+00,          6.97181473e+01],       [  0.00000000e+00,   0.00000000e+00,   0.00000000e+00,          1.00000000e+00]])),{}]
["set_obj_matrix",('Mesh 1', array([[ -9.86447300e-01,  -1.64078409e-01,   1.20804958e-16,          4.37337464e+02],       [ -1.64078409e-01,   9.86447300e-01,   2.00938107e-17,         -3.97230958e+02],       [ -1.22464685e-16,   0.00000000e+00,  -1.00000000e+00,          6.97181473e+01],       [  0.00000000e+00,   0.00000000e+00,   0.00000000e+00,          1.00000000e+00]])),{}]
["set_obj_matrix",('Mesh 1', array([[ -9.68045699e-01,  -2.50773851e-01,   1.18551412e-16,          4.70790629e+02],       [ -2.50773851e-01,   9.68045699e-01,   3.07109407e-17,         -3.56949122e+02],       [ -1.22464685e-16,   0.00000000e+00,  -1.00000000e+00,          6.97181473e+01],       [  0.00000000e+00,   0.00000000e+00,   0.00000000e+00,          1.00000000e+00]])),{}]
["set_obj_matrix",('Mesh 1', array([[ -9.60777787e-01,  -2.77319389e-01,   1.17661349e-16,          4.80435522e+02],       [ -2.77319389e-01,   9.60777787e-01,   3.39618317e-17,         -3.43857820e+02],       [ -1.22464685e-16,   0.00000000e+00,  -1.00000000e+00,          6.97181473e+01],       [  0.00000000e+00,   0.00000000e+00,   0.00000000e+00,          1.00000000e+00]])),{}]
["set_obj_matrix",('Mesh 1', array([[ -9.56242997e-01,  -2.92573631e-01,   1.17105998e-16,          4.85846675e+02],       [ -2.92573631e-01,   9.56242997e-01,   3.58299377e-17,         -3.36168857e+02],       [ -1.22464685e-16,   0.00000000e+00,  -1.00000000e+00,          6.97181473e+01],       [  0.00000000e+00,   0.00000000e+00,   0.00000000e+00,          1.00000000e+00]])),{}]
["set_obj_matrix",('Mesh 1', array([[ -9.51335069e-01,  -3.08158378e-01,   1.16504950e-16,          4.91274395e+02],       [ -3.08158378e-01,   9.51335069e-01,   3.77385188e-17,         -3.28185863e+02],       [ -1.22464685e-16,   0.00000000e+00,  -1.00000000e+00,          6.97181473e+01],       [  0.00000000e+00,   0.00000000e+00,   0.00000000e+00,          1.00000000e+00]])),{}]
["set_obj_matrix",('Mesh 1', array([[ -9.40544429e-01,  -3.39670690e-01,   1.15183477e-16,          5.01931769e+02],       [ -3.39670690e-01,   9.40544429e-01,   4.15976642e-17,         -3.11642408e+02],       [ -1.22464685e-16,   0.00000000e+00,  -1.00000000e+00,          6.97181473e+01],       [  0.00000000e+00,   0.00000000e+00,   0.00000000e+00,          1.00000000e+00]])),{}]
["set_obj_matrix",('Mesh 1', array([[ -9.42740746e-01,  -3.33526439e-01,   1.15452449e-16,          4.99887628e+02],       [ -3.33526439e-01,   9.42740746e-01,   4.08452103e-17,         -3.14910862e+02],       [ -1.22464685e-16,   0.00000000e+00,  -1.00000000e+00,          6.97181473e+01],       [  0.00000000e+00,   0.00000000e+00,   0.00000000e+00,          1.00000000e+00]])),{}]
["set_obj_matrix",('Mesh 1', array([[ -9.44912152e-01,  -3.27324037e-01,   1.15718369e-16,          4.97807405e+02],       [ -3.27324037e-01,   9.44912152e-01,   4.00856352e-17,         -3.18189063e+02],       [ -1.22464685e-16,   0.00000000e+00,  -1.00000000e+00,          6.97181473e+01],       [  0.00000000e+00,   0.00000000e+00,   0.00000000e+00,          1.00000000e+00]])),{}]
["set_obj_matrix",('Mesh 1', array([[ -9.46051299e-01,  -3.24016882e-01,   1.15857875e-16,          4.96691385e+02],       [ -3.24016882e-01,   9.46051299e-01,   3.96806255e-17,         -3.19928367e+02],       [ -1.22464685e-16,   0.00000000e+00,  -1.00000000e+00,          6.97181473e+01],       [  0.00000000e+00,   0.00000000e+00,   0.00000000e+00,          1.00000000e+00]])),{}]
["set_obj_matrix",('Mesh 1', array([[ -9.49246428e-01,  -3.14533336e-01,   1.16249165e-16,          4.93464928e+02],       [ -3.14533336e-01,   9.49246428e-01,   3.85192260e-17,         -3.24882836e+02],       [ -1.22464685e-16,   0.00000000e+00,  -1.00000000e+00,          6.97181473e+01],       [  0.00000000e+00,   0.00000000e+00,   0.00000000e+00,          1.00000000e+00]])),{}]
["set_obj_matrix",('Mesh 1', array([[ -9.58957933e-01,  -2.83548380e-01,   1.17438481e-16,          4.82656822e+02],       [ -2.83548380e-01,   9.58957933e-01,   3.47246631e-17,         -3.40732863e+02],       [ -1.22464685e-16,   0.00000000e+00,  -1.00000000e+00,          6.97181473e+01],       [  0.00000000e+00,   0.00000000e+00,   0.00000000e+00,          1.00000000e+00]])),{}]
["set_obj_matrix",('Mesh 1', array([[ -9.59821353e-01,  -2.80611779e-01,   1.17544220e-16,          4.81611613e+02],       [ -2.80611779e-01,   9.59821353e-01,   3.43650332e-17,         -3.42208630e+02],       [ -1.22464685e-16,   0.00000000e+00,  -1.00000000e+00,          6.97181473e+01],       [  0.00000000e+00,   0.00000000e+00,   0.00000000e+00,          1.00000000e+00]])),{}]
["set_obj_matrix",('Mesh 1', array([[ -9.62429171e-01,  -2.71532853e-01,   1.17863586e-16,          4.78357647e+02],       [ -2.71532853e-01,   9.62429171e-01,   3.32531854e-17,         -3.46742633e+02],       [ -1.22464685e-16,   0.00000000e+00,  -1.00000000e+00,          6.97181473e+01],       [  0.00000000e+00,   0.00000000e+00,   0.00000000e+00,          1.00000000e+00]])),{}]
["set_obj_matrix",('Mesh 1', array([[ -9.63226279e-01,  -2.68691523e-01,   1.17961203e-16,          4.77332320e+02],       [ -2.68691523e-01,   9.63226279e-01,   3.29052228e-17,         -3.48152766e+02],       [ -1.22464685e-16,   0.00000000e+00,  -1.00000000e+00,          6.97181473e+01],       [  0.00000000e+00,   0.00000000e+00,   0.00000000e+00,          1.00000000e+00]])),{}]
["set_obj_matrix",('Mesh 1', array([[ -9.64005004e-01,  -2.65884096e-01,   1.18056569e-16,          4.76315977e+02],       [ -2.65884096e-01,   9.64005004e-01,   3.25614122e-17,         -3.49541960e+02],       [ -1.22464685e-16,   0.00000000e+00,  -1.00000000e+00,          6.97181473e+01],       [  0.00000000e+00,   0.00000000e+00,   0.00000000e+00,          1.00000000e+00]])),{}]
["save_ply",('%s',),{}]