["add_ply",('%s',),{}]
["add_polygon_ray",(array([ 323.7336731 ,  256.7175293 ,  -73.54457092], dtype=float32), array([ 323.7336731 ,  256.7175293 ,  323.66033936], dtype=float32), array([  4.86435775e-14,   0.00000000e+00,   3.97204926e+02], dtype=float32)),{}]
["add_polygon_ray",(array([ 249.8535614 ,  338.54174805,  -73.54457092], dtype=float32), array([ 249.8535614 ,  338.54174805,  323.66033936], dtype=float32), array([  4.86435775e-14,   0.00000000e+00,   3.97204926e+02], dtype=float32)),{}]
["add_polygon_ray",(array([ 146.58027649,  357.60760498,  -73.54457092], dtype=float32), array([ 146.58027649,  357.60760498,  323.66033936], dtype=float32), array([  4.86435775e-14,   0.00000000e+00,   3.97204926e+02], dtype=float32)),{}]
["add_polygon_ray",(array([  45.69021606,  311.53182983,  -73.54457092], dtype=float32), array([  45.69021606,  311.53182983,  323.66033936], dtype=float32), array([  4.86435775e-14,   0.00000000e+00,   3.97204926e+02], dtype=float32)),{}]
["add_polygon_ray",(array([  31.39083862,  177.27655029,  -73.54457092], dtype=float32), array([  31.39083862,  177.27655029,  323.66033936], dtype=float32), array([  4.86435775e-14,   0.00000000e+00,   3.97204926e+02], dtype=float32)),{}]
["add_polygon_ray",(array([ 62.37283325,  97.04115295, -73.54457092], dtype=float32), array([  62.37283325,   97.04115295,  323.66033936], dtype=float32), array([  4.86435775e-14,   0.00000000e+00,   3.97204926e+02], dtype=float32)),{}]
["add_polygon_ray",(array([ 132.28089905,   36.66600037,  -73.54457092], dtype=float32), array([ 132.28089905,   36.66600037,  323.66033936], dtype=float32), array([  4.86435775e-14,   0.00000000e+00,   3.97204926e+02], dtype=float32)),{}]
["add_polygon_ray",(array([ 233.17095947,   43.02128601,  -73.54457092], dtype=float32), array([ 233.17095947,   43.02128601,  323.66033936], dtype=float32), array([  4.86435775e-14,   0.00000000e+00,   3.97204926e+02], dtype=float32)),{}]
["add_polygon_ray",(array([ 264.15292358,   86.71382904,  -73.54457092], dtype=float32), array([ 264.1529541 ,   86.71382904,  323.66033936], dtype=float32), array([  4.86435775e-14,   0.00000000e+00,   3.97204926e+02], dtype=float32)),{}]
["add_polygon_ray",(array([ 241.90945435,  154.23866272,  -73.54457092], dtype=float32), array([ 241.90945435,  154.23866272,  323.66033936], dtype=float32), array([  4.86435775e-14,   0.00000000e+00,   3.97204926e+02], dtype=float32)),{}]
["add_polygon_ray",(array([ 199.01132202,  174.09890747,  -73.54457092], dtype=float32), array([ 199.01132202,  174.09890747,  323.66033936], dtype=float32), array([  4.86435775e-14,   0.00000000e+00,   3.97204926e+02], dtype=float32)),{}]
["add_polygon_ray",(array([ 237.14300537,  189.19270325,  -73.54457092], dtype=float32), array([ 237.14300537,  189.19270325,  323.66033936], dtype=float32), array([  4.86435775e-14,   0.00000000e+00,   3.97204926e+02], dtype=float32)),{}]
["add_polygon_ray",(array([ 274.48025513,  173.30450439,  -73.54457092], dtype=float32), array([ 274.48025513,  173.30450439,  323.66033936], dtype=float32), array([  4.86435775e-14,   0.00000000e+00,   3.97204926e+02], dtype=float32)),{}]
["select_region_polygon",(),{}]
["crop_selection",(),{}]
["set_obj_matrix",('Mesh 1', array([[ -9.99992999e-01,  -3.74184474e-03,   1.22463828e-16,          2.06093908e+02],       [ -3.74184474e-03,   9.99992999e-01,   4.58243838e-19,         -1.93983757e+02],       [ -1.22464685e-16,   0.00000000e+00,  -1.00000000e+00,          1.25057892e+02],       [  0.00000000e+00,   0.00000000e+00,   0.00000000e+00,          1.00000000e+00]])),{}]
["set_obj_matrix",('Mesh 1', array([[ -9.99042717e-01,  -4.37452811e-02,   1.22347452e-16,          2.13689563e+02],       [ -4.37452811e-02,   9.99042717e-01,   5.35725208e-18,         -1.85583316e+02],       [ -1.22464685e-16,   0.00000000e+00,  -1.00000000e+00,          1.25057892e+02],       [  0.00000000e+00,   0.00000000e+00,   0.00000000e+00,          1.00000000e+00]])),{}]
["set_obj_matrix",('Mesh 1', array([[ -8.73366469e-01,  -4.87063662e-01,   1.06956550e-16,          2.74217696e+02],       [ -4.87063662e-01,   8.73366469e-01,   5.96480981e-17,         -7.00646261e+01],       [ -1.22464685e-16,   0.00000000e+00,  -1.00000000e+00,          1.25057892e+02],       [  0.00000000e+00,   0.00000000e+00,   0.00000000e+00,          1.00000000e+00]])),{}]
["set_obj_matrix",('Mesh 1', array([[ -3.32495108e-01,  -9.43104980e-01,   4.07189088e-17,          2.51956455e+02],       [ -9.43104980e-01,   3.32495108e-01,   1.15497055e-16,          1.28927661e+02],       [ -1.22464685e-16,   0.00000000e+00,  -1.00000000e+00,          1.25057892e+02],       [  0.00000000e+00,   0.00000000e+00,   0.00000000e+00,          1.00000000e+00]])),{}]
["set_obj_matrix",('Mesh 1', array([[ -1.81571956e-01,  -9.83377661e-01,   2.22361524e-17,          2.28805127e+02],       [ -9.83377661e-01,   1.81571956e-01,   1.20429036e-16,          1.66591148e+02],       [ -1.22464685e-16,   0.00000000e+00,  -1.00000000e+00,          1.25057892e+02],       [  0.00000000e+00,   0.00000000e+00,   0.00000000e+00,          1.00000000e+00]])),{}]
["set_obj_matrix",('Mesh 1', array([[ -1.04517768e-01,  -9.94523019e-01,   1.27997355e-17,          2.15151368e+02],       [ -9.94523019e-01,   1.04517768e-01,   1.21793949e-16,          1.83886610e+02],       [ -1.22464685e-16,   0.00000000e+00,  -1.00000000e+00,          1.25057892e+02],       [  0.00000000e+00,   0.00000000e+00,   0.00000000e+00,          1.00000000e+00]])),{}]
["set_obj_matrix",('Mesh 1', array([[  4.21719332e-02,  -9.99110368e-01,  -5.16457253e-18,          1.85919605e+02],       [ -9.99110368e-01,  -4.21719332e-02,   1.22355737e-16,          2.13397042e+02],       [ -1.22464685e-16,   0.00000000e+00,  -1.00000000e+00,          1.25057892e+02],       [  0.00000000e+00,   0.00000000e+00,   0.00000000e+00,          1.00000000e+00]])),{}]
["set_obj_matrix",('Mesh 1', array([[  9.71289561e-02,  -9.95271805e-01,  -1.18948670e-17,          1.73885693e+02],       [ -9.95271805e-01,  -9.71289561e-02,   1.21885648e-16,          2.23311805e+02],       [ -1.22464685e-16,   0.00000000e+00,  -1.00000000e+00,          1.25057892e+02],       [  0.00000000e+00,   0.00000000e+00,   0.00000000e+00,          1.00000000e+00]])),{}]
["set_obj_matrix",('Mesh 1', array([[  9.34047602e-02,  -9.95628219e-01,  -1.14387846e-17,          1.74719932e+02],       [ -9.95628219e-01,  -9.34047602e-02,   1.21929296e-16,          2.22659700e+02],       [ -1.22464685e-16,   0.00000000e+00,  -1.00000000e+00,          1.25057892e+02],       [  0.00000000e+00,   0.00000000e+00,   0.00000000e+00,          1.00000000e+00]])),{}]
["set_obj_matrix",('Mesh 1', array([[  3.72057164e-02,  -9.99307628e-01,  -4.55638635e-18,          1.86977917e+02],       [ -9.99307628e-01,  -3.72057164e-02,   1.22379894e-16,          2.12470364e+02],       [ -1.22464685e-16,   0.00000000e+00,  -1.00000000e+00,          1.25057892e+02],       [  0.00000000e+00,   0.00000000e+00,   0.00000000e+00,          1.00000000e+00]])),{}]
["set_obj_matrix",('Mesh 1', array([[ -5.94478729e-02,  -9.98231411e-01,   7.28026504e-18,          2.06617740e+02],       [ -9.98231411e-01,   5.94478729e-02,   1.22248096e-16,          1.93425713e+02],       [ -1.22464685e-16,   0.00000000e+00,  -1.00000000e+00,          1.25057892e+02],       [  0.00000000e+00,   0.00000000e+00,   0.00000000e+00,          1.00000000e+00]])),{}]
["set_obj_matrix",('Mesh 1', array([[ -1.12067359e-01,  -9.93700612e-01,   1.37242938e-17,          2.16541636e+02],       [ -9.93700612e-01,   1.12067359e-01,   1.21693233e-16,          1.82247406e+02],       [ -1.22464685e-16,   0.00000000e+00,  -1.00000000e+00,          1.25057892e+02],       [  0.00000000e+00,   0.00000000e+00,   0.00000000e+00,          1.00000000e+00]])),{}]
["set_obj_matrix",('Mesh 1', array([[ -1.62119023e-01,  -9.86771211e-01,   1.98538551e-17,          2.25471050e+02],       [ -9.86771211e-01,   1.62119023e-01,   1.20844626e-16,          1.71076597e+02],       [ -1.22464685e-16,   0.00000000e+00,  -1.00000000e+00,          1.25057892e+02],       [  0.00000000e+00,   0.00000000e+00,   0.00000000e+00,          1.00000000e+00]])),{}]
["set_obj_matrix",('Mesh 1', array([[ -2.21682285e-01,  -9.75118949e-01,   2.71482513e-17,          2.35434036e+02],       [ -9.75118949e-01,   2.21682285e-01,   1.19417635e-16,          1.57083454e+02],       [ -1.22464685e-16,   0.00000000e+00,  -1.00000000e+00,          1.25057892e+02],       [  0.00000000e+00,   0.00000000e+00,   0.00000000e+00,          1.00000000e+00]])),{}]
["set_obj_matrix",('Mesh 1', array([[ -2.97399757e-01,  -9.54753049e-01,   3.64209677e-17,          2.47017545e+02],       [ -9.54753049e-01,   2.97399757e-01,   1.16923532e-16,          1.38154730e+02],       [ -1.22464685e-16,   0.00000000e+00,  -1.00000000e+00,          1.25057892e+02],       [  0.00000000e+00,   0.00000000e+00,   0.00000000e+00,          1.00000000e+00]])),{}]
["set_obj_matrix",('Mesh 1', array([[ -3.00152526e-01,  -9.53891221e-01,   3.67580846e-17,          2.47415027e+02],       [ -9.53891221e-01,   3.00152526e-01,   1.16817988e-16,          1.37441628e+02],       [ -1.22464685e-16,   0.00000000e+00,  -1.00000000e+00,          1.25057892e+02],       [  0.00000000e+00,   0.00000000e+00,   0.00000000e+00,          1.00000000e+00]])),{}]
["set_obj_matrix",('Mesh 1', array([[ -2.95296061e-01,  -9.55405797e-01,   3.61633391e-17,          2.46712641e+02],       [ -9.55405797e-01,   2.95296061e-01,   1.17003470e-16,          1.38698485e+02],       [ -1.22464685e-16,   0.00000000e+00,  -1.00000000e+00,          1.25057892e+02],       [  0.00000000e+00,   0.00000000e+00,   0.00000000e+00,          1.00000000e+00]])),{}]
["save_ply",('%s',),{}]