["add_ply",('%s',),{}]
["add_polygon_ray",(array([ 276.78622437,  103.70197296, -126.95130157], dtype=float32), array([ 276.78622437,  103.70197296,  183.36993408], dtype=float32), array([  3.80033902e-14,   0.00000000e+00,   3.10321228e+02], dtype=float32)),{}]
["add_polygon_ray",(array([ 267.47659302,  173.83456421, -126.95130157], dtype=float32), array([ 267.47659302,  173.83456421,  183.36993408], dtype=float32), array([  3.80033902e-14,   0.00000000e+00,   3.10321228e+02], dtype=float32)),{}]
["add_polygon_ray",(array([ 234.58253479,  234.03689575, -126.95130157], dtype=float32), array([ 234.58253479,  234.03689575,  183.36993408], dtype=float32), array([  3.80033902e-14,   0.00000000e+00,   3.10321228e+02], dtype=float32)),{}]
["add_polygon_ray",(array([ 171.8976593 ,  247.69100952, -126.95130157], dtype=float32), array([ 171.8976593 ,  247.69100952,  183.36993408], dtype=float32), array([  3.80033902e-14,   0.00000000e+00,   3.10321228e+02], dtype=float32)),{}]
["add_polygon_ray",(array([  78.80128479,  254.51809692, -126.95130157], dtype=float32), array([  78.80128479,  254.51809692,  183.36993408], dtype=float32), array([  3.80033902e-14,   0.00000000e+00,   3.10321228e+02], dtype=float32)),{}]
["add_polygon_ray",(array([  47.14852905,  202.38412476, -126.95130157], dtype=float32), array([  47.14852905,  202.38412476,  183.36993408], dtype=float32), array([  3.80033902e-14,   0.00000000e+00,   3.10321228e+02], dtype=float32)),{}]
["add_polygon_ray",(array([  49.01045227,   93.771698  , -126.95130157], dtype=float32), array([  49.01045227,   93.771698  ,  183.36993408], dtype=float32), array([  3.80033902e-14,   0.00000000e+00,   3.10321228e+02], dtype=float32)),{}]
["add_polygon_ray",(array([ 142.72746277,   41.63773346, -126.95130157], dtype=float32), array([ 142.72746277,   41.63773346,  183.36993408], dtype=float32), array([  3.80033902e-14,   0.00000000e+00,   3.10321228e+02], dtype=float32)),{}]
["add_polygon_ray",(array([ 253.20181274,   67.70471191, -126.95130157], dtype=float32), array([ 253.20181274,   67.70471191,  183.36993408], dtype=float32), array([  3.80033902e-14,   0.00000000e+00,   3.10321228e+02], dtype=float32)),{}]
["select_region_polygon",(),{}]
["crop_selection",(),{}]
["set_obj_matrix",('Mesh 1', array([[ -9.99993422e-01,  -3.62706597e-03,   1.22463880e-16,          1.84921789e+02],       [ -3.62706597e-03,   9.99993422e-01,   4.44187492e-19,         -1.68199813e+02],       [ -1.22464685e-16,   0.00000000e+00,  -1.00000000e+00,          2.82093124e+01],       [  0.00000000e+00,   0.00000000e+00,   0.00000000e+00,          1.00000000e+00]])),{}]
["set_obj_matrix",('Mesh 1', array([[ -9.99751136e-01,  -2.23084490e-02,   1.22434208e-16,          1.88031848e+02],       [ -2.23084490e-02,   9.99751136e-01,   2.73199719e-18,         -1.64715724e+02],       [ -1.22464685e-16,   0.00000000e+00,  -1.00000000e+00,          2.82093124e+01],       [  0.00000000e+00,   0.00000000e+00,   0.00000000e+00,          1.00000000e+00]])),{}]
["set_obj_matrix",('Mesh 1', array([[ -9.98374282e-01,  -5.69981804e-02,   1.22265592e-16,          1.93636115e+02],       [ -5.69981804e-02,   9.98374282e-01,   6.98026423e-18,         -1.58089533e+02],       [ -1.22464685e-16,   0.00000000e+00,  -1.00000000e+00,          2.82093124e+01],       [  0.00000000e+00,   0.00000000e+00,   0.00000000e+00,          1.00000000e+00]])),{}]
["set_obj_matrix",('Mesh 1', array([[ -9.96343729e-01,  -8.54351990e-02,   1.22016921e-16,          1.98064005e+02],       [ -8.54351990e-02,   9.96343729e-01,   1.04627948e-17,         -1.52505394e+02],       [ -1.22464685e-16,   0.00000000e+00,  -1.00000000e+00,          2.82093124e+01],       [  0.00000000e+00,   0.00000000e+00,   0.00000000e+00,          1.00000000e+00]])),{}]
["set_obj_matrix",('Mesh 1', array([[ -9.89839480e-01,  -1.42189325e-01,   1.21220380e-16,          2.06449241e+02],       [ -1.42189325e-01,   9.89839480e-01,   1.74131710e-17,         -1.40946644e+02],       [ -1.22464685e-16,   0.00000000e+00,  -1.00000000e+00,          2.82093124e+01],       [  0.00000000e+00,   0.00000000e+00,   0.00000000e+00,          1.00000000e+00]])),{}]
["set_obj_matrix",('Mesh 1', array([[ -9.80942663e-01,  -1.94297432e-01,   1.20130834e-16,          2.13608930e+02],       [ -1.94297432e-01,   9.80942663e-01,   2.37945739e-17,         -1.29840172e+02],       [ -1.22464685e-16,   0.00000000e+00,  -1.00000000e+00,          2.82093124e+01],       [  0.00000000e+00,   0.00000000e+00,   0.00000000e+00,          1.00000000e+00]])),{}]
["set_obj_matrix",('Mesh 1', array([[ -9.60968946e-01,  -2.76656257e-01,   1.17684760e-16,          2.23835453e+02],       [ -2.76656257e-01,   9.60968946e-01,   3.38806214e-17,         -1.11287625e+02],       [ -1.22464685e-16,   0.00000000e+00,  -1.00000000e+00,          2.82093124e+01],       [  0.00000000e+00,   0.00000000e+00,   0.00000000e+00,          1.00000000e+00]])),{}]
["set_obj_matrix",('Mesh 1', array([[ -9.17217564e-01,  -3.98386671e-01,   1.12326760e-16,          2.36328159e+02],       [ -3.98386671e-01,   9.17217564e-01,   4.87882983e-17,         -8.14631609e+01],       [ -1.22464685e-16,   0.00000000e+00,  -1.00000000e+00,          2.82093124e+01],       [  0.00000000e+00,   0.00000000e+00,   0.00000000e+00,          1.00000000e+00]])),{}]
["set_obj_matrix",('Mesh 1', array([[ -8.25237751e-01,  -5.64785495e-01,   1.01062481e-16,          2.47474988e+02],       [ -5.64785495e-01,   8.25237751e-01,   6.91662779e-17,         -3.52615314e+01],       [ -1.22464685e-16,   0.00000000e+00,  -1.00000000e+00,          2.82093124e+01],       [  0.00000000e+00,   0.00000000e+00,   0.00000000e+00,          1.00000000e+00]])),{}]
["set_obj_matrix",('Mesh 1', array([[ -6.74108837e-01,  -7.38632030e-01,   8.25545266e-17,          2.48977708e+02],       [ -7.38632030e-01,   6.74108837e-01,   9.04563390e-17,          2.23012640e+01],       [ -1.22464685e-16,   0.00000000e+00,  -1.00000000e+00,          2.82093124e+01],       [  0.00000000e+00,   0.00000000e+00,   0.00000000e+00,          1.00000000e+00]])),{}]
["set_obj_matrix",('Mesh 1', array([[ -2.90596342e-01,  -9.56845738e-01,   3.55877895e-17,          2.15141952e+02],       [ -9.56845738e-01,   2.90596342e-01,   1.17179812e-16,          1.27283879e+02],       [ -1.22464685e-16,   0.00000000e+00,  -1.00000000e+00,          2.82093124e+01],       [  0.00000000e+00,   0.00000000e+00,   0.00000000e+00,          1.00000000e+00]])),{}]
["set_obj_matrix",('Mesh 1', array([[  8.46098852e-02,  -9.96414155e-01,  -1.03617230e-17,          1.52669401e+02],       [ -9.96414155e-01,  -8.46098852e-02,   1.22025546e-16,          1.97937615e+02],       [ -1.22464685e-16,   0.00000000e+00,  -1.00000000e+00,          2.82093124e+01],       [  0.00000000e+00,   0.00000000e+00,   0.00000000e+00,          1.00000000e+00]])),{}]
["set_obj_matrix",('Mesh 1', array([[  3.04229813e-01,  -9.52598667e-01,  -3.72574083e-17,          1.04792045e+02],       [ -9.52598667e-01,  -3.04229813e-01,   1.16659696e-16,          2.26949053e+02],       [ -1.22464685e-16,   0.00000000e+00,  -1.00000000e+00,          2.82093124e+01],       [  0.00000000e+00,   0.00000000e+00,   0.00000000e+00,          1.00000000e+00]])),{}]
["set_obj_matrix",('Mesh 1', array([[  4.59923024e-01,  -8.87958789e-01,  -5.63243284e-17,          6.51804521e+01],       [ -8.87958789e-01,  -4.59923024e-01,   1.08743594e-16,          2.41327069e+02],       [ -1.22464685e-16,   0.00000000e+00,  -1.00000000e+00,          2.82093124e+01],       [  0.00000000e+00,   0.00000000e+00,   0.00000000e+00,          1.00000000e+00]])),{}]
["set_obj_matrix",('Mesh 1', array([[  5.20454681e-01,  -8.53889293e-01,  -6.37373186e-17,          4.82705358e+01],       [ -8.53889293e-01,  -5.20454681e-01,   1.04571284e-16,          2.45269649e+02],       [ -1.22464685e-16,   0.00000000e+00,  -1.00000000e+00,          2.82093124e+01],       [  0.00000000e+00,   0.00000000e+00,   0.00000000e+00,          1.00000000e+00]])),{}]
["set_obj_matrix",('Mesh 1', array([[  5.29569691e-01,  -8.48266434e-01,  -6.48535855e-17,          4.56410144e+01],       [ -8.48266434e-01,  -5.29569691e-01,   1.03882682e-16,          2.45772544e+02],       [ -1.22464685e-16,   0.00000000e+00,  -1.00000000e+00,          2.82093124e+01],       [  0.00000000e+00,   0.00000000e+00,   0.00000000e+00,          1.00000000e+00]])),{}]
["set_obj_matrix",('Mesh 1', array([[  5.36803082e-01,  -8.43707562e-01,  -6.57394205e-17,          4.35379705e+01],       [ -8.43707562e-01,  -5.36803082e-01,   1.03324381e-16,          2.46153794e+02],       [ -1.22464685e-16,   0.00000000e+00,  -1.00000000e+00,          2.82093124e+01],       [  0.00000000e+00,   0.00000000e+00,   0.00000000e+00,          1.00000000e+00]])),{}]
["set_obj_matrix",('Mesh 1', array([[  5.39985748e-01,  -8.41674160e-01,  -6.61291847e-17,          4.26079922e+01],       [ -8.41674160e-01,  -5.39985748e-01,   1.03075361e-16,          2.46316472e+02],       [ -1.22464685e-16,   0.00000000e+00,  -1.00000000e+00,          2.82093124e+01],       [  0.00000000e+00,   0.00000000e+00,   0.00000000e+00,          1.00000000e+00]])),{}]
["set_obj_matrix",('Mesh 1', array([[  5.50302198e-01,  -8.34965563e-01,  -6.73925855e-17,          3.95736853e+01],       [ -8.34965563e-01,  -5.50302198e-01,   1.02253795e-16,          2.46822140e+02],       [ -1.22464685e-16,   0.00000000e+00,  -1.00000000e+00,          2.82093124e+01],       [  0.00000000e+00,   0.00000000e+00,   0.00000000e+00,          1.00000000e+00]])),{}]
["set_obj_matrix",('Mesh 1', array([[  5.79970928e-01,  -8.14637172e-01,  -7.10259572e-17,          3.06725830e+01],       [ -8.14637172e-01,  -5.79970928e-01,   9.97642849e-17,          2.48085546e+02],       [ -1.22464685e-16,   0.00000000e+00,  -1.00000000e+00,          2.82093124e+01],       [  0.00000000e+00,   0.00000000e+00,   0.00000000e+00,          1.00000000e+00]])),{}]
["set_obj_matrix",('Mesh 1', array([[  6.30486585e-01,  -7.76200145e-01,  -7.72123412e-17,          1.48711780e+01],       [ -7.76200145e-01,  -6.30486585e-01,   9.50571065e-17,          2.49531748e+02],       [ -1.22464685e-16,   0.00000000e+00,  -1.00000000e+00,          2.82093124e+01],       [  0.00000000e+00,   0.00000000e+00,   0.00000000e+00,          1.00000000e+00]])),{}]
["set_obj_matrix",('Mesh 1', array([[  7.22863884e-01,  -6.90990452e-01,  -8.85252981e-17,         -1.65442406e+01],       [ -6.90990452e-01,  -7.22863884e-01,   8.46219282e-17,          2.49426409e+02],       [ -1.22464685e-16,   0.00000000e+00,  -1.00000000e+00,          2.82093124e+01],       [  0.00000000e+00,   0.00000000e+00,   0.00000000e+00,          1.00000000e+00]])),{}]
["set_obj_matrix",('Mesh 1', array([[  7.76783784e-01,  -6.29767381e-01,  -9.51285816e-17,         -3.68209495e+01],       [ -6.29767381e-01,  -7.76783784e-01,   7.71242640e-17,          2.47247777e+02],       [ -1.22464685e-16,   0.00000000e+00,  -1.00000000e+00,          2.82093124e+01],       [  0.00000000e+00,   0.00000000e+00,   0.00000000e+00,          1.00000000e+00]])),{}]
["set_obj_matrix",('Mesh 1', array([[  8.28051773e-01,  -5.60651640e-01,  -1.01407100e-16,         -5.79417141e+01],       [ -5.60651640e-01,  -8.28051773e-01,   6.86600266e-17,          2.43166616e+02],       [ -1.22464685e-16,   0.00000000e+00,  -1.00000000e+00,          2.82093124e+01],       [  0.00000000e+00,   0.00000000e+00,   0.00000000e+00,          1.00000000e+00]])),{}]
["set_obj_matrix",('Mesh 1', array([[  8.59132889e-01,  -5.11752557e-01,  -1.05213439e-16,         -7.19278503e+01],       [ -5.11752557e-01,  -8.59132889e-01,   6.26716158e-17,          2.39402652e+02],       [ -1.22464685e-16,   0.00000000e+00,  -1.00000000e+00,          2.82093124e+01],       [  0.00000000e+00,   0.00000000e+00,   0.00000000e+00,          1.00000000e+00]])),{}]
["set_obj_matrix",('Mesh 1', array([[  8.62653289e-01,  -5.05795712e-01,  -1.05644564e-16,         -7.35826261e+01],       [ -5.05795712e-01,  -8.62653289e-01,   6.19421127e-17,          2.38899231e+02],       [ -1.22464685e-16,   0.00000000e+00,  -1.00000000e+00,          2.82093124e+01],       [  0.00000000e+00,   0.00000000e+00,   0.00000000e+00,          1.00000000e+00]])),{}]
["set_obj_matrix",('Mesh 1', array([[  8.66121843e-01,  -4.99832925e-01,  -1.06069339e-16,         -7.52288494e+01],       [ -4.99832925e-01,  -8.66121843e-01,   6.12118819e-17,          2.38385959e+02],       [ -1.22464685e-16,   0.00000000e+00,  -1.00000000e+00,          2.82093124e+01],       [  0.00000000e+00,   0.00000000e+00,   0.00000000e+00,          1.00000000e+00]])),{}]
["set_obj_matrix",('Mesh 1', array([[  8.72903181e-01,  -4.87893468e-01,  -1.06899813e-16,         -7.84949307e+01],       [ -4.87893468e-01,  -8.72903181e-01,   5.97497200e-17,          2.37330553e+02],       [ -1.22464685e-16,   0.00000000e+00,  -1.00000000e+00,          2.82093124e+01],       [  0.00000000e+00,   0.00000000e+00,   0.00000000e+00,          1.00000000e+00]])),{}]
["set_obj_matrix",('Mesh 1', array([[  8.84270455e-01,  -4.66975121e-01,  -1.08291903e-16,         -8.41225079e+01],       [ -4.66975121e-01,  -8.84270455e-01,   5.71879612e-17,          2.35394667e+02],       [ -1.22464685e-16,   0.00000000e+00,  -1.00000000e+00,          2.82093124e+01],       [  0.00000000e+00,   0.00000000e+00,   0.00000000e+00,          1.00000000e+00]])),{}]
["set_obj_matrix",('Mesh 1', array([[  8.95002726e-01,  -4.46060670e-01,  -1.09606227e-16,         -8.96323895e+01],       [ -4.46060670e-01,  -8.95002726e-01,   5.46266795e-17,          2.33352266e+02],       [ -1.22464685e-16,   0.00000000e+00,  -1.00000000e+00,          2.82093124e+01],       [  0.00000000e+00,   0.00000000e+00,   0.00000000e+00,          1.00000000e+00]])),{}]
["set_obj_matrix",('Mesh 1', array([[  9.13266711e-01,  -4.07362143e-01,  -1.11842920e-16,         -9.95336320e+01],       [ -4.07362143e-01,  -9.13266711e-01,   4.98874766e-17,          2.29303950e+02],       [ -1.22464685e-16,   0.00000000e+00,  -1.00000000e+00,          2.82093124e+01],       [  0.00000000e+00,   0.00000000e+00,   0.00000000e+00,          1.00000000e+00]])),{}]
["set_obj_matrix",('Mesh 1', array([[  9.35074191e-01,  -3.54452051e-01,  -1.14513567e-16,         -1.12487877e+02],       [ -3.54452051e-01,  -9.35074191e-01,   4.34078589e-17,          2.23234681e+02],       [ -1.22464685e-16,   0.00000000e+00,  -1.00000000e+00,          2.82093124e+01],       [  0.00000000e+00,   0.00000000e+00,   0.00000000e+00,          1.00000000e+00]])),{}]
["set_obj_matrix",('Mesh 1', array([[  9.62336911e-01,  -2.71859652e-01,  -1.17852287e-16,         -1.31460014e+02],       [ -2.71859652e-01,  -9.62336911e-01,   3.32932067e-17,          2.12615875e+02],       [ -1.22464685e-16,   0.00000000e+00,  -1.00000000e+00,          2.82093124e+01],       [  0.00000000e+00,   0.00000000e+00,   0.00000000e+00,          1.00000000e+00]])),{}]
["set_obj_matrix",('Mesh 1', array([[  9.74871770e-01,  -2.22766766e-01,  -1.19387364e-16,         -1.42060608e+02],       [ -2.22766766e-01,  -9.74871770e-01,   2.72810619e-17,          2.05684295e+02],       [ -1.22464685e-16,   0.00000000e+00,  -1.00000000e+00,          2.82093124e+01],       [  0.00000000e+00,   0.00000000e+00,   0.00000000e+00,          1.00000000e+00]])),{}]
["set_obj_matrix",('Mesh 1', array([[  9.75492976e-01,  -2.20030575e-01,  -1.19463440e-16,         -1.42637161e+02],       [ -2.20030575e-01,  -9.75492976e-01,   2.69459751e-17,          2.05284889e+02],       [ -1.22464685e-16,   0.00000000e+00,  -1.00000000e+00,          2.82093124e+01],       [  0.00000000e+00,   0.00000000e+00,   0.00000000e+00,          1.00000000e+00]])),{}]
["set_obj_matrix",('Mesh 1', array([[  9.76104522e-01,  -2.17301545e-01,  -1.19538333e-16,         -1.43210725e+02],       [ -2.17301545e-01,  -9.76104522e-01,   2.66117654e-17,          2.04885172e+02],       [ -1.22464685e-16,   0.00000000e+00,  -1.00000000e+00,          2.82093124e+01],       [  0.00000000e+00,   0.00000000e+00,   0.00000000e+00,          1.00000000e+00]])),{}]
["set_obj_matrix",('Mesh 1', array([[  9.83027071e-01,  -1.83460560e-01,  -1.20386101e-16,         -1.50201332e+02],       [ -1.83460560e-01,  -9.83027071e-01,   2.24674397e-17,          1.99816929e+02],       [ -1.22464685e-16,   0.00000000e+00,  -1.00000000e+00,          2.82093124e+01],       [  0.00000000e+00,   0.00000000e+00,   0.00000000e+00,          1.00000000e+00]])),{}]
["set_obj_matrix",('Mesh 1', array([[  9.87669273e-01,  -1.56554807e-01,  -1.20954607e-16,         -1.55600498e+02],       [ -1.56554807e-01,  -9.87669273e-01,   1.91724351e-17,          1.95641843e+02],       [ -1.22464685e-16,   0.00000000e+00,  -1.00000000e+00,          2.82093124e+01],       [  0.00000000e+00,   0.00000000e+00,   0.00000000e+00,          1.00000000e+00]])),{}]
["set_obj_matrix",('Mesh 1', array([[  9.89498596e-01,  -1.44542478e-01,  -1.21178634e-16,         -1.57966176e+02],       [ -1.44542478e-01,  -9.89498596e-01,   1.77013490e-17,          1.93736761e+02],       [ -1.22464685e-16,   0.00000000e+00,  -1.00000000e+00,          2.82093124e+01],       [  0.00000000e+00,   0.00000000e+00,   0.00000000e+00,          1.00000000e+00]])),{}]
["set_obj_matrix",('Mesh 1', array([[  9.90119312e-01,  -1.40227488e-01,  -1.21254650e-16,         -1.58809250e+02],       [ -1.40227488e-01,  -9.90119312e-01,   1.71729152e-17,          1.93046283e+02],       [ -1.22464685e-16,   0.00000000e+00,  -1.00000000e+00,          2.82093124e+01],       [  0.00000000e+00,   0.00000000e+00,   0.00000000e+00,          1.00000000e+00]])),{}]
["set_obj_matrix",('Mesh 1', array([[  9.91167325e-01,  -1.32617247e-01,  -1.21382994e-16,         -1.60287547e+02],       [ -1.32617247e-01,  -9.91167325e-01,   1.62409294e-17,          1.91820613e+02],       [ -1.22464685e-16,   0.00000000e+00,  -1.00000000e+00,          2.82093124e+01],       [  0.00000000e+00,   0.00000000e+00,   0.00000000e+00,          1.00000000e+00]])),{}]
["set_obj_matrix",('Mesh 1', array([[  9.95120653e-01,  -9.86655267e-02,  -1.21867138e-16,         -1.66749595e+02],       [ -9.86655267e-02,  -9.95120653e-01,   1.20830427e-17,          1.86230551e+02],       [ -1.22464685e-16,   0.00000000e+00,  -1.00000000e+00,          2.82093124e+01],       [  0.00000000e+00,   0.00000000e+00,   0.00000000e+00,          1.00000000e+00]])),{}]
["set_obj_matrix",('Mesh 1', array([[  9.97598960e-01,  -6.92554398e-02,  -1.22170643e-16,         -1.72172837e+02],       [ -6.92554398e-02,  -9.97598960e-01,   8.48134563e-18,          1.81228473e+02],       [ -1.22464685e-16,   0.00000000e+00,  -1.00000000e+00,          2.82093124e+01],       [  0.00000000e+00,   0.00000000e+00,   0.00000000e+00,          1.00000000e+00]])),{}]
["set_obj_matrix",('Mesh 1', array([[  9.98985970e-01,  -4.50225702e-02,  -1.22340502e-16,         -1.76520669e+02],       [ -4.50225702e-02,  -9.98985970e-01,   5.51367489e-18,          1.76996324e+02],       [ -1.22464685e-16,   0.00000000e+00,  -1.00000000e+00,          2.82093124e+01],       [  0.00000000e+00,   0.00000000e+00,   0.00000000e+00,          1.00000000e+00]])),{}]
["set_obj_matrix",('Mesh 1', array([[  9.98880357e-01,  -4.73078402e-02,  -1.22327569e-16,         -1.76115291e+02],       [ -4.73078402e-02,  -9.98880357e-01,   5.79353976e-18,          1.77399689e+02],       [ -1.22464685e-16,   0.00000000e+00,  -1.00000000e+00,          2.82093124e+01],       [  0.00000000e+00,   0.00000000e+00,   0.00000000e+00,          1.00000000e+00]])),{}]
["set_obj_matrix",('Mesh 1', array([[  9.98769078e-01,  -4.96017112e-02,  -1.22313941e-16,         -1.75707416e+02],       [ -4.96017112e-02,  -9.98769078e-01,   6.07445796e-18,          1.77803682e+02],       [ -1.22464685e-16,   0.00000000e+00,  -1.00000000e+00,          2.82093124e+01],       [  0.00000000e+00,   0.00000000e+00,   0.00000000e+00,          1.00000000e+00]])),{}]
["set_obj_matrix",('Mesh 1', array([[  9.98507902e-01,  -5.46074093e-02,  -1.22281956e-16,         -1.74813970e+02],       [ -5.46074093e-02,  -9.98507902e-01,   6.68747919e-18,          1.78682180e+02],       [ -1.22464685e-16,   0.00000000e+00,  -1.00000000e+00,          2.82093124e+01],       [  0.00000000e+00,   0.00000000e+00,   0.00000000e+00,          1.00000000e+00]])),{}]
["set_obj_matrix",('Mesh 1', array([[  9.98377729e-01,  -5.69377727e-02,  -1.22266014e-16,         -1.74396450e+02],       [ -5.69377727e-02,  -9.98377729e-01,   6.97286641e-18,          1.79089708e+02],       [ -1.22464685e-16,   0.00000000e+00,  -1.00000000e+00,          2.82093124e+01],       [  0.00000000e+00,   0.00000000e+00,   0.00000000e+00,          1.00000000e+00]])),{}]
["set_obj_matrix",('Mesh 1', array([[  9.98241581e-01,  -5.92768527e-02,  -1.22249341e-16,         -1.73976358e+02],       [ -5.92768527e-02,  -9.98241581e-01,   7.25932111e-18,          1.79497834e+02],       [ -1.22464685e-16,   0.00000000e+00,  -1.00000000e+00,          2.82093124e+01],       [  0.00000000e+00,   0.00000000e+00,   0.00000000e+00,          1.00000000e+00]])),{}]
["set_obj_matrix",('Mesh 1', array([[  9.98216735e-01,  -5.96938084e-02,  -1.22246298e-16,         -1.73901367e+02],       [ -5.96938084e-02,  -9.98216735e-01,   7.31038346e-18,          1.79570487e+02],       [ -1.22464685e-16,   0.00000000e+00,  -1.00000000e+00,          2.82093124e+01],       [  0.00000000e+00,   0.00000000e+00,   0.00000000e+00,          1.00000000e+00]])),{}]
["set_obj_matrix",('Mesh 1', array([[  9.98072888e-01,  -6.20524717e-02,  -1.22228682e-16,         -1.73476549e+02],       [ -6.20524717e-02,  -9.98072888e-01,   7.59923642e-18,          1.79980922e+02],       [ -1.22464685e-16,   0.00000000e+00,  -1.00000000e+00,          2.82093124e+01],       [  0.00000000e+00,   0.00000000e+00,   0.00000000e+00,          1.00000000e+00]])),{}]
["set_obj_matrix",('Mesh 1', array([[  9.97922878e-01,  -6.44199423e-02,  -1.22210311e-16,         -1.73049107e+02],       [ -6.44199423e-02,  -9.97922878e-01,   7.88916796e-18,          1.80391940e+02],       [ -1.22464685e-16,   0.00000000e+00,  -1.00000000e+00,          2.82093124e+01],       [  0.00000000e+00,   0.00000000e+00,   0.00000000e+00,          1.00000000e+00]])),{}]
["set_obj_matrix",('Mesh 1', array([[  9.97604101e-01,  -6.91813416e-02,  -1.22171272e-16,         -1.72186298e+02],       [ -6.91813416e-02,  -9.97604101e-01,   8.47227123e-18,          1.81215684e+02],       [ -1.22464685e-16,   0.00000000e+00,  -1.00000000e+00,          2.82093124e+01],       [  0.00000000e+00,   0.00000000e+00,   0.00000000e+00,          1.00000000e+00]])),{}]
["set_obj_matrix",('Mesh 1', array([[  9.97078037e-01,  -7.63897062e-02,  -1.22106848e-16,         -1.70872067e+02],       [ -7.63897062e-02,  -9.97078037e-01,   9.35504132e-18,          1.82455425e+02],       [ -1.22464685e-16,   0.00000000e+00,  -1.00000000e+00,          2.82093124e+01],       [  0.00000000e+00,   0.00000000e+00,   0.00000000e+00,          1.00000000e+00]])),{}]
["set_obj_matrix",('Mesh 1', array([[  9.96492867e-01,  -8.36777508e-02,  -1.22035185e-16,         -1.69533486e+02],       [ -8.36777508e-02,  -9.96492867e-01,   1.02475694e-17,          1.83699871e+02],       [ -1.22464685e-16,   0.00000000e+00,  -1.00000000e+00,          2.82093124e+01],       [  0.00000000e+00,   0.00000000e+00,   0.00000000e+00,          1.00000000e+00]])),{}]
["set_obj_matrix",('Mesh 1', array([[  9.96068996e-01,  -8.85807834e-02,  -1.21983276e-16,         -1.68627389e+02],       [ -8.85807834e-02,  -9.96068996e-01,   1.08480178e-17,          1.84531973e+02],       [ -1.22464685e-16,   0.00000000e+00,  -1.00000000e+00,          2.82093124e+01],       [  0.00000000e+00,   0.00000000e+00,   0.00000000e+00,          1.00000000e+00]])),{}]
["set_obj_matrix",('Mesh 1', array([[  9.95846723e-01,  -9.10456119e-02,  -1.21956056e-16,         -1.68170188e+02],       [ -9.10456119e-02,  -9.95846723e-01,   1.11498722e-17,          1.84948731e+02],       [ -1.22464685e-16,   0.00000000e+00,  -1.00000000e+00,          2.82093124e+01],       [  0.00000000e+00,   0.00000000e+00,   0.00000000e+00,          1.00000000e+00]])),{}]
["save_ply",('%s',),{}]