["add_ply",('%s',),{}]
["add_polygon_ray",(array([ 520.47686768,  118.31646729, -285.82336426], dtype=float32), array([ 520.47686768,  118.31646729,  434.13220215], dtype=float32), array([  8.81691299e-14,   0.00000000e+00,   7.19955566e+02], dtype=float32)),{}]
["add_polygon_ray",(array([ 647.18902588,  220.5501709 , -285.82336426], dtype=float32), array([ 647.18902588,  220.5501709 ,  434.13220215], dtype=float32), array([  8.81691299e-14,   0.00000000e+00,   7.19955566e+02], dtype=float32)),{}]
["add_polygon_ray",(array([ 583.83294678,  295.42553711, -285.82336426], dtype=float32), array([ 583.83294678,  295.42553711,  434.13220215], dtype=float32), array([  8.81691299e-14,   0.00000000e+00,   7.19955566e+02], dtype=float32)),{}]
["add_polygon_ray",(array([ 651.50878906,  348.70227051, -285.82336426], dtype=float32), array([ 651.50878906,  348.70227051,  434.13220215], dtype=float32), array([  8.81691299e-14,   0.00000000e+00,   7.19955566e+02], dtype=float32)),{}]
["add_polygon_ray",(array([ 710.54516602,  515.73193359, -285.82336426], dtype=float32), array([ 710.54516602,  515.73193359,  434.13220215], dtype=float32), array([  8.81691299e-14,   0.00000000e+00,   7.19955566e+02], dtype=float32)),{}]
["add_polygon_ray",(array([ 615.51098633,  688.52130127, -285.82336426], dtype=float32), array([ 615.51098633,  688.52130127,  434.13220215], dtype=float32), array([  8.81691299e-14,   0.00000000e+00,   7.19955566e+02], dtype=float32)),{}]
["add_polygon_ray",(array([ 399.52432251,  730.27868652, -285.82336426], dtype=float32), array([ 399.52432251,  730.27868652,  434.13220215], dtype=float32), array([  8.81691299e-14,   0.00000000e+00,   7.19955566e+02], dtype=float32)),{}]
["add_polygon_ray",(array([ 161.9389801 ,  687.0814209 , -285.82336426], dtype=float32), array([ 161.9389801 ,  687.0814209 ,  434.13220215], dtype=float32), array([  8.81691299e-14,   0.00000000e+00,   7.19955566e+02], dtype=float32)),{}]
["add_polygon_ray",(array([  72.66448975,  494.13330078, -285.82336426], dtype=float32), array([  72.66448975,  494.13330078,  434.13220215], dtype=float32), array([  8.81691299e-14,   0.00000000e+00,   7.19955566e+02], dtype=float32)),{}]
["add_polygon_ray",(array([ 127.38110352,  253.66812134, -285.82336426], dtype=float32), array([ 127.38110352,  253.66812134,  434.13220215], dtype=float32), array([  8.81691299e-14,   0.00000000e+00,   7.19955566e+02], dtype=float32)),{}]
["add_polygon_ray",(array([ 403.84405518,  134.15548706, -285.82336426], dtype=float32), array([ 403.84405518,  134.15548706,  434.13220215], dtype=float32), array([  8.81691299e-14,   0.00000000e+00,   7.19955566e+02], dtype=float32)),{}]
["select_region_polygon",(),{}]
["crop_selection",(),{}]
["transform_mesh",(array([[ 0.,  1.,  0.],       [ 1.,  0.,  0.],       [ 0.,  0.,  1.]], dtype=float32), array([ 0.,  0.,  0.], dtype=float32)),{'reverse': True}]
["set_obj_matrix",('Mesh 1', array([[ -9.99987674e-01,   4.96499367e-03,   1.22463176e-16,          4.11951103e+02],       [  4.96499367e-03,   9.99987674e-01,  -6.08036387e-19,         -3.98269573e+02],       [ -1.22464685e-16,   0.00000000e+00,  -1.00000000e+00,          7.41544189e+01],       [  0.00000000e+00,   0.00000000e+00,   0.00000000e+00,          1.00000000e+00]])),{}]
["set_obj_matrix",('Mesh 1', array([[ -9.99544553e-01,   3.01775895e-02,   1.22408909e-16,          4.01777967e+02],       [  3.01775895e-02,   9.99544553e-01,  -3.69568900e-18,         -4.08530084e+02],       [ -1.22464685e-16,   0.00000000e+00,  -1.00000000e+00,          7.41544189e+01],       [  0.00000000e+00,   0.00000000e+00,   0.00000000e+00,          1.00000000e+00]])),{}]
["set_obj_matrix",('Mesh 1', array([[ -9.93624007e-01,   1.12744542e-01,   1.21683851e-16,          3.66612692e+02],       [  1.12744542e-01,   9.93624007e-01,  -1.38072249e-17,         -4.40360646e+02],       [ -1.22464685e-16,   0.00000000e+00,  -1.00000000e+00,          7.41544189e+01],       [  0.00000000e+00,   0.00000000e+00,   0.00000000e+00,          1.00000000e+00]])),{}]
["set_obj_matrix",('Mesh 1', array([[ -9.77043734e-01,   2.13038825e-01,   1.19653353e-16,          3.20011195e+02],       [  2.13038825e-01,   9.77043734e-01,  -2.60897327e-17,         -4.75305375e+02],       [ -1.22464685e-16,   0.00000000e+00,  -1.00000000e+00,          7.41544189e+01],       [  0.00000000e+00,   0.00000000e+00,   0.00000000e+00,          1.00000000e+00]])),{}]
["set_obj_matrix",('Mesh 1', array([[ -9.21995235e-01,   3.87201222e-01,   1.12911856e-16,          2.28218823e+02],       [  3.87201222e-01,   9.21995235e-01,  -4.74184758e-17,         -5.25583993e+02],       [ -1.22464685e-16,   0.00000000e+00,  -1.00000000e+00,          7.41544189e+01],       [  0.00000000e+00,   0.00000000e+00,   0.00000000e+00,          1.00000000e+00]])),{}]
["set_obj_matrix",('Mesh 1', array([[ -6.08909719e-01,   7.93239532e-01,   7.45699371e-17,         -6.22548354e+01],       [  7.93239532e-01,   6.08909719e-01,  -9.71438296e-17,         -5.69602230e+02],       [ -1.22464685e-16,   0.00000000e+00,  -1.00000000e+00,          7.41544189e+01],       [  0.00000000e+00,   0.00000000e+00,   0.00000000e+00,          1.00000000e+00]])),{}]
["set_obj_matrix",('Mesh 1', array([[ -1.34685653e-01,   9.90888377e-01,   1.64942361e-17,         -3.36859581e+02],       [  9.90888377e-01,   1.34685653e-01,  -1.21348833e-16,         -4.63516976e+02],       [ -1.22464685e-16,   0.00000000e+00,  -1.00000000e+00,          7.41544189e+01],       [  0.00000000e+00,   0.00000000e+00,   0.00000000e+00,          1.00000000e+00]])),{}]
["set_obj_matrix",('Mesh 1', array([[  1.94816782e-01,   9.80839651e-01,  -2.38581758e-17,         -4.69266860e+02],       [  9.80839651e-01,  -1.94816782e-01,  -1.20118219e-16,         -3.28802339e+02],       [ -1.22464685e-16,   0.00000000e+00,  -1.00000000e+00,          7.41544189e+01],       [  0.00000000e+00,   0.00000000e+00,   0.00000000e+00,          1.00000000e+00]])),{}]
["set_obj_matrix",('Mesh 1', array([[  3.70457692e-01,   9.28849341e-01,  -4.53679847e-17,         -5.21369183e+02],       [  9.28849341e-01,  -3.70457692e-01,  -1.13751242e-16,         -2.37690008e+02],       [ -1.22464685e-16,   0.00000000e+00,  -1.00000000e+00,          7.41544189e+01],       [  0.00000000e+00,   0.00000000e+00,   0.00000000e+00,          1.00000000e+00]])),{}]
["set_obj_matrix",('Mesh 1', array([[  4.32626962e-01,   9.01573021e-01,  -5.29815247e-17,         -5.36295095e+02],       [  9.01573021e-01,  -4.32626962e-01,  -1.10410856e-16,         -2.01767034e+02],       [ -1.22464685e-16,   0.00000000e+00,  -1.00000000e+00,          7.41544189e+01],       [  0.00000000e+00,   0.00000000e+00,   0.00000000e+00,          1.00000000e+00]])),{}]
["set_obj_matrix",('Mesh 1', array([[  5.20157089e-01,   8.54070608e-01,  -6.37008742e-17,         -5.53704491e+02],       [  8.54070608e-01,  -5.20157089e-01,  -1.04593488e-16,         -1.47423543e+02],       [ -1.22464685e-16,   0.00000000e+00,  -1.00000000e+00,          7.41544189e+01],       [  0.00000000e+00,   0.00000000e+00,   0.00000000e+00,          1.00000000e+00]])),{}]
["set_obj_matrix",('Mesh 1', array([[  5.31434766e-01,   8.47099220e-01,  -6.50819914e-17,         -5.55610387e+02],       [  8.47099220e-01,  -5.31434766e-01,  -1.03739739e-16,         -1.40069489e+02],       [ -1.22464685e-16,   0.00000000e+00,  -1.00000000e+00,          7.41544189e+01],       [  0.00000000e+00,   0.00000000e+00,   0.00000000e+00,          1.00000000e+00]])),{}]
["set_obj_matrix",('Mesh 1', array([[  5.35599758e-01,   8.44471965e-01,  -6.55920557e-17,         -5.56293406e+02],       [  8.44471965e-01,  -5.35599758e-01,  -1.03417993e-16,         -1.37331756e+02],       [ -1.22464685e-16,   0.00000000e+00,  -1.00000000e+00,          7.41544189e+01],       [  0.00000000e+00,   0.00000000e+00,   0.00000000e+00,          1.00000000e+00]])),{}]
["set_obj_matrix",('Mesh 1', array([[  5.42011016e-01,   8.40371382e-01,  -6.63772084e-17,         -5.57322445e+02],       [  8.40371382e-01,  -5.42011016e-01,  -1.02915817e-16,         -1.33094165e+02],       [ -1.22464685e-16,   0.00000000e+00,  -1.00000000e+00,          7.41544189e+01],       [  0.00000000e+00,   0.00000000e+00,   0.00000000e+00,          1.00000000e+00]])),{}]
["set_obj_matrix",('Mesh 1', array([[  5.42673216e-01,   8.39943915e-01,  -6.64583046e-17,         -5.57427175e+02],       [  8.39943915e-01,  -5.42673216e-01,  -1.02863467e-16,         -1.32654849e+02],       [ -1.22464685e-16,   0.00000000e+00,  -1.00000000e+00,          7.41544189e+01],       [  0.00000000e+00,   0.00000000e+00,   0.00000000e+00,          1.00000000e+00]])),{}]
["set_obj_matrix",('Mesh 1', array([[  5.64008308e-01,   8.25769113e-01,  -6.90710999e-17,         -5.60641939e+02],       [  8.25769113e-01,  -5.64008308e-01,  -1.01127555e-16,         -1.18334191e+02],       [ -1.22464685e-16,   0.00000000e+00,  -1.00000000e+00,          7.41544189e+01],       [  0.00000000e+00,   0.00000000e+00,   0.00000000e+00,          1.00000000e+00]])),{}]
["set_obj_matrix",('Mesh 1', array([[  7.48733732e-01,   6.62870876e-01,  -9.16934409e-17,         -5.72560690e+02],       [  6.62870876e-01,  -7.48733732e-01,  -8.11782732e-17,          2.22849902e+01],       [ -1.22464685e-16,   0.00000000e+00,  -1.00000000e+00,          7.41544189e+01],       [  0.00000000e+00,   0.00000000e+00,   0.00000000e+00,          1.00000000e+00]])),{}]
["set_obj_matrix",('Mesh 1', array([[  7.99191533e-01,   6.01076446e-01,  -9.78727396e-17,         -5.68962208e+02],       [  6.01076446e-01,  -7.99191533e-01,  -7.36106377e-17,          6.78555088e+01],       [ -1.22464685e-16,   0.00000000e+00,  -1.00000000e+00,          7.41544189e+01],       [  0.00000000e+00,   0.00000000e+00,   0.00000000e+00,          1.00000000e+00]])),{}]
["set_obj_matrix",('Mesh 1', array([[  8.01702473e-01,   5.97723301e-01,  -9.81802410e-17,         -5.68672964e+02],       [  5.97723301e-01,  -8.01702473e-01,  -7.31999959e-17,          7.02383368e+01],       [ -1.22464685e-16,   0.00000000e+00,  -1.00000000e+00,          7.41544189e+01],       [  0.00000000e+00,   0.00000000e+00,   0.00000000e+00,          1.00000000e+00]])),{}]
["set_obj_matrix",('Mesh 1', array([[  7.99191533e-01,   6.01076446e-01,  -9.78727396e-17,         -5.68962208e+02],       [  6.01076446e-01,  -7.99191533e-01,  -7.36106377e-17,          6.78555088e+01],       [ -1.22464685e-16,   0.00000000e+00,  -1.00000000e+00,          7.41544189e+01],       [  0.00000000e+00,   0.00000000e+00,   0.00000000e+00,          1.00000000e+00]])),{}]
["set_obj_matrix",('Mesh 1', array([[  7.85120126e-01,   6.19343514e-01,  -9.61494891e-17,         -5.70375488e+02],       [  6.19343514e-01,  -7.85120126e-01,  -7.58477085e-17,          5.47189778e+01],       [ -1.22464685e-16,   0.00000000e+00,  -1.00000000e+00,          7.41544189e+01],       [  0.00000000e+00,   0.00000000e+00,   0.00000000e+00,          1.00000000e+00]])),{}]
["set_obj_matrix",('Mesh 1', array([[  7.66041491e-01,   6.42791128e-01,  -9.38130301e-17,         -5.71768792e+02],       [  6.42791128e-01,  -7.66041491e-01,  -7.87192132e-17,          3.74541369e+01],       [ -1.22464685e-16,   0.00000000e+00,  -1.00000000e+00,          7.41544189e+01],       [  0.00000000e+00,   0.00000000e+00,   0.00000000e+00,          1.00000000e+00]])),{}]
["set_obj_matrix",('Mesh 1', array([[  7.17911496e-01,   6.96134386e-01,  -8.79188054e-17,         -5.72982290e+02],       [  6.96134386e-01,  -7.17911496e-01,  -8.52518785e-17,         -3.69592181e+00],       [ -1.22464685e-16,   0.00000000e+00,  -1.00000000e+00,          7.41544189e+01],       [  0.00000000e+00,   0.00000000e+00,   0.00000000e+00,          1.00000000e+00]])),{}]
["set_obj_matrix",('Mesh 1', array([[  6.98233846e-01,   7.15869748e-01,  -8.55089882e-17,         -5.72656781e+02],       [  7.15869748e-01,  -6.98233846e-01,  -8.76687634e-17,         -1.96615161e+01],       [ -1.22464685e-16,   0.00000000e+00,  -1.00000000e+00,          7.41544189e+01],       [  0.00000000e+00,   0.00000000e+00,   0.00000000e+00,          1.00000000e+00]])),{}]
["set_obj_matrix",('Mesh 1', array([[  6.88064876e-01,   7.25649176e-01,  -8.42636485e-17,         -5.72322405e+02],       [  7.25649176e-01,  -6.88064876e-01,  -8.88663979e-17,         -2.77385928e+01],       [ -1.22464685e-16,   0.00000000e+00,  -1.00000000e+00,          7.41544189e+01],       [  0.00000000e+00,   0.00000000e+00,   0.00000000e+00,          1.00000000e+00]])),{}]
["set_obj_matrix",('Mesh 1', array([[  6.70633657e-01,   7.41788715e-01,  -8.21289397e-17,         -5.71502012e+02],       [  7.41788715e-01,  -6.70633657e-01,  -9.08429215e-17,         -4.13257122e+01],       [ -1.22464685e-16,   0.00000000e+00,  -1.00000000e+00,          7.41544189e+01],       [  0.00000000e+00,   0.00000000e+00,   0.00000000e+00,          1.00000000e+00]])),{}]
["set_obj_matrix",('Mesh 1', array([[  6.34005006e-01,   7.73328942e-01,  -7.76432235e-17,         -5.68837403e+02],       [  7.73328942e-01,  -6.34005006e-01,  -9.47054854e-17,         -6.88939305e+01],       [ -1.22464685e-16,   0.00000000e+00,  -1.00000000e+00,          7.41544189e+01],       [  0.00000000e+00,   0.00000000e+00,   0.00000000e+00,          1.00000000e+00]])),{}]
["set_obj_matrix",('Mesh 1', array([[  6.27126506e-01,   7.78917419e-01,  -7.68008502e-17,         -5.68204493e+02],       [  7.78917419e-01,  -6.27126506e-01,  -9.53898765e-17,         -7.39325267e+01],       [ -1.22464685e-16,   0.00000000e+00,  -1.00000000e+00,          7.41544189e+01],       [  0.00000000e+00,   0.00000000e+00,   0.00000000e+00,          1.00000000e+00]])),{}]
["set_obj_matrix",('Mesh 1', array([[  6.30952619e-01,   7.75821366e-01,  -7.72694139e-17,         -5.68561495e+02],       [  7.75821366e-01,  -6.30952619e-01,  -9.50107194e-17,         -7.11350180e+01],       [ -1.22464685e-16,   0.00000000e+00,  -1.00000000e+00,          7.41544189e+01],       [  0.00000000e+00,   0.00000000e+00,   0.00000000e+00,          1.00000000e+00]])),{}]
["set_obj_matrix",('Mesh 1', array([[  6.30216336e-01,   7.76419584e-01,  -7.71792452e-17,         -5.68493755e+02],       [  7.76419584e-01,  -6.30216336e-01,  -9.50839800e-17,         -7.16743641e+01],       [ -1.22464685e-16,   0.00000000e+00,  -1.00000000e+00,          7.41544189e+01],       [  0.00000000e+00,   0.00000000e+00,   0.00000000e+00,          1.00000000e+00]])),{}]
["set_obj_matrix",('Mesh 1', array([[  6.34005006e-01,   7.73328942e-01,  -7.76432235e-17,         -5.68837403e+02],       [  7.73328942e-01,  -6.34005006e-01,  -9.47054854e-17,         -6.88939305e+01],       [ -1.22464685e-16,   0.00000000e+00,  -1.00000000e+00,          7.41544189e+01],       [  0.00000000e+00,   0.00000000e+00,   0.00000000e+00,          1.00000000e+00]])),{}]
["save_ply",('%s',),{}]