["add_ply",('%s',),{}]
["add_polygon_ray",(array([ 400.00170898,  496.72421265, -242.3052063 ], dtype=float32), array([ 400.0017395 ,  496.72421265,  363.13156128], dtype=float32), array([  7.41446225e-14,   0.00000000e+00,   6.05436768e+02], dtype=float32)),{}]
["add_polygon_ray",(array([ 272.86001587,  524.57434082, -242.3052063 ], dtype=float32), array([ 272.86001587,  524.57434082,  363.13156128], dtype=float32), array([  7.41446225e-14,   0.00000000e+00,   6.05436768e+02], dtype=float32)),{}]
["add_polygon_ray",(array([ 119.07907104,  503.98944092, -242.3052063 ], dtype=float32), array([ 119.07907104,  503.98944092,  363.13156128], dtype=float32), array([  7.41446225e-14,   0.00000000e+00,   6.05436768e+02], dtype=float32)),{}]
["add_polygon_ray",(array([  11.31132507,  428.9152832 , -242.3052063 ], dtype=float32), array([  11.31132507,  428.9152832 ,  363.13156128], dtype=float32), array([  7.41446225e-14,   0.00000000e+00,   6.05436768e+02], dtype=float32)),{}]
["add_polygon_ray",(array([  16.15481567,  342.94326782, -242.3052063 ], dtype=float32), array([  16.15481567,  342.94326782,  363.13156128], dtype=float32), array([  7.41446225e-14,   0.00000000e+00,   6.05436768e+02], dtype=float32)),{}]
["add_polygon_ray",(array([  51.2701416 ,  255.76037598, -242.3052063 ], dtype=float32), array([  51.2701416 ,  255.76037598,  363.13156128], dtype=float32), array([  7.41446225e-14,   0.00000000e+00,   6.05436768e+02], dtype=float32)),{}]
["add_polygon_ray",(array([  86.38548279,  200.06019592, -242.3052063 ], dtype=float32), array([  86.38548279,  200.06019592,  363.13156128], dtype=float32), array([  7.41446225e-14,   0.00000000e+00,   6.05436768e+02], dtype=float32)),{}]
["add_polygon_ray",(array([ 143.91485596,  244.44172668, -154.28071594], dtype=float32), array([ 143.91485596,  244.44172668,  275.10705566], dtype=float32), array([  5.25848387e-14,   0.00000000e+00,   4.29387787e+02], dtype=float32)),{}]
["add_polygon_ray",(array([ 179.98342896,  261.61721802, -154.28071594], dtype=float32), array([ 179.98342896,  261.61721802,  275.10705566], dtype=float32), array([  5.25848387e-14,   0.00000000e+00,   4.29387787e+02], dtype=float32)),{}]
["add_polygon_ray",(array([ 180.8421936 ,  172.30456543, -154.28071594], dtype=float32), array([ 180.84220886,  172.30456543,  275.10705566], dtype=float32), array([  5.25848387e-14,   0.00000000e+00,   4.29387787e+02], dtype=float32)),{}]
["add_polygon_ray",(array([ 193.72383118,  143.96498108, -154.28071594], dtype=float32), array([ 193.72383118,  143.96498108,  275.10705566], dtype=float32), array([  5.25848387e-14,   0.00000000e+00,   4.29387787e+02], dtype=float32)),{}]
["add_polygon_ray",(array([ 258.13198853,   72.68661499, -154.28071594], dtype=float32), array([ 258.13198853,   72.68661499,  275.10705566], dtype=float32), array([  5.25848387e-14,   0.00000000e+00,   4.29387787e+02], dtype=float32)),{}]
["add_polygon_ray",(array([ 382.16433716,   82.78694153, -194.52168274], dtype=float32), array([ 382.16433716,   82.78694153,  315.34802246], dtype=float32), array([  6.24410327e-14,   0.00000000e+00,   5.09869720e+02], dtype=float32)),{}]
["add_polygon_ray",(array([ 513.5067749 ,  202.10665894, -299.04498291], dtype=float32), array([ 513.5067749 ,  202.10665894,  419.87133789], dtype=float32), array([  8.80418581e-14,   0.00000000e+00,   7.18916321e+02], dtype=float32)),{}]
["add_polygon_ray",(array([ 509.19329834,  387.58706665, -299.04498291], dtype=float32), array([ 509.19329834,  387.58706665,  419.87133789], dtype=float32), array([  8.80418581e-14,   0.00000000e+00,   7.18916321e+02], dtype=float32)),{}]
["select_region_polygon",(),{}]
["crop_selection",(),{}]
["set_obj_matrix",('Mesh 1', array([[ -9.99982075e-01,   5.98748724e-03,   1.22462490e-16,          2.53146472e+02],       [  5.98748724e-03,   9.99982075e-01,  -7.33255740e-19,         -2.59702495e+02],       [ -1.22464685e-16,   0.00000000e+00,  -1.00000000e+00,          6.04131775e+01],       [  0.00000000e+00,   0.00000000e+00,   0.00000000e+00,          1.00000000e+00]])),{}]
["set_obj_matrix",('Mesh 1', array([[ -9.98209938e-01,   5.98073618e-02,   1.22245466e-16,          2.38799784e+02],       [  5.98073618e-02,   9.98209938e-01,  -7.32428974e-18,         -2.72952716e+02],       [ -1.22464685e-16,   0.00000000e+00,  -1.00000000e+00,          6.04131775e+01],       [  0.00000000e+00,   0.00000000e+00,   0.00000000e+00,          1.00000000e+00]])),{}]
["set_obj_matrix",('Mesh 1', array([[ -9.83178502e-01,   1.82647291e-01,   1.20404646e-16,          2.03256250e+02],       [  1.82647291e-01,   9.83178502e-01,  -2.23678430e-17,         -3.00358818e+02],       [ -1.22464685e-16,   0.00000000e+00,  -1.00000000e+00,          6.04131775e+01],       [  0.00000000e+00,   0.00000000e+00,   0.00000000e+00,          1.00000000e+00]])),{}]
["set_obj_matrix",('Mesh 1', array([[ -9.67168526e-01,   2.54135874e-01,   1.18443989e-16,          1.80721484e+02],       [  2.54135874e-01,   9.67168526e-01,  -3.11226698e-17,         -3.14433248e+02],       [ -1.22464685e-16,   0.00000000e+00,  -1.00000000e+00,          6.04131775e+01],       [  0.00000000e+00,   0.00000000e+00,   0.00000000e+00,          1.00000000e+00]])),{}]
["set_obj_matrix",('Mesh 1', array([[ -9.47020050e-01,   3.21174446e-01,   1.15976512e-16,          1.58281568e+02],       [  3.21174446e-01,   9.47020050e-01,  -3.93325274e-17,         -3.26305788e+02],       [ -1.22464685e-16,   0.00000000e+00,  -1.00000000e+00,          6.04131775e+01],       [  0.00000000e+00,   0.00000000e+00,   0.00000000e+00,          1.00000000e+00]])),{}]
["set_obj_matrix",('Mesh 1', array([[ -9.15723621e-01,   4.01808724e-01,   1.12143805e-16,          1.29492135e+02],       [  4.01808724e-01,   9.15723621e-01,  -4.92073789e-17,         -3.38762910e+02],       [ -1.22464685e-16,   0.00000000e+00,  -1.00000000e+00,          6.04131775e+01],       [  0.00000000e+00,   0.00000000e+00,   0.00000000e+00,          1.00000000e+00]])),{}]
["set_obj_matrix",('Mesh 1', array([[ -8.91038359e-01,   4.53928015e-01,   1.09120732e-16,          1.09748606e+02],       [  4.53928015e-01,   8.91038359e-01,  -5.55901515e-17,         -3.45664238e+02],       [ -1.22464685e-16,   0.00000000e+00,  -1.00000000e+00,          6.04131775e+01],       [  0.00000000e+00,   0.00000000e+00,   0.00000000e+00,          1.00000000e+00]])),{}]
["set_obj_matrix",('Mesh 1', array([[ -8.79715888e-01,   4.75499690e-01,   1.07734129e-16,          1.01295387e+02],       [  4.75499690e-01,   8.79715888e-01,  -5.82319199e-17,         -3.48235218e+02],       [ -1.22464685e-16,   0.00000000e+00,  -1.00000000e+00,          6.04131775e+01],       [  0.00000000e+00,   0.00000000e+00,   0.00000000e+00,          1.00000000e+00]])),{}]
["set_obj_matrix",('Mesh 1', array([[ -8.78615285e-01,   4.77530293e-01,   1.07599344e-16,          1.00490801e+02],       [  4.77530293e-01,   8.78615285e-01,  -5.84805970e-17,         -3.48468250e+02],       [ -1.22464685e-16,   0.00000000e+00,  -1.00000000e+00,          6.04131775e+01],       [  0.00000000e+00,   0.00000000e+00,   0.00000000e+00,          1.00000000e+00]])),{}]
["set_obj_matrix",('Mesh 1', array([[ -8.72290861e-01,   4.88987376e-01,   1.06824826e-16,          9.59219758e+01],       [  4.88987376e-01,   8.72290861e-01,  -5.98836851e-17,         -3.49753480e+02],       [ -1.22464685e-16,   0.00000000e+00,  -1.00000000e+00,          6.04131775e+01],       [  0.00000000e+00,   0.00000000e+00,   0.00000000e+00,          1.00000000e+00]])),{}]
["set_obj_matrix",('Mesh 1', array([[ -8.56056166e-01,   5.16882811e-01,   1.04836649e-16,          8.45849468e+01],       [  5.16882811e-01,   8.56056166e-01,  -6.32998907e-17,         -3.52666853e+02],       [ -1.22464685e-16,   0.00000000e+00,  -1.00000000e+00,          6.04131775e+01],       [  0.00000000e+00,   0.00000000e+00,   0.00000000e+00,          1.00000000e+00]])),{}]
["set_obj_matrix",('Mesh 1', array([[ -8.38570949e-01,   5.44792403e-01,   1.02695327e-16,          7.29257582e+01],       [  5.44792403e-01,   8.38570949e-01,  -6.67178302e-17,         -3.55260969e+02],       [ -1.22464685e-16,   0.00000000e+00,  -1.00000000e+00,          6.04131775e+01],       [  0.00000000e+00,   0.00000000e+00,   0.00000000e+00,          1.00000000e+00]])),{}]
["set_obj_matrix",('Mesh 1', array([[ -8.20133438e-01,   5.72172302e-01,   1.00437383e-16,          6.11607808e+01],       [  5.72172302e-01,   8.20133438e-01,  -7.00709009e-17,         -3.57474308e+02],       [ -1.22464685e-16,   0.00000000e+00,  -1.00000000e+00,          6.04131775e+01],       [  0.00000000e+00,   0.00000000e+00,   0.00000000e+00,          1.00000000e+00]])),{}]
["set_obj_matrix",('Mesh 1', array([[ -8.13424234e-01,   5.81670882e-01,   9.96157428e-17,          5.69996037e+01],       [  5.81670882e-01,   8.13424234e-01,  -7.12341415e-17,         -3.58161371e+02],       [ -1.22464685e-16,   0.00000000e+00,  -1.00000000e+00,          6.04131775e+01],       [  0.00000000e+00,   0.00000000e+00,   0.00000000e+00,          1.00000000e+00]])),{}]
["set_obj_matrix",('Mesh 1', array([[ -8.11187496e-01,   5.84786155e-01,   9.93418214e-17,          5.56256057e+01],       [  5.84786155e-01,   8.11187496e-01,  -7.16156524e-17,         -3.58377335e+02],       [ -1.22464685e-16,   0.00000000e+00,  -1.00000000e+00,          6.04131775e+01],       [  0.00000000e+00,   0.00000000e+00,   0.00000000e+00,          1.00000000e+00]])),{}]
["set_obj_matrix",('Mesh 1', array([[ -8.08950916e-01,   5.87876191e-01,   9.90679193e-17,          5.42581635e+01],       [  5.87876191e-01,   8.08950916e-01,  -7.19940727e-17,         -3.58586913e+02],       [ -1.22464685e-16,   0.00000000e+00,  -1.00000000e+00,          6.04131775e+01],       [  0.00000000e+00,   0.00000000e+00,   0.00000000e+00,          1.00000000e+00]])),{}]
["set_obj_matrix",('Mesh 1', array([[ -8.06714685e-01,   5.90941128e-01,   9.87940600e-17,          5.28972904e+01],       [  5.90941128e-01,   8.06714685e-01,  -7.23694193e-17,         -3.58790188e+02],       [ -1.22464685e-16,   0.00000000e+00,  -1.00000000e+00,          6.04131775e+01],       [  0.00000000e+00,   0.00000000e+00,   0.00000000e+00,          1.00000000e+00]])),{}]
["set_obj_matrix",('Mesh 1', array([[ -8.00613300e-01,   5.99181395e-01,   9.80468558e-17,          4.92157969e+01],       [  5.99181395e-01,   8.00613300e-01,  -7.33785610e-17,         -3.59313690e+02],       [ -1.22464685e-16,   0.00000000e+00,  -1.00000000e+00,          6.04131775e+01],       [  0.00000000e+00,   0.00000000e+00,   0.00000000e+00,          1.00000000e+00]])),{}]
["set_obj_matrix",('Mesh 1', array([[ -7.98367162e-01,   6.02170968e-01,   9.77717832e-17,          4.78718582e+01],       [  6.02170968e-01,   7.98367162e-01,  -7.37446781e-17,         -3.59495212e+02],       [ -1.22464685e-16,   0.00000000e+00,  -1.00000000e+00,          6.04131775e+01],       [  0.00000000e+00,   0.00000000e+00,   0.00000000e+00,          1.00000000e+00]])),{}]
["set_obj_matrix",('Mesh 1', array([[ -7.96122242e-01,   6.05135833e-01,   9.74968597e-17,          4.65346088e+01],       [  6.05135833e-01,   7.96122242e-01,  -7.41077693e-17,         -3.59670756e+02],       [ -1.22464685e-16,   0.00000000e+00,  -1.00000000e+00,          6.04131775e+01],       [  0.00000000e+00,   0.00000000e+00,   0.00000000e+00,          1.00000000e+00]])),{}]
["set_obj_matrix",('Mesh 1', array([[ -7.92193841e-01,   6.10269546e-01,   9.70157694e-17,          4.42086246e+01],       [  6.10269546e-01,   7.92193841e-01,  -7.47364678e-17,         -3.59964053e+02],       [ -1.22464685e-16,   0.00000000e+00,  -1.00000000e+00,          6.04131775e+01],       [  0.00000000e+00,   0.00000000e+00,   0.00000000e+00,          1.00000000e+00]])),{}]
["set_obj_matrix",('Mesh 1', array([[ -7.85961722e-01,   6.18275159e-01,   9.62525549e-17,          4.05544168e+01],       [  6.18275159e-01,   7.85961722e-01,  -7.57168727e-17,         -3.60394036e+02],       [ -1.22464685e-16,   0.00000000e+00,  -1.00000000e+00,          6.04131775e+01],       [  0.00000000e+00,   0.00000000e+00,   0.00000000e+00,          1.00000000e+00]])),{}]
["set_obj_matrix",('Mesh 1', array([[ -7.81943562e-01,   6.23349233e-01,   9.57604722e-17,          3.82209687e+01],       [  6.23349233e-01,   7.81943562e-01,  -7.63382676e-17,         -3.60648970e+02],       [ -1.22464685e-16,   0.00000000e+00,  -1.00000000e+00,          6.04131775e+01],       [  0.00000000e+00,   0.00000000e+00,   0.00000000e+00,          1.00000000e+00]])),{}]
["set_obj_matrix",('Mesh 1', array([[ -7.79673521e-01,   6.26186235e-01,   9.54824724e-17,          3.69103332e+01],       [  6.26186235e-01,   7.79673521e-01,  -7.66857002e-17,         -3.60785462e+02],       [ -1.22464685e-16,   0.00000000e+00,  -1.00000000e+00,          6.04131775e+01],       [  0.00000000e+00,   0.00000000e+00,   0.00000000e+00,          1.00000000e+00]])),{}]
["set_obj_matrix",('Mesh 1', array([[ -7.77406128e-01,   6.28998976e-01,   9.52047968e-17,          3.56066355e+01],       [  6.28998976e-01,   7.77406128e-01,  -7.70301617e-17,         -3.60916458e+02],       [ -1.22464685e-16,   0.00000000e+00,  -1.00000000e+00,          6.04131775e+01],       [  0.00000000e+00,   0.00000000e+00,   0.00000000e+00,          1.00000000e+00]])),{}]
["set_obj_matrix",('Mesh 1', array([[ -7.71059515e-01,   6.36763084e-01,   9.44275608e-17,          3.19856190e+01],       [  6.36763084e-01,   7.71059515e-01,  -7.79809907e-17,         -3.61255370e+02],       [ -1.22464685e-16,   0.00000000e+00,  -1.00000000e+00,          6.04131775e+01],       [  0.00000000e+00,   0.00000000e+00,   0.00000000e+00,          1.00000000e+00]])),{}]
["set_obj_matrix",('Mesh 1', array([[ -7.52063689e-01,   6.59090439e-01,   9.21012430e-17,          2.13829171e+01],       [  6.59090439e-01,   7.52063689e-01,  -8.07153032e-17,         -3.62037696e+02],       [ -1.22464685e-16,   0.00000000e+00,  -1.00000000e+00,          6.04131775e+01],       [  0.00000000e+00,   0.00000000e+00,   0.00000000e+00,          1.00000000e+00]])),{}]
["set_obj_matrix",('Mesh 1', array([[ -7.54014825e-01,   6.56857400e-01,   9.23401882e-17,          2.24563963e+01],       [  6.56857400e-01,   7.54014825e-01,  -8.04418347e-17,         -3.61972696e+02],       [ -1.22464685e-16,   0.00000000e+00,  -1.00000000e+00,          6.04131775e+01],       [  0.00000000e+00,   0.00000000e+00,   0.00000000e+00,          1.00000000e+00]])),{}]
["set_obj_matrix",('Mesh 1', array([[ -7.55945885e-01,   6.54634111e-01,   9.25766749e-17,          2.35222446e+01],       [  6.54634111e-01,   7.55945885e-01,  -8.01695604e-17,         -3.61904996e+02],       [ -1.22464685e-16,   0.00000000e+00,  -1.00000000e+00,          6.04131775e+01],       [  0.00000000e+00,   0.00000000e+00,   0.00000000e+00,          1.00000000e+00]])),{}]
["save_ply",('%s',),{}]