["add_ply",('%s',),{}]
["add_polygon_ray",(array([ 902.97058105,  289.12252808, -536.68377686], dtype=float32), array([ 902.97058105,  289.12252808,  705.32830811], dtype=float32), array([  1.52102614e-13,   0.00000000e+00,   1.24201208e+03], dtype=float32)),{}]
["add_polygon_ray",(array([ 1064.43212891,   584.72143555,  -536.68377686], dtype=float32), array([ 1064.43212891,   584.72143555,   705.32830811], dtype=float32), array([  1.52102614e-13,   0.00000000e+00,   1.24201208e+03], dtype=float32)),{}]
["add_polygon_ray",(array([ 1027.171875  ,   865.4161377 ,  -536.68377686], dtype=float32), array([ 1027.171875  ,   865.4161377 ,   705.32830811], dtype=float32), array([  1.52102614e-13,   0.00000000e+00,   1.24201208e+03], dtype=float32)),{}]
["add_polygon_ray",(array([  825.96582031,  1079.04223633,  -536.68377686], dtype=float32), array([  825.96588135,  1079.04223633,   705.32830811], dtype=float32), array([  1.52102614e-13,   0.00000000e+00,   1.24201208e+03], dtype=float32)),{}]
["add_polygon_ray",(array([  468.26635742,  1103.88244629,  -536.68377686], dtype=float32), array([  468.26638794,  1103.88244629,   705.32830811], dtype=float32), array([  1.52102614e-13,   0.00000000e+00,   1.24201208e+03], dtype=float32)),{}]
["add_polygon_ray",(array([ 125.47103882,  882.80432129, -536.68377686], dtype=float32), array([ 125.47103882,  882.80432129,  705.32830811], dtype=float32), array([  1.52102614e-13,   0.00000000e+00,   1.24201208e+03], dtype=float32)),{}]
["add_polygon_ray",(array([  53.43432617,  587.20544434, -536.68377686], dtype=float32), array([  53.43432617,  587.20544434,  705.32830811], dtype=float32), array([  1.52102614e-13,   0.00000000e+00,   1.24201208e+03], dtype=float32)),{}]
["add_polygon_ray",(array([ 221.83462524,  305.07443237, -533.58453369], dtype=float32), array([ 225.31533813,  314.70684814,  708.38531494], dtype=float32), array([    3.48071408,     9.63241863,  1241.96984863], dtype=float32)),{}]
["add_polygon_ray",(array([ 387.58297729,  454.86428833, -535.21081543], dtype=float32), array([ 391.0637207,  464.4967041,  706.7590332], dtype=float32), array([    3.48071408,     9.63241863,  1241.96984863], dtype=float32)),{}]
["add_polygon_ray",(array([ 561.78186035,  242.03265381, -533.95532227], dtype=float32), array([ 573.65155029,  251.77322388,  707.96179199], dtype=float32), array([   11.8696785 ,     9.74056911,  1241.91711426], dtype=float32)),{}]
["add_polygon_ray",(array([ 726.67553711,  217.04724121, -533.75561523], dtype=float32), array([ 730.02368164,  228.57229614,  708.19848633], dtype=float32), array([    3.3481636 ,    11.52503681,  1241.95410156], dtype=float32)),{}]
["select_region_polygon",(),{}]
["crop_selection",(),{}]
["set_obj_matrix",('Mesh 1', array([[ -9.99975037e-01,  -7.06554657e-03,   6.54992817e-05,          5.79155802e+02],       [ -7.06554532e-03,   9.99975039e-01,   1.92795245e-05,         -5.75677262e+02],       [ -6.56338671e-05,   1.88162551e-05,  -9.99999998e-01,          8.43491013e+01],       [  0.00000000e+00,   0.00000000e+00,   0.00000000e+00,          1.00000000e+00]])),{}]
["set_obj_matrix",('Mesh 1', array([[ -9.99913094e-01,  -1.31829420e-02,   1.22100255e-04,          5.82661988e+02],       [ -1.31829376e-02,   9.99913101e-01,   3.63460712e-05,         -5.72124806e+02],       [ -1.22568793e-04,   3.47332724e-05,  -9.99999992e-01,          8.43726150e+01],       [  0.00000000e+00,   0.00000000e+00,   0.00000000e+00,          1.00000000e+00]])),{}]
["set_obj_matrix",('Mesh 1', array([[ -9.94290024e-01,  -1.06707066e-01,   9.74822586e-04,          6.33577297e+02],       [ -1.06706780e-01,   9.94290474e-01,   3.40652096e-04,         -5.15107093e+02],       [ -1.00560680e-03,   2.34686801e-04,  -9.99999467e-01,          8.47644640e+01],       [  0.00000000e+00,   0.00000000e+00,   0.00000000e+00,          1.00000000e+00]])),{}]
["set_obj_matrix",('Mesh 1', array([[ -9.79299958e-01,  -2.02406203e-01,   1.82247619e-03,          6.80367239e+02],       [ -2.02405167e-01,   9.79301590e-01,   7.37737068e-04,         -4.51416549e+02],       [ -1.93407638e-03,   3.53587283e-04,  -9.99998067e-01,          8.52293567e+01],       [  0.00000000e+00,   0.00000000e+00,   0.00000000e+00,          1.00000000e+00]])),{}]
["set_obj_matrix",('Mesh 1', array([[ -9.68547243e-01,  -2.48819797e-01,   2.22419515e-03,          7.01058137e+02],       [ -2.48818223e-01,   9.68549723e-01,   9.62636021e-04,         -4.18510889e+02],       [ -2.39376650e-03,   3.78938178e-04,  -9.99997063e-01,          8.54789331e+01],       [  0.00000000e+00,   0.00000000e+00,   0.00000000e+00,          1.00000000e+00]])),{}]
["set_obj_matrix",('Mesh 1', array([[ -9.53981422e-01,  -2.99853931e-01,   2.65851194e-03,          7.22232221e+02],       [ -2.99851628e-01,   9.53985050e-01,   1.23537282e-03,         -3.80741708e+02],       [ -2.90661204e-03,   3.81363588e-04,  -9.99995703e-01,          8.57723392e+01],       [  0.00000000e+00,   0.00000000e+00,   0.00000000e+00,          1.00000000e+00]])),{}]
["set_obj_matrix",('Mesh 1', array([[ -9.22340362e-01,  -3.86363636e-01,   3.37600067e-03,          7.54129891e+02],       [ -3.86359750e-01,   9.22346485e-01,   1.76218696e-03,         -3.12694527e+02],       [ -3.79468731e-03,   3.20985382e-04,  -9.99992749e-01,          8.63178083e+01],       [  0.00000000e+00,   0.00000000e+00,   0.00000000e+00,          1.00000000e+00]])),{}]
["set_obj_matrix",('Mesh 1', array([[ -8.88882426e-01,  -4.58118345e-01,   3.95166848e-03,          7.76440413e+02],       [ -4.58112786e-01,   8.88891186e-01,   2.26608195e-03,         -2.52077501e+02],       [ -4.55073700e-03,   2.03970568e-04,  -9.99989625e-01,          8.68201733e+01],       [  0.00000000e+00,   0.00000000e+00,   0.00000000e+00,          1.00000000e+00]])),{}]
["set_obj_matrix",('Mesh 1', array([[ -8.93821016e-01,  -4.48407155e-01,   3.87486483e-03,          7.73656876e+02],       [ -4.48401842e-01,   8.93829387e-01,   2.19407706e-03,         -2.60518932e+02],       [ -4.44730791e-03,   2.23615655e-04,  -9.99990086e-01,          8.67493429e+01],       [  0.00000000e+00,   0.00000000e+00,   0.00000000e+00,          1.00000000e+00]])),{}]
["set_obj_matrix",('Mesh 1', array([[ -8.96263306e-01,  -4.43505773e-01,   3.83596531e-03,          7.72223074e+02],       [ -4.43500583e-01,   8.96271485e-01,   2.15820175e-03,         -2.64750334e+02],       [ -4.39524127e-03,   2.33064182e-04,  -9.99990314e-01,          8.67139419e+01],       [  0.00000000e+00,   0.00000000e+00,   0.00000000e+00,          1.00000000e+00]])),{}]
["set_obj_matrix",('Mesh 1', array([[ -8.98686987e-01,  -4.38574149e-01,   3.79673498e-03,          7.70761065e+02],       [ -4.38569080e-01,   8.98694974e-01,   2.12241759e-03,         -2.68988349e+02],       [ -4.34294414e-03,   2.42258499e-04,  -9.99990540e-01,          8.66785555e+01],       [  0.00000000e+00,   0.00000000e+00,   0.00000000e+00,          1.00000000e+00]])),{}]
["set_obj_matrix",('Mesh 1', array([[ -9.01091603e-01,  -4.33612507e-01,   3.75717470e-03,          7.69270718e+02],       [ -4.33607558e-01,   9.01099401e-01,   2.08672940e-03,         -2.73232583e+02],       [ -4.29041984e-03,   2.51194993e-04,  -9.99990765e-01,          8.66431878e+01],       [  0.00000000e+00,   0.00000000e+00,   0.00000000e+00,          1.00000000e+00]])),{}]
["set_obj_matrix",('Mesh 1', array([[ -9.03476702e-01,  -4.28621082e-01,   3.71728542e-03,          7.67751907e+02],       [ -4.28616253e-01,   9.03484311e-01,   2.05114203e-03,         -2.77482639e+02],       [ -4.23767177e-03,   2.59870087e-04,  -9.99990987e-01,          8.66078429e+01],       [  0.00000000e+00,   0.00000000e+00,   0.00000000e+00,          1.00000000e+00]])),{}]
["set_obj_matrix",('Mesh 1', array([[ -9.08842672e-01,  -4.17123310e-01,   3.62505488e-03,          7.64179671e+02],       [ -4.17118749e-01,   9.08849859e-01,   1.97035509e-03,         -2.87198499e+02],       [ -4.11651166e-03,   2.78664432e-04,  -9.99991488e-01,          8.65273123e+01],       [  0.00000000e+00,   0.00000000e+00,   0.00000000e+00,          1.00000000e+00]])),{}]
["set_obj_matrix",('Mesh 1', array([[ -9.16279420e-01,  -4.00524452e-01,   3.49107006e-03,          7.58844446e+02],       [ -4.00520263e-01,   9.16286021e-01,   1.85660171e-03,         -3.01045494e+02],       [ -3.94243308e-03,   3.02921639e-04,  -9.99992183e-01,          8.64131987e+01],       [  0.00000000e+00,   0.00000000e+00,   0.00000000e+00,          1.00000000e+00]])),{}]
["set_obj_matrix",('Mesh 1', array([[ -9.20697239e-01,  -3.90262708e-01,   3.40775346e-03,          7.55442788e+02],       [ -3.90258740e-01,   9.20703491e-01,   1.78794477e-03,         -3.09501938e+02],       [ -3.83529867e-03,   3.16250240e-04,  -9.99992595e-01,          8.63438954e+01],       [  0.00000000e+00,   0.00000000e+00,   0.00000000e+00,          1.00000000e+00]])),{}]
["set_obj_matrix",('Mesh 1', array([[ -9.25023976e-01,  -3.79894197e-01,   3.32320054e-03,          7.51926955e+02],       [ -3.79890446e-01,   9.25029887e-01,   1.71984514e-03,         -3.17967031e+02],       [ -3.72741901e-03,   3.28445855e-04,  -9.99992999e-01,          8.62748196e+01],       [  0.00000000e+00,   0.00000000e+00,   0.00000000e+00,          1.00000000e+00]])),{}]
["set_obj_matrix",('Mesh 1', array([[ -9.35837560e-01,  -3.52418031e-01,   3.09738046e-03,          7.42235267e+02],       [ -3.52414821e-01,   9.35842618e-01,   1.54543449e-03,         -3.40021708e+02],       [ -3.44329962e-03,   3.54712866e-04,  -9.99994009e-01,          8.60962852e+01],       [  0.00000000e+00,   0.00000000e+00,   0.00000000e+00,          1.00000000e+00]])),{}]
["set_obj_matrix",('Mesh 1', array([[ -9.45839025e-01,  -3.24623354e-01,   2.86641530e-03,          7.31892322e+02],       [ -3.24620645e-01,   9.45843295e-01,   1.37770074e-03,         -3.61789349e+02],       [ -3.15841353e-03,   3.72585541e-04,  -9.99994943e-01,          8.59221701e+01],       [  0.00000000e+00,   0.00000000e+00,   0.00000000e+00,          1.00000000e+00]])),{}]
["set_obj_matrix",('Mesh 1', array([[ -9.47677384e-01,  -3.19217195e-01,   2.82120344e-03,          7.29819097e+02],       [ -3.19214577e-01,   9.47681509e-01,   1.34606843e-03,         -3.65961310e+02],       [ -3.10329052e-03,   3.75069345e-04,  -9.99995114e-01,          8.58890444e+01],       [  0.00000000e+00,   0.00000000e+00,   0.00000000e+00,          1.00000000e+00]])),{}]
["set_obj_matrix",('Mesh 1', array([[ -9.45839025e-01,  -3.24623354e-01,   2.86641530e-03,          7.31892322e+02],       [ -3.24620645e-01,   9.45843295e-01,   1.37770074e-03,         -3.61789349e+02],       [ -3.15841353e-03,   3.72585541e-04,  -9.99994943e-01,          8.59221701e+01],       [  0.00000000e+00,   0.00000000e+00,   0.00000000e+00,          1.00000000e+00]])),{}]
["set_obj_matrix",('Mesh 1', array([[ -9.43973615e-01,  -3.30008088e-01,   2.91135541e-03,          7.33937591e+02],       [ -3.30005285e-01,   9.43978032e-01,   1.40952630e-03,         -3.57614044e+02],       [ -3.21341063e-03,   3.69792962e-04,  -9.99994769e-01,          8.59554021e+01],       [  0.00000000e+00,   0.00000000e+00,   0.00000000e+00,          1.00000000e+00]])),{}]
["set_obj_matrix",('Mesh 1', array([[ -9.40163079e-01,  -3.40711582e-01,   3.00040851e-03,          7.37944108e+02],       [ -3.40708588e-01,   9.40167797e-01,   1.47373923e-03,         -3.49255213e+02],       [ -3.32300748e-03,   3.63290264e-04,  -9.99994413e-01,          8.60221689e+01],       [  0.00000000e+00,   0.00000000e+00,   0.00000000e+00,          1.00000000e+00]])),{}]
["set_obj_matrix",('Mesh 1', array([[ -9.38218686e-01,  -3.46029519e-01,   3.04451584e-03,          7.39905300e+02],       [ -3.46026428e-01,   9.38223557e-01,   1.50611759e-03,         -3.45072583e+02],       [ -3.37759762e-03,   3.59584724e-04,  -9.99994231e-01,          8.60556956e+01],       [  0.00000000e+00,   0.00000000e+00,   0.00000000e+00,          1.00000000e+00]])),{}]
["set_obj_matrix",('Mesh 1', array([[ -9.36248707e-01,  -3.51324381e-01,   3.08834006e-03,          7.41838425e+02],       [ -3.51321192e-01,   9.36253733e-01,   1.53867115e-03,         -3.40888406e+02],       [ -3.43204260e-03,   3.55579563e-04,  -9.99994047e-01,          8.60893123e+01],       [  0.00000000e+00,   0.00000000e+00,   0.00000000e+00,          1.00000000e+00]])),{}]
["save_ply",('%s',),{}]