["add_ply",('%s',),{}]
["add_polygon_ray",(array([ 108.15864563,   -4.49315643,  -73.4995575 ], dtype=float32), array([ 108.15864563,   -4.49315643,  231.15315247], dtype=float32), array([  3.73091992e-14,   0.00000000e+00,   3.04652710e+02], dtype=float32)),{}]
["add_polygon_ray",(array([ 154.46586609,   43.03266907,  -73.4995575 ], dtype=float32), array([ 154.46586609,   43.03266907,  231.15315247], dtype=float32), array([  3.73091992e-14,   0.00000000e+00,   3.04652710e+02], dtype=float32)),{}]
["add_polygon_ray",(array([ 201.38237   ,   75.93516541,  -73.4995575 ], dtype=float32), array([ 201.38238525,   75.93516541,  231.15315247], dtype=float32), array([  3.73091992e-14,   0.00000000e+00,   3.04652710e+02], dtype=float32)),{}]
["add_polygon_ray",(array([ 212.34986877,  149.05181885,  -73.4995575 ], dtype=float32), array([ 212.34988403,  149.05181885,  231.15315247], dtype=float32), array([  3.73091992e-14,   0.00000000e+00,   3.04652710e+02], dtype=float32)),{}]
["add_polygon_ray",(array([ 176.73544312,  201.1394043 ,  -76.22589111], dtype=float32), array([ 176.41120911,  210.4864502 ,  228.28323364], dtype=float32), array([  -0.32423842,    9.34705257,  304.50912476], dtype=float32)),{}]
["add_polygon_ray",(array([ 116.09832764,  212.56477356,  -76.64115906], dtype=float32), array([ 115.77409363,  221.91181946,  227.8679657 ], dtype=float32), array([  -0.32423842,    9.34705257,  304.50912476], dtype=float32)),{}]
["add_polygon_ray",(array([  75.47772217,  198.45710754,  -76.25137329], dtype=float32), array([  75.15348816,  207.80415344,  228.25775146], dtype=float32), array([  -0.32423842,    9.34705257,  304.50912476], dtype=float32)),{}]
["add_polygon_ray",(array([  34.99365997,  167.28659058,  -75.33769226], dtype=float32), array([  34.66942596,  176.63365173,  229.1714325 ], dtype=float32), array([  -0.32423842,    9.34705257,  304.50912476], dtype=float32)),{}]
["add_polygon_ray",(array([ 14.45059967,  96.5242157 , -71.18655396], dtype=float32), array([  22.28743744,   92.83118439,  233.3429718 ], dtype=float32), array([   7.83683062,   -3.6930294 ,  304.5295105 ], dtype=float32)),{}]
["add_polygon_ray",(array([  0.44255829,  46.19449615, -72.00622559], dtype=float32), array([   7.90140533,   40.57826233,  232.50338745], dtype=float32), array([   7.458848  ,   -5.61623096,  304.50961304], dtype=float32)),{}]
["add_polygon_ray",(array([-15.20337677, -12.21411896, -72.70024109], dtype=float32), array([  -7.74452972,  -17.83034515,  231.80937195], dtype=float32), array([   7.458848  ,   -5.61623096,  304.50961304], dtype=float32)),{}]
["add_polygon_ray",(array([ 63.12484741, -21.07517242, -74.78230286], dtype=float32), array([  70.58369446,  -26.69139862,  229.72732544], dtype=float32), array([   7.458848  ,   -5.61623096,  304.50961304], dtype=float32)),{}]
["select_region_polygon",(),{}]
["crop_selection",(),{}]
["set_obj_matrix",('Mesh 1', array([[ -9.99983595e-01,   5.66420259e-03,  -8.52709583e-04,          1.13679857e+02],       [  5.65926636e-03,   9.99967831e-01,   5.68407287e-03,         -1.13584511e+02],       [  8.84877893e-04,   5.67915391e-03,  -9.99983482e-01,          7.80855288e+01],       [  0.00000000e+00,   0.00000000e+00,   0.00000000e+00,          1.00000000e+00]])),{}]
["set_obj_matrix",('Mesh 1', array([[ -9.45014259e-01,   1.02535895e-01,   3.10538951e-01,          7.19560751e+01],       [  1.32582363e-01,   9.88161823e-01,   7.71889210e-02,         -1.32394090e+02],       [ -2.98948100e-01,   1.14116619e-01,  -9.47421464e-01,          9.60001520e+01],       [  0.00000000e+00,   0.00000000e+00,   0.00000000e+00,          1.00000000e+00]])),{}]
["set_obj_matrix",('Mesh 1', array([[ -7.85633393e-01,   1.12812986e-01,   6.08320148e-01,          2.91172960e+01],       [  1.84258325e-01,   9.81281969e-01,   5.59872041e-02,         -1.35852955e+02],       [ -5.90617508e-01,   1.56073468e-01,  -7.91714615e-01,          1.12330133e+02],       [  0.00000000e+00,   0.00000000e+00,   0.00000000e+00,          1.00000000e+00]])),{}]
["set_obj_matrix",('Mesh 1', array([[ -3.23968114e-01,   9.09814023e-02,   9.41683092e-01,         -4.74507699e+01],       [  2.13788039e-01,   9.76658375e-01,  -2.08108663e-02,         -1.32652904e+02],       [ -9.21596081e-01,   1.94578524e-01,  -3.35856907e-01,          1.09879627e+02],       [  0.00000000e+00,   0.00000000e+00,   0.00000000e+00,          1.00000000e+00]])),{}]
["set_obj_matrix",('Mesh 1', array([[ -2.85468537e-01,   8.77975582e-02,   9.54358058e-01,         -5.24903772e+01],       [  2.08449602e-01,   9.77643933e-01,  -2.75881225e-02,         -1.31619618e+02],       [ -9.35444535e-01,   1.91060017e-01,  -2.97387949e-01,          1.08825261e+02],       [  0.00000000e+00,   0.00000000e+00,   0.00000000e+00,          1.00000000e+00]])),{}]
["set_obj_matrix",('Mesh 1', array([[ -1.38056170e-01,   8.18703723e-02,   9.87034820e-01,         -7.12415256e+01],       [  2.48393797e-01,   9.67589238e-01,  -4.55147012e-02,         -1.33639128e+02],       [ -9.58770575e-01,   2.38889741e-01,  -1.53917757e-01,          9.48004721e+01],       [  0.00000000e+00,   0.00000000e+00,   0.00000000e+00,          1.00000000e+00]])),{}]
["set_obj_matrix",('Mesh 1', array([[ -1.17023244e-02,   7.11432587e-02,   9.97397460e-01,         -8.52877907e+01],       [  2.70202874e-01,   9.60583242e-01,  -6.53470888e-02,         -1.33779400e+02],       [ -9.62732290e-01,   2.68734947e-01,  -3.04641697e-02,          8.21642624e+01],       [  0.00000000e+00,   0.00000000e+00,   0.00000000e+00,          1.00000000e+00]])),{}]
["set_obj_matrix",('Mesh 1', array([[ -1.96549902e-02,   7.19426363e-02,   9.97215091e-01,         -8.44547344e+01],       [  2.69855358e-01,   9.60771964e-01,  -6.39946829e-02,         -1.33867531e+02],       [ -9.62700248e-01,   2.67846021e-01,  -3.82980694e-02,          8.28781212e+01],       [  0.00000000e+00,   0.00000000e+00,   0.00000000e+00,          1.00000000e+00]])),{}]
["set_obj_matrix",('Mesh 1', array([[ -4.05336504e-03,   7.04036748e-02,   9.97510347e-01,         -8.60873975e+01],       [  2.78375167e-01,   9.58167827e-01,  -6.64957312e-02,         -1.34350836e+02],       [ -9.60463865e-01,   2.77412578e-01,  -2.34824387e-02,          8.03785665e+01],       [  0.00000000e+00,   0.00000000e+00,   0.00000000e+00,          1.00000000e+00]])),{}]
["set_obj_matrix",('Mesh 1', array([[ -2.39576885e-02,   7.41632589e-02,   9.96958294e-01,         -8.41927069e+01],       [  3.85833288e-01,   9.20666136e-01,  -5.92160451e-02,         -1.42983247e+02],       [ -9.22257395e-01,   3.83241017e-01,  -5.06716865e-02,          6.62516429e+01],       [  0.00000000e+00,   0.00000000e+00,   0.00000000e+00,          1.00000000e+00]])),{}]
["set_obj_matrix",('Mesh 1', array([[ -8.25278550e-02,   8.94986844e-02,   9.92561907e-01,         -7.88795481e+01],       [  5.02332364e-01,   8.63919369e-01,  -3.61319875e-02,         -1.51729465e+02],       [ -8.60727221e-01,   4.95614073e-01,  -1.16255498e-01,          5.17502402e+01],       [  0.00000000e+00,   0.00000000e+00,   0.00000000e+00,          1.00000000e+00]])),{}]
["set_obj_matrix",('Mesh 1', array([[ -8.44240846e-02,   9.43497801e-02,   9.91952969e-01,         -7.91606168e+01],       [  5.80516281e-01,   8.13767262e-01,  -2.79944790e-02,         -1.55661779e+02],       [ -8.09860124e-01,   5.73481441e-01,  -1.23473140e-01,          3.77479593e+01],       [  0.00000000e+00,   0.00000000e+00,   0.00000000e+00,          1.00000000e+00]])),{}]
["set_obj_matrix",('Mesh 1', array([[ -8.45767387e-02,   9.48038593e-02,   9.91896670e-01,         -7.91898188e+01],       [  5.87446350e-01,   8.08805402e-01,  -2.72141019e-02,         -1.55956889e+02],       [ -8.04831387e-01,   5.80384398e-01,  -1.24098304e-01,          3.64461594e+01],       [  0.00000000e+00,   0.00000000e+00,   0.00000000e+00,          1.00000000e+00]])),{}]
["set_obj_matrix",('Mesh 1', array([[ -7.69158397e-02,   9.26646732e-02,   9.92722122e-01,         -7.98895128e+01],       [  5.87858007e-01,   8.08410887e-01,  -2.99132434e-02,         -1.55746776e+02],       [ -8.05299272e-01,   5.81278846e-01,  -1.16653272e-01,          3.58121286e+01],       [  0.00000000e+00,   0.00000000e+00,   0.00000000e+00,          1.00000000e+00]])),{}]
["set_obj_matrix",('Mesh 1', array([[ -3.83497129e-02,   8.16025191e-02,   9.95926869e-01,         -8.33039580e+01],       [  5.82819591e-01,   8.11407227e-01,  -4.40412957e-02,         -1.54394528e+02],       [ -8.11696140e-01,   5.78756720e-01,  -7.86767811e-02,          3.38331392e+01],       [  0.00000000e+00,   0.00000000e+00,   0.00000000e+00,          1.00000000e+00]])),{}]
["set_obj_matrix",('Mesh 1', array([[ -1.52802581e-02,   7.51305510e-02,   9.97056625e-01,         -8.53006832e+01],       [  5.83823758e-01,   8.10206781e-01,  -5.21036648e-02,         -1.53738683e+02],       [ -8.11736616e-01,   5.81309189e-01,  -5.62431694e-02,          3.17822577e+01],       [  0.00000000e+00,   0.00000000e+00,   0.00000000e+00,          1.00000000e+00]])),{}]
["set_obj_matrix",('Mesh 1', array([[  3.94714963e-02,   5.99827004e-02,   9.97418707e-01,         -8.98806714e+01],       [  5.64831555e-01,   8.22077515e-01,  -7.17904882e-02,         -1.51352322e+02],       [ -8.24261679e-01,   5.66207237e-01,  -1.43149239e-03,          3.05915098e+01],       [  0.00000000e+00,   0.00000000e+00,   0.00000000e+00,          1.00000000e+00]])),{}]
["set_obj_matrix",('Mesh 1', array([[  1.20356272e-01,   4.24586895e-02,   9.91822377e-01,         -9.67094167e+01],       [  4.95301178e-01,   8.63282150e-01,  -9.70601533e-02,         -1.46051685e+02],       [ -8.60343600e-01,   5.02932590e-01,   8.28715820e-02,          3.51865753e+01],       [  0.00000000e+00,   0.00000000e+00,   0.00000000e+00,          1.00000000e+00]])),{}]
["set_obj_matrix",('Mesh 1', array([[  1.72641686e-01,   3.98443815e-02,   9.84178476e-01,         -1.01786477e+02],       [  3.92299218e-01,   9.13731865e-01,  -1.05808328e-01,         -1.39269210e+02],       [ -9.03491102e-01,   4.04359374e-01,   1.42117290e-01,          4.65349467e+01],       [  0.00000000e+00,   0.00000000e+00,   0.00000000e+00,          1.00000000e+00]])),{}]
["set_obj_matrix",('Mesh 1', array([[  1.73454869e-01,   4.11313487e-02,   9.83982531e-01,         -1.02008715e+02],       [  3.77136610e-01,   9.20192552e-01,  -1.04945910e-01,         -1.38331623e+02],       [ -9.09769963e-01,   3.89299215e-01,   1.44099741e-01,          4.87902168e+01],       [  0.00000000e+00,   0.00000000e+00,   0.00000000e+00,          1.00000000e+00]])),{}]
["set_obj_matrix",('Mesh 1', array([[  1.50765028e-01,   4.64159366e-02,   9.87479350e-01,         -1.00286487e+02],       [  3.61328078e-01,   9.27195083e-01,  -9.87486634e-02,         -1.37801719e+02],       [ -9.20169510e-01,   3.71691861e-01,   1.23017212e-01,          5.36209638e+01],       [  0.00000000e+00,   0.00000000e+00,   0.00000000e+00,          1.00000000e+00]])),{}]
["set_obj_matrix",('Mesh 1', array([[  1.29420142e-01,   5.31066132e-02,   9.90166710e-01,         -9.88122905e+01],       [  3.14487063e-01,   9.44814499e-01,  -9.17793514e-02,         -1.34981492e+02],       [ -9.40397955e-01,   3.23272718e-01,   1.05576684e-01,          6.27537175e+01],       [  0.00000000e+00,   0.00000000e+00,   0.00000000e+00,          1.00000000e+00]])),{}]
["set_obj_matrix",('Mesh 1', array([[  1.21527301e-01,   5.42029905e-02,   9.91107033e-01,         -9.81079780e+01],       [  3.14244722e-01,   9.45045685e-01,  -9.02159022e-02,         -1.35103053e+02],       [ -9.41531396e-01,   3.22413849e-01,   9.78158476e-02,          6.35915941e+01],       [  0.00000000e+00,   0.00000000e+00,   0.00000000e+00,          1.00000000e+00]])),{}]
["set_obj_matrix",('Mesh 1', array([[  1.13986945e-01,   5.56969451e-02,   9.91919768e-01,         -9.74786049e+01],       [  3.06238860e-01,   9.47840085e-01,  -8.84134301e-02,         -1.34644804e+02],       [ -9.45105675e-01,   3.13842356e-01,   9.09848262e-02,          6.55026663e+01],       [  0.00000000e+00,   0.00000000e+00,   0.00000000e+00,          1.00000000e+00]])),{}]
["set_obj_matrix",('Mesh 1', array([[  1.06079270e-01,   5.67453989e-02,   9.92737200e-01,         -9.67575194e+01],       [  3.05982203e-01,   9.48064038e-01,  -8.68876887e-02,         -1.34760943e+02],       [ -9.46108915e-01,   3.12976898e-01,   8.32068590e-02,          6.63277588e+01],       [  0.00000000e+00,   0.00000000e+00,   0.00000000e+00,          1.00000000e+00]])),{}]
["set_obj_matrix",('Mesh 1', array([[  6.64757521e-02,   6.18711104e-02,   9.95867933e-01,         -9.30561449e+01],       [  3.04612254e-01,   9.49169311e-01,  -7.93031739e-02,         -1.35326623e+02],       [ -9.50153855e-01,   3.08625314e-01,   4.42500454e-02,          7.03502658e+01],       [  0.00000000e+00,   0.00000000e+00,   0.00000000e+00,          1.00000000e+00]])),{}]
["set_obj_matrix",('Mesh 1', array([[  5.06113203e-02,   6.38676838e-02,   9.96674176e-01,         -9.15317617e+01],       [  3.04024261e-01,   9.49604711e-01,  -7.62898493e-02,         -1.35545955e+02],       [ -9.51318949e-01,   3.06874260e-01,   2.86434228e-02,          7.19105820e+01],       [  0.00000000e+00,   0.00000000e+00,   0.00000000e+00,          1.00000000e+00]])),{}]
["set_obj_matrix",('Mesh 1', array([[  4.26757462e-02,   6.48546067e-02,   9.96981775e-01,         -9.07603783e+01],       [  3.03721779e-01,   9.49820985e-01,  -7.47875456e-02,         -1.35654147e+02],       [ -9.51804529e-01,   3.05996693e-01,   2.08365628e-02,          7.26801707e+01],       [  0.00000000e+00,   0.00000000e+00,   0.00000000e+00,          1.00000000e+00]])),{}]
["set_obj_matrix",('Mesh 1', array([[  3.50582603e-02,   6.59202862e-02,   9.97208822e-01,         -9.00278469e+01],       [  2.95625317e-01,   9.52483305e-01,  -7.33568334e-02,         -1.35141384e+02],       [ -9.54660458e-01,   2.97371937e-01,   1.39047022e-02,          7.45231107e+01],       [  0.00000000e+00,   0.00000000e+00,   0.00000000e+00,          1.00000000e+00]])),{}]
["set_obj_matrix",('Mesh 1', array([[  2.71158820e-02,   6.68600689e-02,   9.97393834e-01,         -8.92407201e+01],       [  2.95310630e-01,   9.52692586e-01,  -7.18920627e-02,         -1.35244437e+02],       [ -9.55016419e-01,   2.96490418e-01,   6.08861065e-03,          7.52790625e+01],       [  0.00000000e+00,   0.00000000e+00,   0.00000000e+00,          1.00000000e+00]])),{}]
["set_obj_matrix",('Mesh 1', array([[  1.91725703e-02,   6.77923996e-02,   9.97515214e-01,         -8.84476324e+01],       [  2.94990492e-01,   9.52900939e-01,  -7.04301711e-02,         -1.35346535e+02],       [ -9.55307815e-01,   2.95607832e-01,  -1.72855304e-03,          7.60278422e+01],       [  0.00000000e+00,   0.00000000e+00,   0.00000000e+00,          1.00000000e+00]])),{}]
["set_obj_matrix",('Mesh 1', array([[  1.12287166e-02,   6.87173146e-02,   9.97572978e-01,         -8.76486338e+01],       [  2.94664923e-01,   9.53108369e-01,  -6.89711511e-02,         -1.35447683e+02],       [ -9.55534666e-01,   2.94724223e-01,  -9.54639843e-03,          7.67694163e+01],       [  0.00000000e+00,   0.00000000e+00,   0.00000000e+00,          1.00000000e+00]])),{}]
["save_ply",('%s',),{}]