["add_ply",('%s',),{}]
["add_polygon_ray",(array([ 388.01867676,  481.61224365, -205.90092468], dtype=float32), array([ 388.01867676,  481.61224365,  359.77087402], dtype=float32), array([  6.92748200e-14,   0.00000000e+00,   5.65671814e+02], dtype=float32)),{}]
["add_polygon_ray",(array([ 346.15893555,  409.20623779, -205.90092468], dtype=float32), array([ 346.15896606,  409.20623779,  359.77087402], dtype=float32), array([  6.92748200e-14,   0.00000000e+00,   5.65671814e+02], dtype=float32)),{}]
["add_polygon_ray",(array([ 312.21862793,  346.98236084, -205.90092468], dtype=float32), array([ 312.21862793,  346.98236084,  359.77087402], dtype=float32), array([  6.92748200e-14,   0.00000000e+00,   5.65671814e+02], dtype=float32)),{}]
["add_polygon_ray",(array([ 263.57086182,  405.81222534, -205.90092468], dtype=float32), array([ 263.57086182,  405.81222534,  359.77087402], dtype=float32), array([  6.92748200e-14,   0.00000000e+00,   5.65671814e+02], dtype=float32)),{}]
["add_polygon_ray",(array([ 249.99473572,  480.480896  , -205.90092468], dtype=float32), array([ 249.99473572,  480.480896  ,  359.77087402], dtype=float32), array([  6.92748200e-14,   0.00000000e+00,   5.65671814e+02], dtype=float32)),{}]
["add_polygon_ray",(array([ 134.59768677,  523.47192383, -205.90092468], dtype=float32), array([ 134.59768677,  523.47192383,  359.77087402], dtype=float32), array([  6.92748200e-14,   0.00000000e+00,   5.65671814e+02], dtype=float32)),{}]
["add_polygon_ray",(array([  47.48422241,  418.25698853, -205.90092468], dtype=float32), array([  47.48422241,  418.25698853,  359.77090454], dtype=float32), array([  6.92748200e-14,   0.00000000e+00,   5.65671814e+02], dtype=float32)),{}]
["add_polygon_ray",(array([  27.12002563,  291.54650879, -205.90092468], dtype=float32), array([  27.12002563,  291.54650879,  359.77090454], dtype=float32), array([  6.92748200e-14,   0.00000000e+00,   5.65671814e+02], dtype=float32)),{}]
["add_polygon_ray",(array([  72.3737793 ,  111.66285706, -205.90092468], dtype=float32), array([  72.3737793 ,  111.66285706,  359.77087402], dtype=float32), array([  6.92748200e-14,   0.00000000e+00,   5.65671814e+02], dtype=float32)),{}]
["add_polygon_ray",(array([ 208.13502502,   51.70166016, -205.90092468], dtype=float32), array([ 208.13502502,   51.70166016,  359.77087402], dtype=float32), array([  6.92748200e-14,   0.00000000e+00,   5.65671814e+02], dtype=float32)),{}]
["add_polygon_ray",(array([ 433.2723999 ,   60.75241089, -205.90092468], dtype=float32), array([ 433.27243042,   60.75241089,  359.77087402], dtype=float32), array([  6.92748200e-14,   0.00000000e+00,   5.65671814e+02], dtype=float32)),{}]
["add_polygon_ray",(array([ 545.27545166,  170.49273682, -205.90092468], dtype=float32), array([ 545.27545166,  170.49273682,  359.77087402], dtype=float32), array([  6.92748200e-14,   0.00000000e+00,   5.65671814e+02], dtype=float32)),{}]
["add_polygon_ray",(array([ 566.77099609,  380.92266846, -205.90092468], dtype=float32), array([ 566.77099609,  380.92266846,  359.77087402], dtype=float32), array([  6.92748200e-14,   0.00000000e+00,   5.65671814e+02], dtype=float32)),{}]
["add_polygon_ray",(array([ 468.34405518,  490.66299438, -205.90092468], dtype=float32), array([ 468.34408569,  490.66299438,  359.77087402], dtype=float32), array([  6.92748200e-14,   0.00000000e+00,   5.65671814e+02], dtype=float32)),{}]
["select_region_polygon",(),{}]
["crop_selection",(),{}]
["set_obj_matrix",('Mesh 1', array([[ -9.99893823e-01,   1.45719631e-02,   1.22451682e-16,          2.93867826e+02],       [  1.45719631e-02,   9.99893823e-01,  -1.78455088e-18,         -3.29804065e+02],       [ -1.22464685e-16,   0.00000000e+00,  -1.00000000e+00,          7.69349823e+01],       [  0.00000000e+00,   0.00000000e+00,   0.00000000e+00,          1.00000000e+00]])),{}]
["set_obj_matrix",('Mesh 1', array([[ -9.73387816e-01,   2.29164045e-01,   1.19205633e-16,          2.16105112e+02],       [  2.29164045e-01,   9.73387816e-01,  -2.80645027e-17,         -3.85263029e+02],       [ -1.22464685e-16,   0.00000000e+00,  -1.00000000e+00,          7.69349823e+01],       [  0.00000000e+00,   0.00000000e+00,   0.00000000e+00,          1.00000000e+00]])),{}]
["set_obj_matrix",('Mesh 1', array([[ -9.42227341e-01,   3.34974085e-01,   1.15389575e-16,          1.72359496e+02],       [  3.34974085e-01,   9.42227341e-01,  -4.10224958e-17,         -4.06720081e+02],       [ -1.22464685e-16,   0.00000000e+00,  -1.00000000e+00,          7.69349823e+01],       [  0.00000000e+00,   0.00000000e+00,   0.00000000e+00,          1.00000000e+00]])),{}]
["set_obj_matrix",('Mesh 1', array([[ -9.05800566e-01,   4.23704301e-01,   1.10928581e-16,          1.32600397e+02],       [  4.23704301e-01,   9.05800566e-01,  -5.18888139e-17,         -4.21362261e+02],       [ -1.22464685e-16,   0.00000000e+00,  -1.00000000e+00,          7.69349823e+01],       [  0.00000000e+00,   0.00000000e+00,   0.00000000e+00,          1.00000000e+00]])),{}]
["set_obj_matrix",('Mesh 1', array([[ -5.75125645e-01,   8.18065090e-01,   7.04325812e-17,         -9.45124314e+01],       [  8.18065090e-01,   5.75125645e-01,  -1.00184084e-16,         -4.31504833e+02],       [ -1.22464685e-16,   0.00000000e+00,  -1.00000000e+00,          7.69349823e+01],       [  0.00000000e+00,   0.00000000e+00,   0.00000000e+00,          1.00000000e+00]])),{}]
["set_obj_matrix",('Mesh 1', array([[ -4.01446343e-02,   9.99193879e-01,   4.91630001e-18,         -3.13235540e+02],       [  9.99193879e-01,   4.01446343e-02,  -1.22365964e-16,         -3.11468324e+02],       [ -1.22464685e-16,   0.00000000e+00,  -1.00000000e+00,          7.69349823e+01],       [  0.00000000e+00,   0.00000000e+00,   0.00000000e+00,          1.00000000e+00]])),{}]
["set_obj_matrix",('Mesh 1', array([[  1.60921689e-01,   9.86967178e-01,  -1.97072240e-17,         -3.69302863e+02],       [  9.86967178e-01,  -1.60921689e-01,  -1.20868625e-16,         -2.42372474e+02],       [ -1.22464685e-16,   0.00000000e+00,  -1.00000000e+00,          7.69349823e+01],       [  0.00000000e+00,   0.00000000e+00,   0.00000000e+00,          1.00000000e+00]])),{}]
["set_obj_matrix",('Mesh 1', array([[  3.06126436e-01,   9.51990864e-01,  -3.74896777e-17,         -4.01282845e+02],       [  9.51990864e-01,  -3.06126436e-01,  -1.16585262e-16,         -1.84664829e+02],       [ -1.22464685e-16,   0.00000000e+00,  -1.00000000e+00,          7.69349823e+01],       [  0.00000000e+00,   0.00000000e+00,   0.00000000e+00,          1.00000000e+00]])),{}]
["set_obj_matrix",('Mesh 1', array([[  4.89193720e-01,   8.72175157e-01,  -5.99089550e-17,         -4.29975559e+02],       [  8.72175157e-01,  -4.89193720e-01,  -1.06810656e-16,         -1.01242478e+02],       [ -1.22464685e-16,   0.00000000e+00,  -1.00000000e+00,          7.69349823e+01],       [  0.00000000e+00,   0.00000000e+00,   0.00000000e+00,          1.00000000e+00]])),{}]
["set_obj_matrix",('Mesh 1', array([[  6.56069454e-01,   7.54700518e-01,  -8.03453392e-17,         -4.41575302e+02],       [  7.54700518e-01,  -6.56069454e-01,  -9.24241614e-17,         -1.18437045e+01],       [ -1.22464685e-16,   0.00000000e+00,  -1.00000000e+00,          7.69349823e+01],       [  0.00000000e+00,   0.00000000e+00,   0.00000000e+00,          1.00000000e+00]])),{}]
["set_obj_matrix",('Mesh 1', array([[  6.57422204e-01,   7.53522425e-01,  -8.05110033e-17,         -4.41595837e+02],       [  7.53522425e-01,  -6.57422204e-01,  -9.22798866e-17,         -1.10515734e+01],       [ -1.22464685e-16,   0.00000000e+00,  -1.00000000e+00,          7.69349823e+01],       [  0.00000000e+00,   0.00000000e+00,   0.00000000e+00,          1.00000000e+00]])),{}]
["set_obj_matrix",('Mesh 1', array([[  6.81116218e-01,   7.32175319e-01,  -8.34126832e-17,         -4.41723675e+02],       [  7.32175319e-01,  -6.81116218e-01,  -8.96656200e-17,          3.03566916e+00],       [ -1.22464685e-16,   0.00000000e+00,  -1.00000000e+00,          7.69349823e+01],       [  0.00000000e+00,   0.00000000e+00,   0.00000000e+00,          1.00000000e+00]])),{}]
["set_obj_matrix",('Mesh 1', array([[  8.51482207e-01,   5.24383496e-01,  -1.04276501e-16,         -4.24968704e+02],       [  5.24383496e-01,  -8.51482207e-01,  -6.42184598e-17,          1.20543026e+02],       [ -1.22464685e-16,   0.00000000e+00,  -1.00000000e+00,          7.69349823e+01],       [  0.00000000e+00,   0.00000000e+00,   0.00000000e+00,          1.00000000e+00]])),{}]
["set_obj_matrix",('Mesh 1', array([[  9.60225619e-01,   2.79225286e-01,  -1.17593728e-16,         -3.77648345e+02],       [  2.79225286e-01,  -9.60225619e-01,  -3.41952368e-17,          2.29152238e+02],       [ -1.22464685e-16,   0.00000000e+00,  -1.00000000e+00,          7.69349823e+01],       [  0.00000000e+00,   0.00000000e+00,   0.00000000e+00,          1.00000000e+00]])),{}]
["set_obj_matrix",('Mesh 1', array([[  9.96589302e-01,   8.25212925e-02,  -1.22046995e-16,         -3.24483530e+02],       [  8.25212925e-02,  -9.96589302e-01,  -1.01059441e-17,          2.99732313e+02],       [ -1.22464685e-16,   0.00000000e+00,  -1.00000000e+00,          7.69349823e+01],       [  0.00000000e+00,   0.00000000e+00,   0.00000000e+00,          1.00000000e+00]])),{}]
["set_obj_matrix",('Mesh 1', array([[  9.97538938e-01,  -7.01146744e-02,  -1.22163292e-16,         -2.75086137e+02],       [ -7.01146744e-02,  -9.97538938e-01,   8.58657153e-18,          3.45624996e+02],       [ -1.22464685e-16,   0.00000000e+00,  -1.00000000e+00,          7.69349823e+01],       [  0.00000000e+00,   0.00000000e+00,   0.00000000e+00,          1.00000000e+00]])),{}]
["set_obj_matrix",('Mesh 1', array([[  9.87682605e-01,  -1.56470672e-01,  -1.20956239e-16,         -2.44034879e+02],       [ -1.56470672e-01,  -9.87682605e-01,   1.91621316e-17,          3.68206462e+02],       [ -1.22464685e-16,   0.00000000e+00,  -1.00000000e+00,          7.69349823e+01],       [  0.00000000e+00,   0.00000000e+00,   0.00000000e+00,          1.00000000e+00]])),{}]
["set_obj_matrix",('Mesh 1', array([[  9.86469403e-01,  -1.63945469e-01,  -1.20807665e-16,         -2.41239617e+02],       [ -1.63945469e-01,  -9.86469403e-01,   2.00775303e-17,          3.70043873e+02],       [ -1.22464685e-16,   0.00000000e+00,  -1.00000000e+00,          7.69349823e+01],       [  0.00000000e+00,   0.00000000e+00,   0.00000000e+00,          1.00000000e+00]])),{}]
["set_obj_matrix",('Mesh 1', array([[  9.86060186e-01,  -1.66389032e-01,  -1.20757550e-16,         -2.40322060e+02],       [ -1.66389032e-01,  -9.86060186e-01,   2.03767804e-17,          3.70640430e+02],       [ -1.22464685e-16,   0.00000000e+00,  -1.00000000e+00,          7.69349823e+01],       [  0.00000000e+00,   0.00000000e+00,   0.00000000e+00,          1.00000000e+00]])),{}]
["set_obj_matrix",('Mesh 1', array([[  9.88026789e-01,  -1.54282418e-01,  -1.20998390e-16,         -2.44849914e+02],       [ -1.54282418e-01,  -9.88026789e-01,   1.88941477e-17,          3.67664984e+02],       [ -1.22464685e-16,   0.00000000e+00,  -1.00000000e+00,          7.69349823e+01],       [  0.00000000e+00,   0.00000000e+00,   0.00000000e+00,          1.00000000e+00]])),{}]
["set_obj_matrix",('Mesh 1', array([[  9.91175125e-01,  -1.32558938e-01,  -1.21383950e-16,         -2.52860847e+02],       [ -1.32558938e-01,  -9.91175125e-01,   1.62337886e-17,          3.62202171e+02],       [ -1.22464685e-16,   0.00000000e+00,  -1.00000000e+00,          7.69349823e+01],       [  0.00000000e+00,   0.00000000e+00,   0.00000000e+00,          1.00000000e+00]])),{}]
["set_obj_matrix",('Mesh 1', array([[  9.91824907e-01,  -1.27606243e-01,  -1.21463525e-16,         -2.54666937e+02],       [ -1.27606243e-01,  -9.91824907e-01,   1.56272584e-17,          3.60934581e+02],       [ -1.22464685e-16,   0.00000000e+00,  -1.00000000e+00,          7.69349823e+01],       [  0.00000000e+00,   0.00000000e+00,   0.00000000e+00,          1.00000000e+00]])),{}]
["set_obj_matrix",('Mesh 1', array([[  9.91816669e-01,  -1.27670256e-01,  -1.21462516e-16,         -2.54643642e+02],       [ -1.27670256e-01,  -9.91816669e-01,   1.56350977e-17,          3.60951017e+02],       [ -1.22464685e-16,   0.00000000e+00,  -1.00000000e+00,          7.69349823e+01],       [  0.00000000e+00,   0.00000000e+00,   0.00000000e+00,          1.00000000e+00]])),{}]
["set_obj_matrix",('Mesh 1', array([[  9.92138133e-01,  -1.25147614e-01,  -1.21501884e-16,         -2.55560731e+02],       [ -1.25147614e-01,  -9.92138133e-01,   1.53261632e-17,          3.60302281e+02],       [ -1.22464685e-16,   0.00000000e+00,  -1.00000000e+00,          7.69349823e+01],       [  0.00000000e+00,   0.00000000e+00,   0.00000000e+00,          1.00000000e+00]])),{}]
["set_obj_matrix",('Mesh 1', array([[  9.92130824e-01,  -1.25205544e-01,  -1.21500989e-16,         -2.55539692e+02],       [ -1.25205544e-01,  -9.92130824e-01,   1.53332576e-17,          3.60317202e+02],       [ -1.22464685e-16,   0.00000000e+00,  -1.00000000e+00,          7.69349823e+01],       [  0.00000000e+00,   0.00000000e+00,   0.00000000e+00,          1.00000000e+00]])),{}]
["save_ply",('%s',),{}]