["add_ply",('%s',),{}]
["add_polygon_ray",(array([ 144.83441162,  288.95956421, -619.02319336], dtype=float32), array([ 144.83441162,  288.95956421,  934.01171875], dtype=float32), array([  1.90191938e-13,   0.00000000e+00,   1.55303491e+03], dtype=float32)),{}]
["add_polygon_ray",(array([ 241.12258911,  136.762146  , -619.02319336], dtype=float32), array([ 241.12258911,  136.762146  ,  934.01171875], dtype=float32), array([  1.90191938e-13,   0.00000000e+00,   1.55303491e+03], dtype=float32)),{}]
["add_polygon_ray",(array([ 759.83624268,  121.23181152, -619.02319336], dtype=float32), array([ 759.83624268,  121.23181152,  934.01171875], dtype=float32), array([  1.90191938e-13,   0.00000000e+00,   1.55303491e+03], dtype=float32)),{}]
["add_polygon_ray",(array([ 896.5032959 ,  155.39855957, -619.02319336], dtype=float32), array([ 896.50335693,  155.39855957,  934.01171875], dtype=float32), array([  1.90191938e-13,   0.00000000e+00,   1.55303491e+03], dtype=float32)),{}]
["add_polygon_ray",(array([ 1005.90100098,   219.9355011 ,  -614.3112793 ], dtype=float32), array([ 992.17248535,  233.97613525,  938.5994873 ], dtype=float32), array([  -13.72852707,    14.04063797,  1552.9107666 ], dtype=float32)),{}]
["add_polygon_ray",(array([ 890.83374023,  813.13287354, -620.69189453], dtype=float32), array([ 877.10522461,  827.17346191,  932.21875   ], dtype=float32), array([  -13.72852707,    14.04063797,  1552.9107666 ], dtype=float32)),{}]
["add_polygon_ray",(array([ 490.15408325,  862.6965332 , -624.68225098], dtype=float32), array([ 476.42559814,  876.73718262,  928.22851562], dtype=float32), array([  -13.72852707,    14.04063797,  1552.9107666 ], dtype=float32)),{}]
["add_polygon_ray",(array([ 117.49499512,  642.05236816, -625.98181152], dtype=float32), array([ 103.76647949,  656.09301758,  926.92895508], dtype=float32), array([  -13.72852707,    14.04063797,  1552.9107666 ], dtype=float32)),{}]
["select_region_polygon",(),{}]
["crop_selection",(),{}]
["transform_mesh",(array([[ 0.,  1.,  0.],       [ 1.,  0.,  0.],       [ 0.,  0.,  1.]], dtype=float32), array([ 0.,  0.,  0.], dtype=float32)),{'reverse': True}]
["toggle_back",(False,),{}]
["set_obj_matrix",('Mesh 1', array([[ -9.99996703e-01,   2.56760183e-03,  -3.02477758e-05,          6.62489733e+02],       [  2.56760025e-03,   9.99996702e-01,   5.22986344e-05,         -4.14912962e+02],       [  3.03819581e-05,   5.22207977e-05,  -9.99999998e-01,          1.57452494e+02],       [  0.00000000e+00,   0.00000000e+00,   0.00000000e+00,          1.00000000e+00]])),{}]
["set_obj_matrix",('Mesh 1', array([[ -9.99973496e-01,   7.28005024e-03,  -8.54138483e-05,          6.60535828e+02],       [  7.28003751e-03,   9.99973489e-01,   1.48487386e-04,         -4.18045449e+02],       [  8.64925796e-05,   1.47861634e-04,  -9.99999985e-01,          1.57375741e+02],       [  0.00000000e+00,   0.00000000e+00,   0.00000000e+00,          1.00000000e+00]])),{}]
["set_obj_matrix",('Mesh 1', array([[ -9.95748559e-01,   9.21075720e-02,  -1.00095368e-03,          6.22825638e+02],       [  9.21055290e-02,   9.95747391e-01,   1.92488085e-03,         -4.72864780e+02],       [  1.17399312e-03,   1.82450397e-03,  -9.99997646e-01,          1.55960971e+02],       [  0.00000000e+00,   0.00000000e+00,   0.00000000e+00,          1.00000000e+00]])),{}]
["set_obj_matrix",('Mesh 1', array([[ -9.87215498e-01,   1.59382969e-01,  -1.62157554e-03,          5.89462934e+02],       [  1.59376825e-01,   9.87211985e-01,   3.39486333e-03,         -5.14207184e+02],       [  2.14192221e-03,   3.09302013e-03,  -9.99992923e-01,          1.54793806e+02],       [  0.00000000e+00,   0.00000000e+00,   0.00000000e+00,          1.00000000e+00]])),{}]
["set_obj_matrix",('Mesh 1', array([[ -9.76874629e-01,   2.13803046e-01,  -2.05362339e-03,          5.60182810e+02],       [  2.13791933e-01,   9.76868273e-01,   4.62452724e-03,         -5.46233844e+02],       [  2.99485755e-03,   4.07853521e-03,  -9.99987198e-01,          1.53819724e+02],       [  0.00000000e+00,   0.00000000e+00,   0.00000000e+00,          1.00000000e+00]])),{}]
["set_obj_matrix",('Mesh 1', array([[ -9.67183124e-01,   2.54069613e-01,  -2.33178199e-03,          5.37157598e+02],       [  2.54053843e-01,   9.67174105e-01,   5.55845480e-03,         -5.69090993e+02],       [  3.66747362e-03,   4.78364551e-03,  -9.99981833e-01,          1.53081212e+02],       [  0.00000000e+00,   0.00000000e+00,   0.00000000e+00,          1.00000000e+00]])),{}]
["set_obj_matrix",('Mesh 1', array([[ -9.33483813e-01,   3.58607970e-01,  -2.88013431e-03,          4.71687351e+02],       [  3.58576006e-01,   9.33465532e-01,   8.08383525e-03,         -6.24915746e+02],       [  5.58743385e-03,   6.51338229e-03,  -9.99963178e-01,          1.51089557e+02],       [  0.00000000e+00,   0.00000000e+00,   0.00000000e+00,          1.00000000e+00]])),{}]
["set_obj_matrix",('Mesh 1', array([[ -8.76374805e-01,   4.81619302e-01,  -3.17012158e-03,          3.83009875e+02],       [  4.81559894e-01,   8.76340829e-01,   1.12614437e-02,         -6.83417864e+02],       [  8.20183565e-03,   8.34264215e-03,  -9.99931563e-01,          1.48593942e+02],       [  0.00000000e+00,   0.00000000e+00,   0.00000000e+00,          1.00000000e+00]])),{}]
["set_obj_matrix",('Mesh 1', array([[ -5.19868355e-01,   8.54246332e-01,  -3.13452300e-04,         -7.96957784e+00],       [  8.54015605e-01,   5.19736401e-01,   2.30525456e-02,         -7.85067380e+02],       [  1.98554651e-02,   1.17165958e-02,  -9.99734206e-01,          1.39435990e+02],       [  0.00000000e+00,   0.00000000e+00,   0.00000000e+00,          1.00000000e+00]])),{}]
["set_obj_matrix",('Mesh 1', array([[ -1.94946489e-01,   9.80802107e-01,   4.80564634e-03,         -2.76670237e+02],       [  9.80415239e-01,   1.94725237e-01,   2.94625287e-02,         -7.35653771e+02],       [  2.79611296e-02,   1.04551454e-02,  -9.99554333e-01,          1.34550397e+02],       [  0.00000000e+00,   0.00000000e+00,   0.00000000e+00,          1.00000000e+00]])),{}]
["set_obj_matrix",('Mesh 1', array([[ -1.90814613e-01,   9.81613961e-01,   4.88015925e-03,         -2.79759131e+02],       [  9.81225108e-01,   1.90592225e-01,   2.95278096e-02,         -7.34493669e+02],       [  2.80547897e-02,   1.04228723e-02,  -9.99552046e-01,          1.34501224e+02],       [  0.00000000e+00,   0.00000000e+00,   0.00000000e+00,          1.00000000e+00]])),{}]
["set_obj_matrix",('Mesh 1', array([[ -1.84832885e-01,   9.82757305e-01,   4.98840936e-03,         -2.84217777e+02],       [  9.82365578e-01,   1.84608853e-01,   2.96216660e-02,         -7.32792864e+02],       [  2.81900041e-02,   1.03754996e-02,  -9.99548735e-01,          1.34430556e+02],       [  0.00000000e+00,   0.00000000e+00,   0.00000000e+00,          1.00000000e+00]])),{}]
["set_obj_matrix",('Mesh 1', array([[ -1.90814613e-01,   9.81613961e-01,   4.88015925e-03,         -2.79759131e+02],       [  9.81225108e-01,   1.90592225e-01,   2.95278096e-02,         -7.34493669e+02],       [  2.80547897e-02,   1.04228723e-02,  -9.99552046e-01,          1.34501224e+02],       [  0.00000000e+00,   0.00000000e+00,   0.00000000e+00,          1.00000000e+00]])),{}]
["set_obj_matrix",('Mesh 1', array([[ -2.39189318e-01,   9.70964623e-01,   4.02129720e-03,         -2.43124590e+02],       [  9.70599017e-01,   2.38980225e-01,   2.87402292e-02,         -7.47312743e+02],       [  2.69447353e-02,   1.07774229e-02,  -9.99578826e-01,          1.35095515e+02],       [  0.00000000e+00,   0.00000000e+00,   0.00000000e+00,          1.00000000e+00]])),{}]
["set_obj_matrix",('Mesh 1', array([[ -4.06092286e-01,   9.13831149e-01,   1.29879166e-03,         -1.08339978e+02],       [  9.13545747e-01,   4.05929063e-01,   2.56078814e-02,         -7.77945482e+02],       [  2.28740624e-02,   1.15856687e-02,  -9.99671221e-01,          1.37477185e+02],       [  0.00000000e+00,   0.00000000e+00,   0.00000000e+00,          1.00000000e+00]])),{}]
["set_obj_matrix",('Mesh 1', array([[ -5.60636955e-01,   8.28061296e-01,  -8.34078180e-04,          2.99840629e+01],       [  8.27850160e-01,   5.60516205e-01,   2.20385123e-02,         -7.84395956e+02],       [  1.87167534e-02,   1.16651127e-02,  -9.99756775e-01,          1.40216407e+02],       [  0.00000000e+00,   0.00000000e+00,   0.00000000e+00,          1.00000000e+00]])),{}]
["set_obj_matrix",('Mesh 1', array([[ -5.76575827e-01,   8.17042997e-01,  -1.02840068e-03,          4.51436631e+01],       [  8.16839521e-01,   5.76459457e-01,   2.16261700e-02,         -7.83612715e+02],       [  1.82623421e-02,   1.16290885e-02,  -9.99765598e-01,          1.40534206e+02],       [  0.00000000e+00,   0.00000000e+00,   0.00000000e+00,          1.00000000e+00]])),{}]
["set_obj_matrix",('Mesh 1', array([[ -5.81825641e-01,   8.13312814e-01,  -1.09121176e-03,          5.01783797e+01],       [  8.13111861e-01,   5.81710714e-01,   2.14882991e-02,         -7.83287351e+02],       [  1.81114786e-02,   1.16151662e-02,  -9.99768504e-01,          1.40640522e+02],       [  0.00000000e+00,   0.00000000e+00,   0.00000000e+00,          1.00000000e+00]])),{}]
["set_obj_matrix",('Mesh 1', array([[ -5.87727052e-01,   8.09058443e-01,  -1.16109621e-03,          5.58631724e+01],       [  8.08860326e-01,   5.87613747e-01,   2.13320701e-02,         -7.82880795e+02],       [  1.79411675e-02,   1.15982700e-02,  -9.99771771e-01,          1.40761027e+02],       [  0.00000000e+00,   0.00000000e+00,   0.00000000e+00,          1.00000000e+00]])),{}]
["set_obj_matrix",('Mesh 1', array([[ -5.92941045e-01,   8.05244946e-01,  -1.22219455e-03,          6.09082759e+01],       [  8.05049335e-01,   5.92829173e-01,   2.11929261e-02,         -7.82485131e+02],       [  1.77900492e-02,   1.15822288e-02,  -9.99774658e-01,          1.40868384e+02],       [  0.00000000e+00,   0.00000000e+00,   0.00000000e+00,          1.00000000e+00]])),{}]
["set_obj_matrix",('Mesh 1', array([[ -5.98121074e-01,   8.01404727e-01,  -1.28228609e-03,          6.59417259e+01],       [  8.01211605e-01,   5.98010626e-01,   2.10536390e-02,         -7.82057664e+02],       [  1.76393065e-02,   1.15652427e-02,  -9.99777525e-01,          1.40975880e+02],       [  0.00000000e+00,   0.00000000e+00,   0.00000000e+00,          1.00000000e+00]])),{}]
["set_obj_matrix",('Mesh 1', array([[ -6.13452606e-01,   7.89730194e-01,  -1.45649913e-03,          8.09663170e+01],       [  7.89544439e-01,   6.13346371e-01,   2.06351068e-02,         -7.80586789e+02],       [  1.71895053e-02,   1.15086892e-02,  -9.99786013e-01,          1.41299049e+02],       [  0.00000000e+00,   0.00000000e+00,   0.00000000e+00,          1.00000000e+00]])),{}]
["set_obj_matrix",('Mesh 1', array([[ -6.45133526e-01,   7.64067733e-01,  -1.79832863e-03,          1.12645757e+02],       [  7.63897202e-01,   6.45035998e-01,   1.97389457e-02,         -7.76521702e+02],       [  1.62418782e-02,   1.13605174e-02,  -9.99803551e-01,          1.41991833e+02],       [  0.00000000e+00,   0.00000000e+00,   0.00000000e+00,          1.00000000e+00]])),{}]
["set_obj_matrix",('Mesh 1', array([[ -6.94434550e-01,   7.19552274e-01,  -2.27619778e-03,          1.63828512e+02],       [  7.19405435e-01,   6.94350571e-01,   1.82511398e-02,         -7.67141852e+02],       [  1.47131284e-02,   1.10367130e-02,  -9.99830843e-01,          1.43144327e+02],       [  0.00000000e+00,   0.00000000e+00,   0.00000000e+00,          1.00000000e+00]])),{}]
["set_obj_matrix",('Mesh 1', array([[ -6.98927246e-01,   7.15189024e-01,  -2.31612442e-03,          1.68618826e+02],       [  7.15044344e-01,   6.98844503e-01,   1.81093178e-02,         -7.66082625e+02],       [  1.45701962e-02,   1.10009640e-02,  -9.99833330e-01,          1.43254332e+02],       [  0.00000000e+00,   0.00000000e+00,   0.00000000e+00,          1.00000000e+00]])),{}]
["set_obj_matrix",('Mesh 1', array([[ -6.94434550e-01,   7.19552274e-01,  -2.27619778e-03,          1.63828512e+02],       [  7.19405435e-01,   6.94350571e-01,   1.82511398e-02,         -7.67141852e+02],       [  1.47131284e-02,   1.10367130e-02,  -9.99830843e-01,          1.43144327e+02],       [  0.00000000e+00,   0.00000000e+00,   0.00000000e+00,          1.00000000e+00]])),{}]
["set_obj_matrix",('Mesh 1', array([[ -6.89898831e-01,   7.23902346e-01,  -2.23523989e-03,          1.59014933e+02],       [  7.23753328e-01,   6.89813606e-01,   1.83932013e-02,         -7.68174577e+02],       [  1.48567804e-02,   1.10716857e-02,  -9.99828332e-01,          1.43034160e+02],       [  0.00000000e+00,   0.00000000e+00,   0.00000000e+00,          1.00000000e+00]])),{}]
["set_obj_matrix",('Mesh 1', array([[ -6.79513674e-01,   7.33659724e-01,  -2.13906773e-03,          1.48076964e+02],       [  7.33505715e-01,   6.79425595e-01,   1.87143447e-02,         -7.70403982e+02],       [  1.51832983e-02,   1.11476347e-02,  -9.99822583e-01,          1.42785212e+02],       [  0.00000000e+00,   0.00000000e+00,   0.00000000e+00,          1.00000000e+00]])),{}]
["set_obj_matrix",('Mesh 1', array([[ -6.67937934e-01,   7.44214219e-01,  -2.02807432e-03,          1.36017281e+02],       [  7.44054647e-01,   6.67846674e-01,   1.90657613e-02,         -7.72674614e+02],       [  1.55434533e-02,   1.12257471e-02,  -9.99816175e-01,          1.42512947e+02],       [  0.00000000e+00,   0.00000000e+00,   0.00000000e+00,          1.00000000e+00]])),{}]
["set_obj_matrix",('Mesh 1', array([[ -6.63255547e-01,   7.48390374e-01,  -1.98207782e-03,          1.31177451e+02],       [  7.48228552e-01,   6.63162999e-01,   1.92060136e-02,         -7.73530985e+02],       [  1.56880364e-02,   1.12554478e-02,  -9.99813583e-01,          1.42404328e+02],       [  0.00000000e+00,   0.00000000e+00,   0.00000000e+00,          1.00000000e+00]])),{}]
["set_obj_matrix",('Mesh 1', array([[ -6.57471551e-01,   7.53476912e-01,  -1.92440833e-03,          1.25228639e+02],       [  7.53312310e-01,   6.57377414e-01,   1.93777946e-02,         -7.74540740e+02],       [  1.58657834e-02,   1.12906682e-02,  -9.99810381e-01,          1.42271327e+02],       [  0.00000000e+00,   0.00000000e+00,   0.00000000e+00,          1.00000000e+00]])),{}]
["save_ply",('%s',),{}]