["add_ply",('%s',),{}]
["add_polygon_ray",(array([ 629.20831299,  501.83966064, -229.96148682], dtype=float32), array([ 629.20831299,  501.83966064,  564.9755249 ], dtype=float32), array([  9.73517125e-14,   0.00000000e+00,   7.94937012e+02], dtype=float32)),{}]
["add_polygon_ray",(array([ 602.18041992,  629.02960205, -229.96148682], dtype=float32), array([ 602.18041992,  629.02960205,  564.9755249 ], dtype=float32), array([  9.73517125e-14,   0.00000000e+00,   7.94937012e+02], dtype=float32)),{}]
["add_polygon_ray",(array([ 479.76013184,  710.11315918, -229.96148682], dtype=float32), array([ 479.76016235,  710.11315918,  564.9755249 ], dtype=float32), array([  9.73517125e-14,   0.00000000e+00,   7.94937012e+02], dtype=float32)),{}]
["add_polygon_ray",(array([ 325.5423584 ,  745.09039307, -229.96148682], dtype=float32), array([ 325.5423584 ,  745.09039307,  564.9755249 ], dtype=float32), array([  9.73517125e-14,   0.00000000e+00,   7.94937012e+02], dtype=float32)),{}]
["add_polygon_ray",(array([ 189.20825195,  723.37866211, -223.85037231], dtype=float32), array([ 196.75856018,  713.26086426,  570.98638916], dtype=float32), array([   7.55030966,  -10.11776352,  794.83679199], dtype=float32)),{}]
["add_polygon_ray",(array([  79.11187744,  629.02960205, -229.96148682], dtype=float32), array([  79.11187744,  629.02960205,  564.9755249 ], dtype=float32), array([  9.73517125e-14,   0.00000000e+00,   7.94937012e+02], dtype=float32)),{}]
["add_polygon_ray",(array([  55.26376343,  503.42956543, -229.96148682], dtype=float32), array([  55.26376343,  503.42956543,  564.9755249 ], dtype=float32), array([  9.73517125e-14,   0.00000000e+00,   7.94937012e+02], dtype=float32)),{}]
["add_polygon_ray",(array([  48.90429688,  365.11050415, -229.96148682], dtype=float32), array([  48.90429688,  365.11050415,  564.9755249 ], dtype=float32), array([  9.73517125e-14,   0.00000000e+00,   7.94937012e+02], dtype=float32)),{}]
["add_polygon_ray",(array([  75.93212891,  207.71298218, -229.96148682], dtype=float32), array([  75.93212891,  207.71298218,  564.9755249 ], dtype=float32), array([  9.73517125e-14,   0.00000000e+00,   7.94937012e+02], dtype=float32)),{}]
["add_polygon_ray",(array([ 261.9473877 ,   53.49517822, -229.96148682], dtype=float32), array([ 261.94741821,   53.49517822,  564.9755249 ], dtype=float32), array([  9.73517125e-14,   0.00000000e+00,   7.94937012e+02], dtype=float32)),{}]
["add_polygon_ray",(array([ 401.85632324,   50.31546021, -229.96148682], dtype=float32), array([ 401.85632324,   50.31546021,  564.9755249 ], dtype=float32), array([  9.73517125e-14,   0.00000000e+00,   7.94937012e+02], dtype=float32)),{}]
["add_polygon_ray",(array([ 554.48425293,   58.26480103, -229.96148682], dtype=float32), array([ 554.48425293,   58.26480103,  564.9755249 ], dtype=float32), array([  9.73517125e-14,   0.00000000e+00,   7.94937012e+02], dtype=float32)),{}]
["add_polygon_ray",(array([ 633.97790527,  150.47750854, -229.96148682], dtype=float32), array([ 633.97790527,  150.47750854,  564.9755249 ], dtype=float32), array([  9.73517125e-14,   0.00000000e+00,   7.94937012e+02], dtype=float32)),{}]
["add_polygon_ray",(array([ 585.70690918,  194.56491089, -167.22186279], dtype=float32), array([ 585.70690918,  194.56491089,  502.23590088], dtype=float32), array([  8.19849356e-14,   0.00000000e+00,   6.69457764e+02], dtype=float32)),{}]
["add_polygon_ray",(array([ 486.62719727,  268.20526123, -167.22186279], dtype=float32), array([ 486.62719727,  268.20526123,  502.23590088], dtype=float32), array([  8.19849356e-14,   0.00000000e+00,   6.69457764e+02], dtype=float32)),{}]
["add_polygon_ray",(array([ 616.50201416,  367.28500366, -167.22186279], dtype=float32), array([ 616.50201416,  367.28500366,  502.23590088], dtype=float32), array([  8.19849356e-14,   0.00000000e+00,   6.69457764e+02], dtype=float32)),{}]
["select_region_polygon",(),{}]
["crop_selection",(),{}]
["set_obj_matrix",('Mesh 1', array([[ -9.99988942e-01,  -4.70285329e-03,   1.22463331e-16,          3.89364908e+02],       [ -4.70285329e-03,   9.99988942e-01,   5.75933448e-19,         -3.85541881e+02],       [ -1.22464685e-16,   0.00000000e+00,  -1.00000000e+00,          1.67507019e+02],       [  0.00000000e+00,   0.00000000e+00,   0.00000000e+00,          1.00000000e+00]])),{}]
["set_obj_matrix",('Mesh 1', array([[ -9.99899953e-01,  -1.41451246e-02,   1.22452433e-16,          3.92988061e+02],       [ -1.41451246e-02,   9.99899953e-01,   1.73227824e-18,         -3.81848082e+02],       [ -1.22464685e-16,   0.00000000e+00,  -1.00000000e+00,          1.67507019e+02],       [  0.00000000e+00,   0.00000000e+00,   0.00000000e+00,          1.00000000e+00]])),{}]
["set_obj_matrix",('Mesh 1', array([[ -9.81728790e-01,  -1.90285532e-01,   1.20227107e-16,          4.54177161e+02],       [ -1.90285532e-01,   9.81728790e-01,   2.33032578e-17,         -3.06546374e+02],       [ -1.22464685e-16,   0.00000000e+00,  -1.00000000e+00,          1.67507019e+02],       [  0.00000000e+00,   0.00000000e+00,   0.00000000e+00,          1.00000000e+00]])),{}]
["set_obj_matrix",('Mesh 1', array([[ -5.92910767e-01,  -8.05268168e-01,   7.26106304e-17,          5.41716777e+02],       [ -8.05268168e-01,   5.92910767e-01,   9.86169128e-17,          8.24045301e+01],       [ -1.22464685e-16,   0.00000000e+00,  -1.00000000e+00,          1.67507019e+02],       [  0.00000000e+00,   0.00000000e+00,   0.00000000e+00,          1.00000000e+00]])),{}]
["set_obj_matrix",('Mesh 1', array([[  9.07749708e-02,  -9.95871430e-01,  -1.11167282e-17,          3.50589856e+02],       [ -9.95871430e-01,  -9.07749708e-02,   1.21959081e-16,          4.21110824e+02],       [ -1.22464685e-16,   0.00000000e+00,  -1.00000000e+00,          1.67507019e+02],       [  0.00000000e+00,   0.00000000e+00,   0.00000000e+00,          1.00000000e+00]])),{}]
["set_obj_matrix",('Mesh 1', array([[  3.54312256e-01,  -9.35127171e-01,  -4.33907389e-17,          2.24926225e+02],       [ -9.35127171e-01,  -3.54312256e-01,   1.14520055e-16,          4.99655648e+02],       [ -1.22464685e-16,   0.00000000e+00,  -1.00000000e+00,          1.67507019e+02],       [  0.00000000e+00,   0.00000000e+00,   0.00000000e+00,          1.00000000e+00]])),{}]
["set_obj_matrix",('Mesh 1', array([[  4.44166523e-01,  -8.95944251e-01,  -5.43947134e-17,          1.74925194e+02],       [ -8.95944251e-01,  -4.44166523e-01,   1.09721531e-16,          5.19277142e+02],       [ -1.22464685e-16,   0.00000000e+00,  -1.00000000e+00,          1.67507019e+02],       [  0.00000000e+00,   0.00000000e+00,   0.00000000e+00,          1.00000000e+00]])),{}]
["set_obj_matrix",('Mesh 1', array([[  4.83645811e-01,  -8.75263806e-01,  -5.92295320e-17,          1.51614138e+02],       [ -8.75263806e-01,  -4.83645811e-01,   1.07188906e-16,          5.26555530e+02],       [ -1.22464685e-16,   0.00000000e+00,  -1.00000000e+00,          1.67507019e+02],       [  0.00000000e+00,   0.00000000e+00,   0.00000000e+00,          1.00000000e+00]])),{}]
["set_obj_matrix",('Mesh 1', array([[  5.33073132e-01,  -8.46069167e-01,  -6.52826333e-17,          1.21149615e+02],       [ -8.46069167e-01,  -5.33073132e-01,   1.03613594e-16,          5.34387822e+02],       [ -1.22464685e-16,   0.00000000e+00,  -1.00000000e+00,          1.67507019e+02],       [  0.00000000e+00,   0.00000000e+00,   0.00000000e+00,          1.00000000e+00]])),{}]
["set_obj_matrix",('Mesh 1', array([[  5.44218421e-01,  -8.38943568e-01,  -6.66475376e-17,          1.14070052e+02],       [ -8.38943568e-01,  -5.44218421e-01,   1.02740960e-16,          5.35943651e+02],       [ -1.22464685e-16,   0.00000000e+00,  -1.00000000e+00,          1.67507019e+02],       [  0.00000000e+00,   0.00000000e+00,   0.00000000e+00,          1.00000000e+00]])),{}]
["set_obj_matrix",('Mesh 1', array([[  5.29392495e-01,  -8.48377031e-01,  -6.48318853e-17,          1.23470031e+02],       [ -8.48377031e-01,  -5.29392495e-01,   1.03896226e-16,          5.33856465e+02],       [ -1.22464685e-16,   0.00000000e+00,  -1.00000000e+00,          1.67507019e+02],       [  0.00000000e+00,   0.00000000e+00,   0.00000000e+00,          1.00000000e+00]])),{}]
["set_obj_matrix",('Mesh 1', array([[  4.95416088e-01,  -8.68655800e-01,  -6.06709753e-17,          1.44492862e+02],       [ -8.68655800e-01,  -4.95416088e-01,   1.06379659e-16,          5.28554052e+02],       [ -1.22464685e-16,   0.00000000e+00,  -1.00000000e+00,          1.67507019e+02],       [  0.00000000e+00,   0.00000000e+00,   0.00000000e+00,          1.00000000e+00]])),{}]
["set_obj_matrix",('Mesh 1', array([[  4.36167136e-01,  -8.99865673e-01,  -5.34150711e-17,          1.79544372e+02],       [ -8.99865673e-01,  -4.36167136e-01,   1.10201766e-16,          5.17698167e+02],       [ -1.22464685e-16,   0.00000000e+00,  -1.00000000e+00,          1.67507019e+02],       [  0.00000000e+00,   0.00000000e+00,   0.00000000e+00,          1.00000000e+00]])),{}]
["set_obj_matrix",('Mesh 1', array([[  4.00673990e-01,  -9.16220691e-01,  -4.90684140e-17,          1.99635073e+02],       [ -9.16220691e-01,  -4.00673990e-01,   1.12204679e-16,          5.10287577e+02],       [ -1.22464685e-16,   0.00000000e+00,  -1.00000000e+00,          1.67507019e+02],       [  0.00000000e+00,   0.00000000e+00,   0.00000000e+00,          1.00000000e+00]])),{}]
["set_obj_matrix",('Mesh 1', array([[  3.59393759e-01,  -9.33186008e-01,  -4.40130436e-17,          2.22204955e+02],       [ -9.33186008e-01,  -3.59393759e-01,   1.14282331e-16,          5.00871771e+02],       [ -1.22464685e-16,   0.00000000e+00,  -1.00000000e+00,          1.67507019e+02],       [  0.00000000e+00,   0.00000000e+00,   0.00000000e+00,          1.00000000e+00]])),{}]
["set_obj_matrix",('Mesh 1', array([[  3.20350073e-01,  -9.47299230e-01,  -3.92315709e-17,          2.42803257e+02],       [ -9.47299230e-01,  -3.20350073e-01,   1.16010702e-16,          4.91217011e+02],       [ -1.22464685e-16,   0.00000000e+00,  -1.00000000e+00,          1.67507019e+02],       [  0.00000000e+00,   0.00000000e+00,   0.00000000e+00,          1.00000000e+00]])),{}]
["set_obj_matrix",('Mesh 1', array([[  3.10197590e-01,  -9.50672107e-01,  -3.79882503e-17,          2.48044373e+02],       [ -9.50672107e-01,  -3.10197590e-01,   1.16423760e-16,          4.88591406e+02],       [ -1.22464685e-16,   0.00000000e+00,  -1.00000000e+00,          1.67507019e+02],       [  0.00000000e+00,   0.00000000e+00,   0.00000000e+00,          1.00000000e+00]])),{}]
["set_obj_matrix",('Mesh 1', array([[  3.04976140e-01,  -9.52359992e-01,  -3.73488070e-17,          2.50721767e+02],       [ -9.52359992e-01,  -3.04976140e-01,   1.16630467e-16,          4.87222915e+02],       [ -1.22464685e-16,   0.00000000e+00,  -1.00000000e+00,          1.67507019e+02],       [  0.00000000e+00,   0.00000000e+00,   0.00000000e+00,          1.00000000e+00]])),{}]
["set_obj_matrix",('Mesh 1', array([[  3.05149407e-01,  -9.52304489e-01,  -3.73700261e-17,          2.50633118e+02],       [ -9.52304489e-01,  -3.05149407e-01,   1.16623669e-16,          4.87268523e+02],       [ -1.22464685e-16,   0.00000000e+00,  -1.00000000e+00,          1.67507019e+02],       [  0.00000000e+00,   0.00000000e+00,   0.00000000e+00,          1.00000000e+00]])),{}]
["set_obj_matrix",('Mesh 1', array([[  3.00034590e-01,  -9.53928323e-01,  -3.67436417e-17,          2.53244374e+02],       [ -9.53928323e-01,  -3.00034590e-01,   1.16822532e-16,          4.85916516e+02],       [ -1.22464685e-16,   0.00000000e+00,  -1.00000000e+00,          1.67507019e+02],       [  0.00000000e+00,   0.00000000e+00,   0.00000000e+00,          1.00000000e+00]])),{}]
["set_obj_matrix",('Mesh 1', array([[  2.89422443e-01,  -9.57201468e-01,  -3.54440284e-17,          2.58624999e+02],       [ -9.57201468e-01,  -2.89422443e-01,   1.17223376e-16,          4.83074201e+02],       [ -1.22464685e-16,   0.00000000e+00,  -1.00000000e+00,          1.67507019e+02],       [  0.00000000e+00,   0.00000000e+00,   0.00000000e+00,          1.00000000e+00]])),{}]
["set_obj_matrix",('Mesh 1', array([[  2.19352119e-01,  -9.75645760e-01,  -2.68628882e-17,          2.92925317e+02],       [ -9.75645760e-01,  -2.19352119e-01,   1.19482151e-16,          4.63079186e+02],       [ -1.22464685e-16,   0.00000000e+00,  -1.00000000e+00,          1.67507019e+02],       [  0.00000000e+00,   0.00000000e+00,   0.00000000e+00,          1.00000000e+00]])),{}]
["set_obj_matrix",('Mesh 1', array([[  2.08112101e-01,  -9.78104981e-01,  -2.54863830e-17,          2.98233983e+02],       [ -9.78104981e-01,  -2.08112101e-01,   1.19783319e-16,          4.59678219e+02],       [ -1.22464685e-16,   0.00000000e+00,  -1.00000000e+00,          1.67507019e+02],       [  0.00000000e+00,   0.00000000e+00,   0.00000000e+00,          1.00000000e+00]])),{}]
["set_obj_matrix",('Mesh 1', array([[  2.02640885e-01,  -9.79253119e-01,  -2.48163523e-17,          3.00799091e+02],       [ -9.79253119e-01,  -2.02640885e-01,   1.19923925e-16,          4.58003799e+02],       [ -1.22464685e-16,   0.00000000e+00,  -1.00000000e+00,          1.67507019e+02],       [  0.00000000e+00,   0.00000000e+00,   0.00000000e+00,          1.00000000e+00]])),{}]
["set_obj_matrix",('Mesh 1', array([[  1.85723199e-01,  -9.82602103e-01,  -2.27445331e-17,          3.08652789e+02],       [ -9.82602103e-01,  -1.85723199e-01,   1.20334057e-16,          4.52748307e+02],       [ -1.22464685e-16,   0.00000000e+00,  -1.00000000e+00,          1.67507019e+02],       [  0.00000000e+00,   0.00000000e+00,   0.00000000e+00,          1.00000000e+00]])),{}]
["set_obj_matrix",('Mesh 1', array([[  1.69205140e-01,  -9.85580854e-01,  -2.07216542e-17,          3.16208196e+02],       [ -9.85580854e-01,  -1.69205140e-01,   1.20698849e-16,          4.47504134e+02],       [ -1.22464685e-16,   0.00000000e+00,  -1.00000000e+00,          1.67507019e+02],       [  0.00000000e+00,   0.00000000e+00,   0.00000000e+00,          1.00000000e+00]])),{}]
["set_obj_matrix",('Mesh 1', array([[  1.63701066e-01,  -9.86509990e-01,  -2.00475995e-17,          3.18701204e+02],       [ -9.86509990e-01,  -1.63701066e-01,   1.20812635e-16,          4.45732112e+02],       [ -1.22464685e-16,   0.00000000e+00,  -1.00000000e+00,          1.67507019e+02],       [  0.00000000e+00,   0.00000000e+00,   0.00000000e+00,          1.00000000e+00]])),{}]
["set_obj_matrix",('Mesh 1', array([[  1.57542467e-01,  -9.87512213e-01,  -1.92933886e-17,          3.21476184e+02],       [ -9.87512213e-01,  -1.57542467e-01,   1.20935372e-16,          4.43734872e+02],       [ -1.22464685e-16,   0.00000000e+00,  -1.00000000e+00,          1.67507019e+02],       [  0.00000000e+00,   0.00000000e+00,   0.00000000e+00,          1.00000000e+00]])),{}]
["set_obj_matrix",('Mesh 1', array([[  1.46483858e-01,  -9.89213061e-01,  -1.79390996e-17,          3.26420774e+02],       [ -9.89213061e-01,  -1.46483858e-01,   1.21143666e-16,          4.40110272e+02],       [ -1.22464685e-16,   0.00000000e+00,  -1.00000000e+00,          1.67507019e+02],       [  0.00000000e+00,   0.00000000e+00,   0.00000000e+00,          1.00000000e+00]])),{}]
["set_obj_matrix",('Mesh 1', array([[  1.29104391e-01,  -9.91631008e-01,  -1.58107286e-17,          3.34092780e+02],       [ -9.91631008e-01,  -1.29104391e-01,   1.21439779e-16,          4.34315079e+02],       [ -1.22464685e-16,   0.00000000e+00,  -1.00000000e+00,          1.67507019e+02],       [  0.00000000e+00,   0.00000000e+00,   0.00000000e+00,          1.00000000e+00]])),{}]
["set_obj_matrix",('Mesh 1', array([[  1.22703601e-01,  -9.92443362e-01,  -1.50268579e-17,          3.36888070e+02],       [ -9.92443362e-01,  -1.22703601e-01,   1.21539264e-16,          4.32150439e+02],       [ -1.22464685e-16,   0.00000000e+00,  -1.00000000e+00,          1.67507019e+02],       [  0.00000000e+00,   0.00000000e+00,   0.00000000e+00,          1.00000000e+00]])),{}]
["save_ply",('%s',),{}]