["add_ply",('%s',),{}]
["add_polygon_ray",(array([ 354.17459106,  516.65551758, -227.37985229], dtype=float32), array([ 354.17459106,  516.65551758,  394.61032104], dtype=float32), array([  7.61718298e-14,   0.00000000e+00,   6.21990173e+02], dtype=float32)),{}]
["add_polygon_ray",(array([ 244.70431519,  590.050354  , -227.37985229], dtype=float32), array([ 244.70433044,  590.050354  ,  394.61032104], dtype=float32), array([  7.61718298e-14,   0.00000000e+00,   6.21990173e+02], dtype=float32)),{}]
["add_polygon_ray",(array([ 130.25813293,  548.99902344, -227.37985229], dtype=float32), array([ 130.25813293,  548.99902344,  394.61032104], dtype=float32), array([  7.61718298e-14,   0.00000000e+00,   6.21990173e+02], dtype=float32)),{}]
["add_polygon_ray",(array([  60.59521484,  468.14025879, -227.37985229], dtype=float32), array([  60.59521484,  468.14025879,  394.61032104], dtype=float32), array([  7.61718298e-14,   0.00000000e+00,   6.21990173e+02], dtype=float32)),{}]
["add_polygon_ray",(array([  25.76379395,  361.15795898, -227.37985229], dtype=float32), array([  25.76379395,  361.15795898,  394.61032104], dtype=float32), array([  7.61718298e-14,   0.00000000e+00,   6.21990173e+02], dtype=float32)),{}]
["add_polygon_ray",(array([  30.73971558,  221.83215332, -227.37985229], dtype=float32), array([  30.73971558,  221.83215332,  394.61032104], dtype=float32), array([  7.61718298e-14,   0.00000000e+00,   6.21990173e+02], dtype=float32)),{}]
["add_polygon_ray",(array([  81.7428894 ,  103.65402222, -227.37985229], dtype=float32), array([  81.7428894 ,  103.65402222,  394.61032104], dtype=float32), array([  7.61718298e-14,   0.00000000e+00,   6.21990173e+02], dtype=float32)),{}]
["add_polygon_ray",(array([ 238.48442078,   38.96704102, -227.37985229], dtype=float32), array([ 238.48442078,   38.96704102,  394.61032104], dtype=float32), array([  7.61718298e-14,   0.00000000e+00,   6.21990173e+02], dtype=float32)),{}]
["add_polygon_ray",(array([ 467.37683105,   62.60266113, -227.37985229], dtype=float32), array([ 467.37683105,   62.60266113,  394.61032104], dtype=float32), array([  7.61718298e-14,   0.00000000e+00,   6.21990173e+02], dtype=float32)),{}]
["add_polygon_ray",(array([ 544.50360107,  138.48547363, -227.37985229], dtype=float32), array([ 544.50360107,  138.48547363,  394.61032104], dtype=float32), array([  7.61718298e-14,   0.00000000e+00,   6.21990173e+02], dtype=float32)),{}]
["add_polygon_ray",(array([ 558.18737793,  194.46459961, -227.37986755], dtype=float32), array([ 558.18737793,  194.46459961,  394.61032104], dtype=float32), array([  7.61718298e-14,   0.00000000e+00,   6.21990173e+02], dtype=float32)),{}]
["add_polygon_ray",(array([ 549.47949219,  307.66680908, -227.37985229], dtype=float32), array([ 549.47949219,  307.66680908,  394.61032104], dtype=float32), array([  7.61718298e-14,   0.00000000e+00,   6.21990173e+02], dtype=float32)),{}]
["add_polygon_ray",(array([ 518.38000488,  405.94125366, -227.37985229], dtype=float32), array([ 518.38000488,  405.94125366,  394.61032104], dtype=float32), array([  7.61718298e-14,   0.00000000e+00,   6.21990173e+02], dtype=float32)),{}]
["add_polygon_ray",(array([ 487.28051758,  439.52874756, -227.37985229], dtype=float32), array([ 487.28051758,  439.52874756,  394.61032104], dtype=float32), array([  7.61718298e-14,   0.00000000e+00,   6.21990173e+02], dtype=float32)),{}]
["add_polygon_ray",(array([ 382.78613281,  379.81768799, -227.37985229], dtype=float32), array([ 382.78616333,  379.81768799,  394.61032104], dtype=float32), array([  7.61718298e-14,   0.00000000e+00,   6.21990173e+02], dtype=float32)),{}]
["add_polygon_ray",(array([ 397.71392822,  455.70046997, -227.37985229], dtype=float32), array([ 397.71392822,  455.70046997,  394.61032104], dtype=float32), array([  7.61718298e-14,   0.00000000e+00,   6.21990173e+02], dtype=float32)),{}]
["select_region_polygon",(),{}]
["crop_selection",(),{}]
["set_obj_matrix",('Mesh 1', array([[ -9.99991568e-01,  -4.10655417e-03,   1.22463653e-16,          3.26905490e+02],       [ -4.10655417e-03,   9.99991568e-01,   5.02907864e-19,         -3.26230791e+02],       [ -1.22464685e-16,   0.00000000e+00,  -1.00000000e+00,          8.36152267e+01],       [  0.00000000e+00,   0.00000000e+00,   0.00000000e+00,          1.00000000e+00]])),{}]
["set_obj_matrix",('Mesh 1', array([[ -9.99773186e-01,  -2.12973263e-02,   1.22436909e-16,          3.32465583e+02],       [ -2.12973263e-02,   9.99773186e-01,   2.60817036e-18,         -3.20562576e+02],       [ -1.22464685e-16,   0.00000000e+00,  -1.00000000e+00,          8.36152267e+01],       [  0.00000000e+00,   0.00000000e+00,   0.00000000e+00,          1.00000000e+00]])),{}]
["set_obj_matrix",('Mesh 1', array([[ -9.97222081e-01,  -7.44857154e-02,   1.22124488e-16,          3.49057984e+02],       [ -7.44857154e-02,   9.97222081e-01,   9.12186969e-18,         -3.02410735e+02],       [ -1.22464685e-16,   0.00000000e+00,  -1.00000000e+00,          8.36152267e+01],       [  0.00000000e+00,   0.00000000e+00,   0.00000000e+00,          1.00000000e+00]])),{}]
["set_obj_matrix",('Mesh 1', array([[ -9.90803352e-01,  -1.35309710e-01,   1.21338421e-16,          3.66892429e+02],       [ -1.35309710e-01,   9.90803352e-01,   1.65706611e-17,         -2.80506103e+02],       [ -1.22464685e-16,   0.00000000e+00,  -1.00000000e+00,          8.36152267e+01],       [  0.00000000e+00,   0.00000000e+00,   0.00000000e+00,          1.00000000e+00]])),{}]
["set_obj_matrix",('Mesh 1', array([[ -9.57746289e-01,  -2.87614406e-01,   1.17290098e-16,          4.06020796e+02],       [ -2.87614406e-01,   9.57746289e-01,   3.52226077e-17,         -2.20092803e+02],       [ -1.22464685e-16,   0.00000000e+00,  -1.00000000e+00,          8.36152267e+01],       [  0.00000000e+00,   0.00000000e+00,   0.00000000e+00,          1.00000000e+00]])),{}]
["set_obj_matrix",('Mesh 1', array([[ -8.76152750e-01,  -4.82033566e-01,   1.07297771e-16,          4.43142935e+02],       [ -4.82033566e-01,   8.76152750e-01,   5.90320890e-17,         -1.30069473e+02],       [ -1.22464685e-16,   0.00000000e+00,  -1.00000000e+00,          8.36152267e+01],       [  0.00000000e+00,   0.00000000e+00,   0.00000000e+00,          1.00000000e+00]])),{}]
["set_obj_matrix",('Mesh 1', array([[ -6.04595489e-01,  -7.96532670e-01,   7.40415963e-17,          4.57754553e+02],       [ -7.96532670e-01,   6.04595489e-01,   9.75471228e-17,          6.12739611e+01],       [ -1.22464685e-16,   0.00000000e+00,  -1.00000000e+00,          8.36152267e+01],       [  0.00000000e+00,   0.00000000e+00,   0.00000000e+00,          1.00000000e+00]])),{}]
["set_obj_matrix",('Mesh 1', array([[ -2.26997247e-01,  -9.73895400e-01,   2.77991464e-17,          3.92921315e+02],       [ -9.73895400e-01,   2.26997247e-01,   1.19267794e-16,          2.42706755e+02],       [ -1.22464685e-16,   0.00000000e+00,  -1.00000000e+00,          8.36152267e+01],       [  0.00000000e+00,   0.00000000e+00,   0.00000000e+00,          1.00000000e+00]])),{}]
["set_obj_matrix",('Mesh 1', array([[ -7.19170679e-03,  -9.99974139e-01,   8.80730108e-19,          3.29903378e+02],       [ -9.99974139e-01,   7.19170679e-03,   1.22461518e-16,          3.23198839e+02],       [ -1.22464685e-16,   0.00000000e+00,  -1.00000000e+00,          8.36152267e+01],       [  0.00000000e+00,   0.00000000e+00,   0.00000000e+00,          1.00000000e+00]])),{}]
["set_obj_matrix",('Mesh 1', array([[  2.50231753e-01,  -9.68185969e-01,  -3.06445528e-17,          2.35682945e+02],       [ -9.68185969e-01,  -2.50231753e-01,   1.18568590e-16,          3.97174116e+02],       [ -1.22464685e-16,   0.00000000e+00,  -1.00000000e+00,          8.36152267e+01],       [  0.00000000e+00,   0.00000000e+00,   0.00000000e+00,          1.00000000e+00]])),{}]
["set_obj_matrix",('Mesh 1', array([[  3.31465229e-01,  -9.43467436e-01,  -4.05927849e-17,          2.01139265e+02],       [ -9.43467436e-01,  -3.31465229e-01,   1.15541443e-16,          4.15736365e+02],       [ -1.22464685e-16,   0.00000000e+00,  -1.00000000e+00,          8.36152267e+01],       [  0.00000000e+00,   0.00000000e+00,   0.00000000e+00,          1.00000000e+00]])),{}]
["set_obj_matrix",('Mesh 1', array([[  3.92993194e-01,  -9.19541380e-01,  -4.81277878e-17,          1.73270563e+02],       [ -9.19541380e-01,  -3.92993194e-01,   1.12611346e-16,          4.28101671e+02],       [ -1.22464685e-16,   0.00000000e+00,  -1.00000000e+00,          8.36152267e+01],       [  0.00000000e+00,   0.00000000e+00,   0.00000000e+00,          1.00000000e+00]])),{}]
["set_obj_matrix",('Mesh 1', array([[  4.09277928e-01,  -9.12409764e-01,  -5.01220926e-17,          1.65632748e+02],       [ -9.12409764e-01,  -4.09277928e-01,   1.11737975e-16,          4.31114279e+02],       [ -1.22464685e-16,   0.00000000e+00,  -1.00000000e+00,          8.36152267e+01],       [  0.00000000e+00,   0.00000000e+00,   0.00000000e+00,          1.00000000e+00]])),{}]
["set_obj_matrix",('Mesh 1', array([[  4.30077292e-01,  -9.02792071e-01,  -5.26692802e-17,          1.55710772e+02],       [ -9.02792071e-01,  -4.30077292e-01,   1.10560147e-16,          4.34796371e+02],       [ -1.22464685e-16,   0.00000000e+00,  -1.00000000e+00,          8.36152267e+01],       [  0.00000000e+00,   0.00000000e+00,   0.00000000e+00,          1.00000000e+00]])),{}]
["set_obj_matrix",('Mesh 1', array([[  4.90394464e-01,  -8.71500585e-01,  -6.00560037e-17,          1.25823562e+02],       [ -8.71500585e-01,  -4.90394464e-01,   1.06728045e-16,          4.44367146e+02],       [ -1.22464685e-16,   0.00000000e+00,  -1.00000000e+00,          8.36152267e+01],       [  0.00000000e+00,   0.00000000e+00,   0.00000000e+00,          1.00000000e+00]])),{}]
["set_obj_matrix",('Mesh 1', array([[  5.35021674e-01,  -8.44838333e-01,  -6.55212609e-17,          1.02560824e+02],       [ -8.44838333e-01,  -5.35021674e-01,   1.03462861e-16,          4.50305459e+02],       [ -1.22464685e-16,   0.00000000e+00,  -1.00000000e+00,          8.36152267e+01],       [  0.00000000e+00,   0.00000000e+00,   0.00000000e+00,          1.00000000e+00]])),{}]
["set_obj_matrix",('Mesh 1', array([[  5.90524524e-01,  -8.07019694e-01,  -7.23184000e-17,          7.21028764e+01],       [ -8.07019694e-01,  -5.90524524e-01,   9.88314128e-17,          4.56174203e+02],       [ -1.22464685e-16,   0.00000000e+00,  -1.00000000e+00,          8.36152267e+01],       [  0.00000000e+00,   0.00000000e+00,   0.00000000e+00,          1.00000000e+00]])),{}]
["set_obj_matrix",('Mesh 1', array([[  6.28593089e-01,  -7.77734356e-01,  -7.69804548e-17,          5.01161458e+01],       [ -7.77734356e-01,  -6.28593089e-01,   9.52449932e-17,          4.59110118e+02],       [ -1.22464685e-16,   0.00000000e+00,  -1.00000000e+00,          8.36152267e+01],       [  0.00000000e+00,   0.00000000e+00,   0.00000000e+00,          1.00000000e+00]])),{}]
["set_obj_matrix",('Mesh 1', array([[  6.57179127e-01,  -7.53734433e-01,  -8.04812349e-17,          3.29479214e+01],       [ -7.53734433e-01,  -6.57179127e-01,   9.23058501e-17,          4.60660573e+02],       [ -1.22464685e-16,   0.00000000e+00,  -1.00000000e+00,          8.36152267e+01],       [  0.00000000e+00,   0.00000000e+00,   0.00000000e+00,          1.00000000e+00]])),{}]
["set_obj_matrix",('Mesh 1', array([[  6.66253514e-01,  -7.45725322e-01,  -8.15925269e-17,          2.73700877e+01],       [ -7.45725322e-01,  -6.66253514e-01,   9.13250168e-17,          4.61025603e+02],       [ -1.22464685e-16,   0.00000000e+00,  -1.00000000e+00,          8.36152267e+01],       [  0.00000000e+00,   0.00000000e+00,   0.00000000e+00,          1.00000000e+00]])),{}]
["set_obj_matrix",('Mesh 1', array([[  7.17594721e-01,  -6.96460922e-01,  -8.78800116e-17,         -5.48227600e+00],       [ -6.96460922e-01,  -7.17594721e-01,   8.52918677e-17,          4.61804800e+02],       [ -1.22464685e-16,   0.00000000e+00,  -1.00000000e+00,          8.36152267e+01],       [  0.00000000e+00,   0.00000000e+00,   0.00000000e+00,          1.00000000e+00]])),{}]
["set_obj_matrix",('Mesh 1', array([[  8.09920289e-01,  -5.86539961e-01,  -9.91866332e-17,         -7.15469330e+01],       [ -5.86539961e-01,  -8.09920289e-01,   7.18304318e-17,          4.56261729e+02],       [ -1.22464685e-16,   0.00000000e+00,  -1.00000000e+00,          8.36152267e+01],       [  0.00000000e+00,   0.00000000e+00,   0.00000000e+00,          1.00000000e+00]])),{}]
["set_obj_matrix",('Mesh 1', array([[  8.51257688e-01,  -5.24747890e-01,  -1.04249005e-16,         -1.05246122e+02],       [ -5.24747890e-01,  -8.51257688e-01,   6.42630852e-17,          4.49685426e+02],       [ -1.22464685e-16,   0.00000000e+00,  -1.00000000e+00,          8.36152267e+01],       [  0.00000000e+00,   0.00000000e+00,   0.00000000e+00,          1.00000000e+00]])),{}]
["set_obj_matrix",('Mesh 1', array([[  8.67101318e-01,  -4.98131814e-01,  -1.06189290e-16,         -1.19122864e+02],       [ -4.98131814e-01,  -8.67101318e-01,   6.10035558e-17,          4.46210121e+02],       [ -1.22464685e-16,   0.00000000e+00,  -1.00000000e+00,          8.36152267e+01],       [  0.00000000e+00,   0.00000000e+00,   0.00000000e+00,          1.00000000e+00]])),{}]
["set_obj_matrix",('Mesh 1', array([[  9.34778224e-01,  -3.55231856e-01,  -1.14477321e-16,         -1.87965774e+02],       [ -3.55231856e-01,  -9.34778224e-01,   4.35033574e-17,          4.21856132e+02],       [ -1.22464685e-16,   0.00000000e+00,  -1.00000000e+00,          8.36152267e+01],       [  0.00000000e+00,   0.00000000e+00,   0.00000000e+00,          1.00000000e+00]])),{}]
["set_obj_matrix",('Mesh 1', array([[  9.38206653e-01,  -3.46075536e-01,  -1.14897182e-16,         -1.92081284e+02],       [ -3.46075536e-01,  -9.38206653e-01,   4.23820315e-17,          4.19998225e+02],       [ -1.22464685e-16,   0.00000000e+00,  -1.00000000e+00,          8.36152267e+01],       [  0.00000000e+00,   0.00000000e+00,   0.00000000e+00,          1.00000000e+00]])),{}]
["set_obj_matrix",('Mesh 1', array([[  9.37638367e-01,  -3.47612273e-01,  -1.14827588e-16,         -1.91392882e+02],       [ -3.47612273e-01,  -9.37638367e-01,   4.25702276e-17,          4.20312376e+02],       [ -1.22464685e-16,   0.00000000e+00,  -1.00000000e+00,          8.36152267e+01],       [  0.00000000e+00,   0.00000000e+00,   0.00000000e+00,          1.00000000e+00]])),{}]
["set_obj_matrix",('Mesh 1', array([[  9.35901237e-01,  -3.52262508e-01,  -1.14614850e-16,         -1.89304056e+02],       [ -3.52262508e-01,  -9.35901237e-01,   4.31397172e-17,          4.21257288e+02],       [ -1.22464685e-16,   0.00000000e+00,  -1.00000000e+00,          8.36152267e+01],       [  0.00000000e+00,   0.00000000e+00,   0.00000000e+00,          1.00000000e+00]])),{}]
["set_obj_matrix",('Mesh 1', array([[  9.36091096e-01,  -3.51757672e-01,  -1.14638101e-16,         -1.89531237e+02],       [ -3.51757672e-01,  -9.36091096e-01,   4.30778925e-17,          4.21155125e+02],       [ -1.22464685e-16,   0.00000000e+00,  -1.00000000e+00,          8.36152267e+01],       [  0.00000000e+00,   0.00000000e+00,   0.00000000e+00,          1.00000000e+00]])),{}]
["set_obj_matrix",('Mesh 1', array([[  9.34315563e-01,  -3.56446950e-01,  -1.14420661e-16,         -1.87417120e+02],       [ -3.56446950e-01,  -9.34315563e-01,   4.36521636e-17,          4.22100168e+02],       [ -1.22464685e-16,   0.00000000e+00,  -1.00000000e+00,          8.36152267e+01],       [  0.00000000e+00,   0.00000000e+00,   0.00000000e+00,          1.00000000e+00]])),{}]
["set_obj_matrix",('Mesh 1', array([[  9.29803519e-01,  -3.68056266e-01,  -1.13868095e-16,         -1.82145296e+02],       [ -3.68056266e-01,  -9.29803519e-01,   4.50738948e-17,          4.24401720e+02],       [ -1.22464685e-16,   0.00000000e+00,  -1.00000000e+00,          8.36152267e+01],       [  0.00000000e+00,   0.00000000e+00,   0.00000000e+00,          1.00000000e+00]])),{}]
["set_obj_matrix",('Mesh 1', array([[  9.22271218e-01,  -3.86543401e-01,  -1.12945654e-16,         -1.73637217e+02],       [ -3.86543401e-01,  -9.22271218e-01,   4.73379159e-17,          4.27953088e+02],       [ -1.22464685e-16,   0.00000000e+00,  -1.00000000e+00,          8.36152267e+01],       [  0.00000000e+00,   0.00000000e+00,   0.00000000e+00,          1.00000000e+00]])),{}]
["set_obj_matrix",('Mesh 1', array([[  9.19738664e-01,  -3.92531261e-01,  -1.12635506e-16,         -1.70851264e+02],       [ -3.92531261e-01,  -9.19738664e-01,   4.80712173e-17,          4.29072924e+02],       [ -1.22464685e-16,   0.00000000e+00,  -1.00000000e+00,          8.36152267e+01],       [  0.00000000e+00,   0.00000000e+00,   0.00000000e+00,          1.00000000e+00]])),{}]
["set_obj_matrix",('Mesh 1', array([[  9.18581407e-01,  -3.95231828e-01,  -1.12493783e-16,         -1.69589878e+02],       [ -3.95231828e-01,  -9.18581407e-01,   4.84019415e-17,          4.29573046e+02],       [ -1.22464685e-16,   0.00000000e+00,  -1.00000000e+00,          8.36152267e+01],       [  0.00000000e+00,   0.00000000e+00,   0.00000000e+00,          1.00000000e+00]])),{}]
["set_obj_matrix",('Mesh 1', array([[  9.17754362e-01,  -3.97148499e-01,  -1.12392499e-16,         -1.68692778e+02],       [ -3.97148499e-01,  -9.17754362e-01,   4.86366659e-17,          4.29926128e+02],       [ -1.22464685e-16,   0.00000000e+00,  -1.00000000e+00,          8.36152267e+01],       [  0.00000000e+00,   0.00000000e+00,   0.00000000e+00,          1.00000000e+00]])),{}]
["set_obj_matrix",('Mesh 1', array([[  9.15719331e-01,  -4.01818499e-01,  -1.12143280e-16,         -1.66500493e+02],       [ -4.01818499e-01,  -9.15719331e-01,   4.92085760e-17,          4.30779891e+02],       [ -1.22464685e-16,   0.00000000e+00,  -1.00000000e+00,          8.36152267e+01],       [  0.00000000e+00,   0.00000000e+00,   0.00000000e+00,          1.00000000e+00]])),{}]
["set_obj_matrix",('Mesh 1', array([[  9.15887242e-01,  -4.01435624e-01,  -1.12163843e-16,         -1.66680577e+02],       [ -4.01435624e-01,  -9.15887242e-01,   4.91616874e-17,          4.30710244e+02],       [ -1.22464685e-16,   0.00000000e+00,  -1.00000000e+00,          8.36152267e+01],       [  0.00000000e+00,   0.00000000e+00,   0.00000000e+00,          1.00000000e+00]])),{}]
["set_obj_matrix",('Mesh 1', array([[  9.15183968e-01,  -4.03036357e-01,  -1.12077717e-16,         -1.65927264e+02],       [ -4.03036357e-01,  -9.15183968e-01,   4.93577206e-17,          4.31001011e+02],       [ -1.22464685e-16,   0.00000000e+00,  -1.00000000e+00,          8.36152267e+01],       [  0.00000000e+00,   0.00000000e+00,   0.00000000e+00,          1.00000000e+00]])),{}]
["set_obj_matrix",('Mesh 1', array([[  9.09283865e-01,  -4.16176469e-01,  -1.11355162e-16,         -1.59702095e+02],       [ -4.16176469e-01,  -9.09283865e-01,   5.09669203e-17,          4.33346247e+02],       [ -1.22464685e-16,   0.00000000e+00,  -1.00000000e+00,          8.36152267e+01],       [  0.00000000e+00,   0.00000000e+00,   0.00000000e+00,          1.00000000e+00]])),{}]
["set_obj_matrix",('Mesh 1', array([[  8.95405855e-01,  -4.45250889e-01,  -1.09655596e-16,         -1.45660006e+02],       [ -4.45250889e-01,  -8.95405855e-01,   5.45275100e-17,          4.38265777e+02],       [ -1.22464685e-16,   0.00000000e+00,  -1.00000000e+00,          8.36152267e+01],       [  0.00000000e+00,   0.00000000e+00,   0.00000000e+00,          1.00000000e+00]])),{}]
["set_obj_matrix",('Mesh 1', array([[  8.79426417e-01,  -4.76034848e-01,  -1.07698679e-16,         -1.30373775e+02],       [ -4.76034848e-01,  -8.79426417e-01,   5.82974578e-17,          4.43053504e+02],       [ -1.22464685e-16,   0.00000000e+00,  -1.00000000e+00,          8.36152267e+01],       [  0.00000000e+00,   0.00000000e+00,   0.00000000e+00,          1.00000000e+00]])),{}]
["set_obj_matrix",('Mesh 1', array([[  8.77838956e-01,  -4.78955913e-01,  -1.07504271e-16,         -1.28900102e+02],       [ -4.78955913e-01,  -8.77838956e-01,   5.86551852e-17,          4.43484490e+02],       [ -1.22464685e-16,   0.00000000e+00,  -1.00000000e+00,          8.36152267e+01],       [  0.00000000e+00,   0.00000000e+00,   0.00000000e+00,          1.00000000e+00]])),{}]
["set_obj_matrix",('Mesh 1', array([[  8.77928710e-01,  -4.78791374e-01,  -1.07515263e-16,         -1.28983220e+02],       [ -4.78791374e-01,  -8.77928710e-01,   5.86350349e-17,          4.43460322e+02],       [ -1.22464685e-16,   0.00000000e+00,  -1.00000000e+00,          8.36152267e+01],       [  0.00000000e+00,   0.00000000e+00,   0.00000000e+00,          1.00000000e+00]])),{}]
["set_obj_matrix",('Mesh 1', array([[  8.75423427e-01,  -4.83356828e-01,  -1.07208455e-16,         -1.26672085e+02],       [ -4.83356828e-01,  -8.75423427e-01,   5.91941418e-17,          4.44126009e+02],       [ -1.22464685e-16,   0.00000000e+00,  -1.00000000e+00,          8.36152267e+01],       [  0.00000000e+00,   0.00000000e+00,   0.00000000e+00,          1.00000000e+00]])),{}]
["set_obj_matrix",('Mesh 1', array([[  8.68770955e-01,  -4.95214123e-01,  -1.06393762e-16,         -1.20622185e+02],       [ -4.95214123e-01,  -8.68770955e-01,   6.06462417e-17,          4.45807152e+02],       [ -1.22464685e-16,   0.00000000e+00,  -1.00000000e+00,          8.36152267e+01],       [  0.00000000e+00,   0.00000000e+00,   0.00000000e+00,          1.00000000e+00]])),{}]
["set_obj_matrix",('Mesh 1', array([[  8.68836047e-01,  -4.95099912e-01,  -1.06401733e-16,         -1.20680789e+02],       [ -4.95099912e-01,  -8.68836047e-01,   6.06322549e-17,          4.45791292e+02],       [ -1.22464685e-16,   0.00000000e+00,  -1.00000000e+00,          8.36152267e+01],       [  0.00000000e+00,   0.00000000e+00,   0.00000000e+00,          1.00000000e+00]])),{}]
["set_obj_matrix",('Mesh 1', array([[  8.68967692e-01,  -4.94868821e-01,  -1.06417855e-16,         -1.20799347e+02],       [ -4.94868821e-01,  -8.68967692e-01,   6.06039544e-17,          4.45759180e+02],       [ -1.22464685e-16,   0.00000000e+00,  -1.00000000e+00,          8.36152267e+01],       [  0.00000000e+00,   0.00000000e+00,   0.00000000e+00,          1.00000000e+00]])),{}]
["set_obj_matrix",('Mesh 1', array([[  8.63900174e-01,  -5.03663070e-01,  -1.05797263e-16,         -1.16268814e+02],       [ -5.03663070e-01,  -8.63900174e-01,   6.16809394e-17,          4.46962293e+02],       [ -1.22464685e-16,   0.00000000e+00,  -1.00000000e+00,          8.36152267e+01],       [  0.00000000e+00,   0.00000000e+00,   0.00000000e+00,          1.00000000e+00]])),{}]
["set_obj_matrix",('Mesh 1', array([[  8.51257688e-01,  -5.24747890e-01,  -1.04249005e-16,         -1.05246122e+02],       [ -5.24747890e-01,  -8.51257688e-01,   6.42630852e-17,          4.49685426e+02],       [ -1.22464685e-16,   0.00000000e+00,  -1.00000000e+00,          8.36152267e+01],       [  0.00000000e+00,   0.00000000e+00,   0.00000000e+00,          1.00000000e+00]])),{}]
["set_obj_matrix",('Mesh 1', array([[  8.48978097e-01,  -5.28428037e-01,  -1.03969835e-16,         -1.03298464e+02],       [ -5.28428037e-01,  -8.48978097e-01,   6.47137732e-17,          4.50136819e+02],       [ -1.22464685e-16,   0.00000000e+00,  -1.00000000e+00,          8.36152267e+01],       [  0.00000000e+00,   0.00000000e+00,   0.00000000e+00,          1.00000000e+00]])),{}]
["set_obj_matrix",('Mesh 1', array([[  8.48968151e-01,  -5.28444016e-01,  -1.03968617e-16,         -1.03289992e+02],       [ -5.28444016e-01,  -8.48968151e-01,   6.47157301e-17,          4.50138763e+02],       [ -1.22464685e-16,   0.00000000e+00,  -1.00000000e+00,          8.36152267e+01],       [  0.00000000e+00,   0.00000000e+00,   0.00000000e+00,          1.00000000e+00]])),{}]
["set_obj_matrix",('Mesh 1', array([[  8.46580752e-01,  -5.32260302e-01,  -1.03676245e-16,         -1.01262640e+02],       [ -5.32260302e-01,  -8.46580752e-01,   6.51830904e-17,          4.50599164e+02],       [ -1.22464685e-16,   0.00000000e+00,  -1.00000000e+00,          8.36152267e+01],       [  0.00000000e+00,   0.00000000e+00,   0.00000000e+00,          1.00000000e+00]])),{}]
["set_obj_matrix",('Mesh 1', array([[  8.44154111e-01,  -5.36100585e-01,  -1.03379067e-16,         -9.92146521e+01],       [ -5.36100585e-01,  -8.44154111e-01,   6.56533894e-17,          4.51054522e+02],       [ -1.22464685e-16,   0.00000000e+00,  -1.00000000e+00,          8.36152267e+01],       [  0.00000000e+00,   0.00000000e+00,   0.00000000e+00,          1.00000000e+00]])),{}]
["set_obj_matrix",('Mesh 1', array([[  8.41752993e-01,  -5.39862852e-01,  -1.03085015e-16,         -9.72005292e+01],       [ -5.39862852e-01,  -8.41752993e-01,   6.61141343e-17,          4.51492841e+02],       [ -1.22464685e-16,   0.00000000e+00,  -1.00000000e+00,          8.36152267e+01],       [  0.00000000e+00,   0.00000000e+00,   0.00000000e+00,          1.00000000e+00]])),{}]
["set_obj_matrix",('Mesh 1', array([[  8.39335494e-01,  -5.43613768e-01,  -1.02788957e-16,         -9.51847915e+01],       [ -5.43613768e-01,  -8.39335494e-01,   6.65734890e-17,          4.51922100e+02],       [ -1.22464685e-16,   0.00000000e+00,  -1.00000000e+00,          8.36152267e+01],       [  0.00000000e+00,   0.00000000e+00,   0.00000000e+00,          1.00000000e+00]])),{}]
["set_obj_matrix",('Mesh 1', array([[  8.36901767e-01,  -5.47353115e-01,  -1.02490912e-16,         -9.31675603e+01],       [ -5.47353115e-01,  -8.36901767e-01,   6.70314269e-17,          4.52342276e+02],       [ -1.22464685e-16,   0.00000000e+00,  -1.00000000e+00,          8.36152267e+01],       [  0.00000000e+00,   0.00000000e+00,   0.00000000e+00,          1.00000000e+00]])),{}]
["set_obj_matrix",('Mesh 1', array([[  8.36836063e-01,  -5.47453563e-01,  -1.02482865e-16,         -9.31132655e+01],       [ -5.47453563e-01,  -8.36836063e-01,   6.70437283e-17,          4.52353455e+02],       [ -1.22464685e-16,   0.00000000e+00,  -1.00000000e+00,          8.36152267e+01],       [  0.00000000e+00,   0.00000000e+00,   0.00000000e+00,          1.00000000e+00]])),{}]
["set_obj_matrix",('Mesh 1', array([[  8.34374811e-01,  -5.51197492e-01,  -1.02181449e-16,         -9.10855722e+01],       [ -5.51197492e-01,  -8.34374811e-01,   6.75022273e-17,          4.52766107e+02],       [ -1.22464685e-16,   0.00000000e+00,  -1.00000000e+00,          8.36152267e+01],       [  0.00000000e+00,   0.00000000e+00,   0.00000000e+00,          1.00000000e+00]])),{}]
["set_obj_matrix",('Mesh 1', array([[  8.34096884e-01,  -5.51617973e-01,  -1.02147412e-16,         -9.08573520e+01],       [ -5.51617973e-01,  -8.34096884e-01,   6.75537215e-17,          4.52811959e+02],       [ -1.22464685e-16,   0.00000000e+00,  -1.00000000e+00,          8.36152267e+01],       [  0.00000000e+00,   0.00000000e+00,   0.00000000e+00,          1.00000000e+00]])),{}]
["save_ply",('%s',),{}]