["add_ply",('%s',),{}]
["set_alpha",(0.6,),{}]
["add_polygon_ray",(array([ 584.77612305,  619.87799072, -119.08231354], dtype=float32), array([ 584.77612305,  619.87799072,  339.35540771], dtype=float32), array([  5.61424313e-14,   0.00000000e+00,   4.58437714e+02], dtype=float32)),{}]
["add_polygon_ray",(array([ 498.06030273,  562.06744385, -119.08231354], dtype=float32), array([ 498.06030273,  562.06744385,  339.35540771], dtype=float32), array([  5.61424313e-14,   0.00000000e+00,   4.58437714e+02], dtype=float32)),{}]
["add_polygon_ray",(array([ 433.89056396,  483.44506836, -119.08231354], dtype=float32), array([ 433.89059448,  483.44506836,  339.35540771], dtype=float32), array([  5.61424313e-14,   0.00000000e+00,   4.58437714e+02], dtype=float32)),{}]
["add_polygon_ray",(array([ 391.68887329,  453.38357544, -119.08231354], dtype=float32), array([ 391.68887329,  453.38357544,  339.35540771], dtype=float32), array([  5.61424313e-14,   0.00000000e+00,   4.58437714e+02], dtype=float32)),{}]
["add_polygon_ray",(array([ 361.04928589,  570.73901367, -119.08231354], dtype=float32), array([ 361.04928589,  570.73901367,  339.35540771], dtype=float32), array([  5.61424313e-14,   0.00000000e+00,   4.58437714e+02], dtype=float32)),{}]
["add_polygon_ray",(array([ 330.40966797,  613.51879883, -119.08231354], dtype=float32), array([ 330.40966797,  613.51879883,  339.35540771], dtype=float32), array([  5.61424313e-14,   0.00000000e+00,   4.58437714e+02], dtype=float32)),{}]
["add_polygon_ray",(array([ 255.25595093,  634.90875244, -119.08231354], dtype=float32), array([ 255.25595093,  634.90875244,  339.35540771], dtype=float32), array([  5.61424313e-14,   0.00000000e+00,   4.58437714e+02], dtype=float32)),{}]
["add_polygon_ray",(array([ 187.03948975,  520.44384766, -119.08231354], dtype=float32), array([ 187.03948975,  520.44384766,  339.35540771], dtype=float32), array([  5.61424313e-14,   0.00000000e+00,   4.58437714e+02], dtype=float32)),{}]
["add_polygon_ray",(array([ 172.58685303,  436.61853027, -119.08231354], dtype=float32), array([ 172.58685303,  436.61853027,  339.35540771], dtype=float32), array([  5.61424313e-14,   0.00000000e+00,   4.58437714e+02], dtype=float32)),{}]
["add_polygon_ray",(array([ 178.9460144 ,  348.16836548, -119.08231354], dtype=float32), array([ 178.9460144 ,  348.16836548,  339.35540771], dtype=float32), array([  5.61424313e-14,   0.00000000e+00,   4.58437714e+02], dtype=float32)),{}]
["add_polygon_ray",(array([ 258.72460938,  255.67147827, -119.08231354], dtype=float32), array([ 258.72460938,  255.67147827,  339.35540771], dtype=float32), array([  5.61424313e-14,   0.00000000e+00,   4.58437714e+02], dtype=float32)),{}]
["add_polygon_ray",(array([ 388.79833984,  219.25082397, -119.08231354], dtype=float32), array([ 388.79833984,  219.25082397,  339.35540771], dtype=float32), array([  5.61424313e-14,   0.00000000e+00,   4.58437714e+02], dtype=float32)),{}]
["add_polygon_ray",(array([ 557.60516357,  241.79695129, -119.08231354], dtype=float32), array([ 557.60516357,  241.79695129,  339.35540771], dtype=float32), array([  5.61424313e-14,   0.00000000e+00,   4.58437714e+02], dtype=float32)),{}]
["add_polygon_ray",(array([ 616.57196045,  367.24584961, -119.08231354], dtype=float32), array([ 616.57196045,  367.24584961,  339.35540771], dtype=float32), array([  5.61424313e-14,   0.00000000e+00,   4.58437714e+02], dtype=float32)),{}]
["add_polygon_ray",(array([ 598.0725708 ,  556.28637695, -119.08231354], dtype=float32), array([ 598.0725708 ,  556.28637695,  339.35540771], dtype=float32), array([  5.61424313e-14,   0.00000000e+00,   4.58437714e+02], dtype=float32)),{}]
["select_region_polygon",(),{}]
["crop_selection",(),{}]
["transform_mesh",(array([[ 0.,  1.,  0.],       [ 1.,  0.,  0.],       [ 0.,  0.,  1.]], dtype=float32), array([ 0.,  0.,  0.], dtype=float32)),{'reverse': True}]
["set_obj_matrix",('Mesh 1', array([[ -9.99999888e-01,  -4.73765196e-04,   1.22464672e-16,          3.93634243e+02],       [ -4.73765196e-04,   9.99999888e-01,   5.80195056e-20,         -4.45392722e+02],       [ -1.22464685e-16,   0.00000000e+00,  -1.00000000e+00,          1.10136543e+02],       [  0.00000000e+00,   0.00000000e+00,   0.00000000e+00,          1.00000000e+00]])),{}]
["set_obj_matrix",('Mesh 1', array([[ -9.98516590e-01,  -5.44483265e-02,   1.22283020e-16,          4.17100619e+02],       [ -5.44483265e-02,   9.98516590e-01,   6.66799717e-18,         -4.23496952e+02],       [ -1.22464685e-16,   0.00000000e+00,  -1.00000000e+00,          1.10136543e+02],       [  0.00000000e+00,   0.00000000e+00,   0.00000000e+00,          1.00000000e+00]])),{}]
["set_obj_matrix",('Mesh 1', array([[ -9.84370443e-01,  -1.76110279e-01,   1.20550617e-16,          4.65745228e+02],       [ -1.76110279e-01,   9.84370443e-01,   2.15672899e-17,         -3.69329091e+02],       [ -1.22464685e-16,   0.00000000e+00,  -1.00000000e+00,          1.10136543e+02],       [  0.00000000e+00,   0.00000000e+00,   0.00000000e+00,          1.00000000e+00]])),{}]
["set_obj_matrix",('Mesh 1', array([[ -8.84412721e-01,  -4.66705624e-01,   1.08309325e-16,          5.55902773e+02],       [ -4.66705624e-01,   8.84412721e-01,   5.71549574e-17,         -2.10463065e+02],       [ -1.22464685e-16,   0.00000000e+00,  -1.00000000e+00,          1.10136543e+02],       [  0.00000000e+00,   0.00000000e+00,   0.00000000e+00,          1.00000000e+00]])),{}]
["set_obj_matrix",('Mesh 1', array([[ -7.78653850e-01,  -6.27453729e-01,   9.53575987e-17,          5.85920786e+02],       [ -6.27453729e-01,   7.78653850e-01,   7.68409234e-17,         -1.00097085e+02],       [ -1.22464685e-16,   0.00000000e+00,  -1.00000000e+00,          1.10136543e+02],       [  0.00000000e+00,   0.00000000e+00,   0.00000000e+00,          1.00000000e+00]])),{}]
["set_obj_matrix",('Mesh 1', array([[ -5.97456296e-01,  -8.01901474e-01,   7.31672973e-17,          5.92363748e+02],       [ -8.01901474e-01,   5.97456296e-01,   9.82046116e-17,          4.92725576e+01],       [ -1.22464685e-16,   0.00000000e+00,  -1.00000000e+00,          1.10136543e+02],       [  0.00000000e+00,   0.00000000e+00,   0.00000000e+00,          1.00000000e+00]])),{}]
["set_obj_matrix",('Mesh 1', array([[ -3.90330476e-01,  -9.20674817e-01,   4.78016989e-17,          5.63798574e+02],       [ -9.20674817e-01,   3.90330476e-01,   1.12750152e-16,          1.88291694e+02],       [ -1.22464685e-16,   0.00000000e+00,  -1.00000000e+00,          1.10136543e+02],       [  0.00000000e+00,   0.00000000e+00,   0.00000000e+00,          1.00000000e+00]])),{}]
["set_obj_matrix",('Mesh 1', array([[ -9.22835712e-02,  -9.95732767e-01,   1.13014785e-17,          4.79984269e+02],       [ -9.95732767e-01,   9.22835712e-02,   1.21942100e-16,          3.50624722e+02],       [ -1.22464685e-16,   0.00000000e+00,  -1.00000000e+00,          1.10136543e+02],       [  0.00000000e+00,   0.00000000e+00,   0.00000000e+00,          1.00000000e+00]])),{}]
["set_obj_matrix",('Mesh 1', array([[  3.25682592e-02,  -9.99469514e-01,  -3.98846162e-18,          4.32529681e+02],       [ -9.99469514e-01,  -3.25682592e-02,   1.22399719e-16,          4.07726219e+02],       [ -1.22464685e-16,   0.00000000e+00,  -1.00000000e+00,          1.10136543e+02],       [  0.00000000e+00,   0.00000000e+00,   0.00000000e+00,          1.00000000e+00]])),{}]
["set_obj_matrix",('Mesh 1', array([[  1.11478497e-01,  -9.93766846e-01,  -1.36521790e-17,          3.98943574e+02],       [ -9.93766846e-01,  -1.11478497e-01,   1.21701344e-16,          4.40643415e+02],       [ -1.22464685e-16,   0.00000000e+00,  -1.00000000e+00,          1.10136543e+02],       [  0.00000000e+00,   0.00000000e+00,   0.00000000e+00,          1.00000000e+00]])),{}]
["set_obj_matrix",('Mesh 1', array([[  2.01855282e-01,  -9.79415359e-01,  -2.47201436e-17,          3.56992527e+02],       [ -9.79415359e-01,  -2.01855282e-01,   1.19943794e-16,          4.75267220e+02],       [ -1.22464685e-16,   0.00000000e+00,  -1.00000000e+00,          1.10136543e+02],       [  0.00000000e+00,   0.00000000e+00,   0.00000000e+00,          1.00000000e+00]])),{}]
["set_obj_matrix",('Mesh 1', array([[  2.72226194e-01,  -9.62233287e-01,  -3.33380951e-17,          3.21651006e+02],       [ -9.62233287e-01,  -2.72226194e-01,   1.17839597e-16,          4.99863206e+02],       [ -1.22464685e-16,   0.00000000e+00,  -1.00000000e+00,          1.10136543e+02],       [  0.00000000e+00,   0.00000000e+00,   0.00000000e+00,          1.00000000e+00]])),{}]
["set_obj_matrix",('Mesh 1', array([[  2.82206788e-01,  -9.59353599e-01,  -3.45603655e-17,          3.16441279e+02],       [ -9.59353599e-01,  -2.82206788e-01,   1.17486937e-16,          5.03177415e+02],       [ -1.22464685e-16,   0.00000000e+00,  -1.00000000e+00,          1.10136543e+02],       [  0.00000000e+00,   0.00000000e+00,   0.00000000e+00,          1.00000000e+00]])),{}]
["set_obj_matrix",('Mesh 1', array([[  2.85139209e-01,  -9.58486114e-01,  -3.49194835e-17,          3.14901064e+02],       [ -9.58486114e-01,  -2.85139209e-01,   1.17380700e-16,          5.04142752e+02],       [ -1.22464685e-16,   0.00000000e+00,  -1.00000000e+00,          1.10136543e+02],       [  0.00000000e+00,   0.00000000e+00,   0.00000000e+00,          1.00000000e+00]])),{}]
["set_obj_matrix",('Mesh 1', array([[  2.94345015e-01,  -9.55699227e-01,  -3.60468696e-17,          3.10037507e+02],       [ -9.55699227e-01,  -2.94345015e-01,   1.17039405e-16,          5.07148241e+02],       [ -1.22464685e-16,   0.00000000e+00,  -1.00000000e+00,          1.10136543e+02],       [  0.00000000e+00,   0.00000000e+00,   0.00000000e+00,          1.00000000e+00]])),{}]
["set_obj_matrix",('Mesh 1', array([[  3.03959975e-01,  -9.52684803e-01,  -3.72243627e-17,          3.04911594e+02],       [ -9.52684803e-01,  -3.03959975e-01,   1.16670245e-16,          5.10246523e+02],       [ -1.22464685e-16,   0.00000000e+00,  -1.00000000e+00,          1.10136543e+02],       [  0.00000000e+00,   0.00000000e+00,   0.00000000e+00,          1.00000000e+00]])),{}]
["set_obj_matrix",('Mesh 1', array([[  3.22132298e-01,  -9.46694662e-01,  -3.94498305e-17,          2.95093099e+02],       [ -9.46694662e-01,  -3.22132298e-01,   1.15936664e-16,          5.15987071e+02],       [ -1.22464685e-16,   0.00000000e+00,  -1.00000000e+00,          1.10136543e+02],       [  0.00000000e+00,   0.00000000e+00,   0.00000000e+00,          1.00000000e+00]])),{}]
["set_obj_matrix",('Mesh 1', array([[  3.28047836e-01,  -9.44661112e-01,  -4.01742750e-17,          2.91859682e+02],       [ -9.44661112e-01,  -3.28047836e-01,   1.15687626e-16,          5.17822866e+02],       [ -1.22464685e-16,   0.00000000e+00,  -1.00000000e+00,          1.10136543e+02],       [  0.00000000e+00,   0.00000000e+00,   0.00000000e+00,          1.00000000e+00]])),{}]
["set_obj_matrix",('Mesh 1', array([[  3.31317648e-01,  -9.43519272e-01,  -4.05747115e-17,          2.90064482e+02],       [ -9.43519272e-01,  -3.31317648e-01,   1.15547791e-16,          5.18830599e+02],       [ -1.22464685e-16,   0.00000000e+00,  -1.00000000e+00,          1.10136543e+02],       [  0.00000000e+00,   0.00000000e+00,   0.00000000e+00,          1.00000000e+00]])),{}]
["set_obj_matrix",('Mesh 1', array([[  3.30642046e-01,  -9.43756238e-01,  -4.04919740e-17,          2.90435867e+02],       [ -9.43756238e-01,  -3.30642046e-01,   1.15576811e-16,          5.18622793e+02],       [ -1.22464685e-16,   0.00000000e+00,  -1.00000000e+00,          1.10136543e+02],       [  0.00000000e+00,   0.00000000e+00,   0.00000000e+00,          1.00000000e+00]])),{}]
["set_obj_matrix",('Mesh 1', array([[  3.37135834e-01,  -9.41456016e-01,  -4.12872338e-17,          2.86856129e+02],       [ -9.41456016e-01,  -3.37135834e-01,   1.15295115e-16,          5.20611329e+02],       [ -1.22464685e-16,   0.00000000e+00,  -1.00000000e+00,          1.10136543e+02],       [  0.00000000e+00,   0.00000000e+00,   0.00000000e+00,          1.00000000e+00]])),{}]
["set_obj_matrix",('Mesh 1', array([[  3.36445052e-01,  -9.41703099e-01,  -4.12026374e-17,          2.87237994e+02],       [ -9.41703099e-01,  -3.36445052e-01,   1.15325374e-16,          5.20400739e+02],       [ -1.22464685e-16,   0.00000000e+00,  -1.00000000e+00,          1.10136543e+02],       [  0.00000000e+00,   0.00000000e+00,   0.00000000e+00,          1.00000000e+00]])),{}]
["set_obj_matrix",('Mesh 1', array([[  3.39669148e-01,  -9.40544986e-01,  -4.15974753e-17,          2.85453528e+02],       [ -9.40544986e-01,  -3.39669148e-01,   1.15183546e-16,          5.21381701e+02],       [ -1.22464685e-16,   0.00000000e+00,  -1.00000000e+00,          1.10136543e+02],       [  0.00000000e+00,   0.00000000e+00,   0.00000000e+00,          1.00000000e+00]])),{}]
["set_obj_matrix",('Mesh 1', array([[  3.47844488e-01,  -9.37552245e-01,  -4.25986657e-17,          2.80903657e+02],       [ -9.37552245e-01,  -3.47844488e-01,   1.14817041e-16,          5.23847048e+02],       [ -1.22464685e-16,   0.00000000e+00,  -1.00000000e+00,          1.10136543e+02],       [  0.00000000e+00,   0.00000000e+00,   0.00000000e+00,          1.00000000e+00]])),{}]
["set_obj_matrix",('Mesh 1', array([[  3.57493118e-01,  -9.33915773e-01,  -4.37802821e-17,          2.75487326e+02],       [ -9.33915773e-01,  -3.57493118e-01,   1.14371701e-16,          5.26715604e+02],       [ -1.22464685e-16,   0.00000000e+00,  -1.00000000e+00,          1.10136543e+02],       [  0.00000000e+00,   0.00000000e+00,   0.00000000e+00,          1.00000000e+00]])),{}]
["set_obj_matrix",('Mesh 1', array([[  3.67546336e-01,  -9.30005210e-01,  -4.50114464e-17,          2.69789692e+02],       [ -9.30005210e-01,  -3.67546336e-01,   1.13892795e-16,          5.29656603e+02],       [ -1.22464685e-16,   0.00000000e+00,  -1.00000000e+00,          1.10136543e+02],       [  0.00000000e+00,   0.00000000e+00,   0.00000000e+00,          1.00000000e+00]])),{}]
["set_obj_matrix",('Mesh 1', array([[  3.72077997e-01,  -9.28201467e-01,  -4.55664149e-17,          2.67203121e+02],       [ -9.28201467e-01,  -3.72077997e-01,   1.13671901e-16,          5.30966182e+02],       [ -1.22464685e-16,   0.00000000e+00,  -1.00000000e+00,          1.10136543e+02],       [  0.00000000e+00,   0.00000000e+00,   0.00000000e+00,          1.00000000e+00]])),{}]
["set_obj_matrix",('Mesh 1', array([[  3.83244851e-01,  -9.23646785e-01,  -4.69339601e-17,          2.60780350e+02],       [ -9.23646785e-01,  -3.83244851e-01,   1.13114113e-16,          5.34149982e+02],       [ -1.22464685e-16,   0.00000000e+00,  -1.00000000e+00,          1.10136543e+02],       [  0.00000000e+00,   0.00000000e+00,   0.00000000e+00,          1.00000000e+00]])),{}]
["set_obj_matrix",('Mesh 1', array([[  3.82457902e-01,  -9.23972918e-01,  -4.68375866e-17,          2.61235272e+02],       [ -9.23972918e-01,  -3.82457902e-01,   1.13154053e-16,          5.33927642e+02],       [ -1.22464685e-16,   0.00000000e+00,  -1.00000000e+00,          1.10136543e+02],       [  0.00000000e+00,   0.00000000e+00,   0.00000000e+00,          1.00000000e+00]])),{}]
["set_obj_matrix",('Mesh 1', array([[  3.85409482e-01,  -9.22745648e-01,  -4.71990510e-17,          2.59527206e+02],       [ -9.22745648e-01,  -3.85409482e-01,   1.13003755e-16,          5.34759968e+02],       [ -1.22464685e-16,   0.00000000e+00,  -1.00000000e+00,          1.10136543e+02],       [  0.00000000e+00,   0.00000000e+00,   0.00000000e+00,          1.00000000e+00]])),{}]
["set_obj_matrix",('Mesh 1', array([[  3.82457902e-01,  -9.23972918e-01,  -4.68375866e-17,          2.61235272e+02],       [ -9.23972918e-01,  -3.82457902e-01,   1.13154053e-16,          5.33927642e+02],       [ -1.22464685e-16,   0.00000000e+00,  -1.00000000e+00,          1.10136543e+02],       [  0.00000000e+00,   0.00000000e+00,   0.00000000e+00,          1.00000000e+00]])),{}]
["set_obj_matrix",('Mesh 1', array([[  3.68314320e-01,  -9.29701329e-01,  -4.51054973e-17,          2.69352146e+02],       [ -9.29701329e-01,  -3.68314320e-01,   1.13855581e-16,          5.29879246e+02],       [ -1.22464685e-16,   0.00000000e+00,  -1.00000000e+00,          1.10136543e+02],       [  0.00000000e+00,   0.00000000e+00,   0.00000000e+00,          1.00000000e+00]])),{}]
["set_obj_matrix",('Mesh 1', array([[  3.31078686e-01,  -9.43603149e-01,  -4.05454471e-17,          2.90195869e+02],       [ -9.43603149e-01,  -3.31078686e-01,   1.15558063e-16,          5.18757122e+02],       [ -1.22464685e-16,   0.00000000e+00,  -1.00000000e+00,          1.10136543e+02],       [  0.00000000e+00,   0.00000000e+00,   0.00000000e+00,          1.00000000e+00]])),{}]
["set_obj_matrix",('Mesh 1', array([[  3.21585795e-01,  -9.46880445e-01,  -3.93829032e-17,          2.95390887e+02],       [ -9.46880445e-01,  -3.21585795e-01,   1.15959416e-16,          5.15816652e+02],       [ -1.22464685e-16,   0.00000000e+00,  -1.00000000e+00,          1.10136543e+02],       [  0.00000000e+00,   0.00000000e+00,   0.00000000e+00,          1.00000000e+00]])),{}]
["set_obj_matrix",('Mesh 1', array([[  3.22213097e-01,  -9.46667164e-01,  -3.94597255e-17,          2.95049059e+02],       [ -9.46667164e-01,  -3.22213097e-01,   1.15933296e-16,          5.16012255e+02],       [ -1.22464685e-16,   0.00000000e+00,  -1.00000000e+00,          1.10136543e+02],       [  0.00000000e+00,   0.00000000e+00,   0.00000000e+00,          1.00000000e+00]])),{}]
["set_obj_matrix",('Mesh 1', array([[  3.15826049e-01,  -9.48817109e-01,  -3.86775376e-17,          2.98519842e+02],       [ -9.48817109e-01,  -3.15826049e-01,   1.16196589e-16,          5.14012158e+02],       [ -1.22464685e-16,   0.00000000e+00,  -1.00000000e+00,          1.10136543e+02],       [  0.00000000e+00,   0.00000000e+00,   0.00000000e+00,          1.00000000e+00]])),{}]
["set_obj_matrix",('Mesh 1', array([[  3.12620913e-01,  -9.49877974e-01,  -3.82850218e-17,          3.00253516e+02],       [ -9.49877974e-01,  -3.12620913e-01,   1.16326507e-16,          5.13001385e+02],       [ -1.22464685e-16,   0.00000000e+00,  -1.00000000e+00,          1.10136543e+02],       [  0.00000000e+00,   0.00000000e+00,   0.00000000e+00,          1.00000000e+00]])),{}]
["set_obj_matrix",('Mesh 1', array([[  3.09408154e-01,  -9.50929332e-01,  -3.78915722e-17,          3.01985953e+02],       [ -9.50929332e-01,  -3.09408154e-01,   1.16455261e-16,          5.11983475e+02],       [ -1.22464685e-16,   0.00000000e+00,  -1.00000000e+00,          1.10136543e+02],       [  0.00000000e+00,   0.00000000e+00,   0.00000000e+00,          1.00000000e+00]])),{}]
["set_obj_matrix",('Mesh 1', array([[  3.00287441e-01,  -9.53848758e-01,  -3.67746070e-17,          3.06875089e+02],       [ -9.53848758e-01,  -3.00287441e-01,   1.16812788e-16,          5.09068045e+02],       [ -1.22464685e-16,   0.00000000e+00,  -1.00000000e+00,          1.10136543e+02],       [  0.00000000e+00,   0.00000000e+00,   0.00000000e+00,          1.00000000e+00]])),{}]
["set_obj_matrix",('Mesh 1', array([[  2.87759487e-01,  -9.57702708e-01,  -3.52403750e-17,          3.13521116e+02],       [ -9.57702708e-01,  -2.87759487e-01,   1.17284761e-16,          5.05002083e+02],       [ -1.22464685e-16,   0.00000000e+00,  -1.00000000e+00,          1.10136543e+02],       [  0.00000000e+00,   0.00000000e+00,   0.00000000e+00,          1.00000000e+00]])),{}]
["set_obj_matrix",('Mesh 1', array([[  2.78361759e-01,  -9.60476304e-01,  -3.40894851e-17,          3.18454257e+02],       [ -9.60476304e-01,  -2.78361759e-01,   1.17624428e-16,          5.01905848e+02],       [ -1.22464685e-16,   0.00000000e+00,  -1.00000000e+00,          1.10136543e+02],       [  0.00000000e+00,   0.00000000e+00,   0.00000000e+00,          1.00000000e+00]])),{}]
["set_obj_matrix",('Mesh 1', array([[  2.77864993e-01,  -9.60620136e-01,  -3.40286489e-17,          3.18713784e+02],       [ -9.60620136e-01,  -2.77864993e-01,   1.17642043e-16,          5.01741087e+02],       [ -1.22464685e-16,   0.00000000e+00,  -1.00000000e+00,          1.10136543e+02],       [  0.00000000e+00,   0.00000000e+00,   0.00000000e+00,          1.00000000e+00]])),{}]
["set_obj_matrix",('Mesh 1', array([[  2.83953668e-01,  -9.58838002e-01,  -3.47742966e-17,          3.15524277e+02],       [ -9.58838002e-01,  -2.83953668e-01,   1.17423794e-16,          5.03752941e+02],       [ -1.22464685e-16,   0.00000000e+00,  -1.00000000e+00,          1.10136543e+02],       [  0.00000000e+00,   0.00000000e+00,   0.00000000e+00,          1.00000000e+00]])),{}]
["set_obj_matrix",('Mesh 1', array([[  2.89448284e-01,  -9.57193654e-01,  -3.54471930e-17,          3.12629880e+02],       [ -9.57193654e-01,  -2.89448284e-01,   1.17222420e-16,          5.05554302e+02],       [ -1.22464685e-16,   0.00000000e+00,  -1.00000000e+00,          1.10136543e+02],       [  0.00000000e+00,   0.00000000e+00,   0.00000000e+00,          1.00000000e+00]])),{}]
["set_obj_matrix",('Mesh 1', array([[  3.00707488e-01,  -9.53716418e-01,  -3.68260478e-17,          3.06650865e+02],       [ -9.53716418e-01,  -3.00707488e-01,   1.16796581e-16,          5.09203144e+02],       [ -1.22464685e-16,   0.00000000e+00,  -1.00000000e+00,          1.10136543e+02],       [  0.00000000e+00,   0.00000000e+00,   0.00000000e+00,          1.00000000e+00]])),{}]
["set_obj_matrix",('Mesh 1', array([[  3.03895815e-01,  -9.52705271e-01,  -3.72165053e-17,          3.04945957e+02],       [ -9.52705271e-01,  -3.03895815e-01,   1.16672751e-16,          5.10225987e+02],       [ -1.22464685e-16,   0.00000000e+00,  -1.00000000e+00,          1.10136543e+02],       [  0.00000000e+00,   0.00000000e+00,   0.00000000e+00,          1.00000000e+00]])),{}]
["set_obj_matrix",('Mesh 1', array([[  3.03332078e-01,  -9.52884909e-01,  -3.71474674e-17,          3.05247787e+02],       [ -9.52884909e-01,  -3.03332078e-01,   1.16694751e-16,          5.10045471e+02],       [ -1.22464685e-16,   0.00000000e+00,  -1.00000000e+00,          1.10136543e+02],       [  0.00000000e+00,   0.00000000e+00,   0.00000000e+00,          1.00000000e+00]])),{}]
["save_ply",('%s',),{}]