["add_ply",('%s',),{}]
["add_polygon_ray",(array([ 552.29266357,  542.17816162, -170.81607056], dtype=float32), array([ 552.29266357,  542.17816162,  501.90621948], dtype=float32), array([  8.23847216e-14,   0.00000000e+00,   6.72722290e+02], dtype=float32)),{}]
["add_polygon_ray",(array([ 454.02984619,  540.66638184, -170.81607056], dtype=float32), array([ 454.02984619,  540.66638184,  501.90621948], dtype=float32), array([  8.23847216e-14,   0.00000000e+00,   6.72722290e+02], dtype=float32)),{}]
["add_polygon_ray",(array([ 410.18951416,  651.77893066, -170.81607056], dtype=float32), array([ 410.18954468,  651.77893066,  501.90621948], dtype=float32), array([  8.23847216e-14,   0.00000000e+00,   6.72722290e+02], dtype=float32)),{}]
["add_polygon_ray",(array([ 179.64987183,  659.33764648, -170.81607056], dtype=float32), array([ 179.64987183,  659.33764648,  501.90621948], dtype=float32), array([  8.23847216e-14,   0.00000000e+00,   6.72722290e+02], dtype=float32)),{}]
["add_polygon_ray",(array([  59.46691895,  511.18756104, -170.81607056], dtype=float32), array([  59.46691895,  511.18756104,  501.90621948], dtype=float32), array([  8.23847216e-14,   0.00000000e+00,   6.72722290e+02], dtype=float32)),{}]
["add_polygon_ray",(array([  79.87533569,  254.94842529, -170.81607056], dtype=float32), array([  79.87533569,  254.94842529,  501.90621948], dtype=float32), array([  8.23847216e-14,   0.00000000e+00,   6.72722290e+02], dtype=float32)),{}]
["add_polygon_ray",(array([ 138.07714844,  141.56826782, -170.81607056], dtype=float32), array([ 138.07714844,  141.56826782,  501.90621948], dtype=float32), array([  8.23847216e-14,   0.00000000e+00,   6.72722290e+02], dtype=float32)),{}]
["add_polygon_ray",(array([ 313.43847656,   65.98150635, -170.81607056], dtype=float32), array([ 313.43847656,   65.98150635,  501.90621948], dtype=float32), array([  8.23847216e-14,   0.00000000e+00,   6.72722290e+02], dtype=float32)),{}]
["add_polygon_ray",(array([ 543.222229  ,  107.55422974, -170.81607056], dtype=float32), array([ 543.222229  ,  107.55422974,  501.90621948], dtype=float32), array([  8.23847216e-14,   0.00000000e+00,   6.72722290e+02], dtype=float32)),{}]
["add_polygon_ray",(array([ 680.03430176,  291.23007202, -170.81607056], dtype=float32), array([ 680.03430176,  291.23007202,  501.90621948], dtype=float32), array([  8.23847216e-14,   0.00000000e+00,   6.72722290e+02], dtype=float32)),{}]
["add_polygon_ray",(array([ 633.9263916 ,  476.41766357, -170.81607056], dtype=float32), array([ 633.9263916 ,  476.41766357,  501.90621948], dtype=float32), array([  8.23847216e-14,   0.00000000e+00,   6.72722290e+02], dtype=float32)),{}]
["select_region_polygon",(),{}]
["crop_selection",(),{}]
["set_obj_matrix",('Mesh 1', array([[ -9.99997399e-01,   2.28057100e-03,   1.22464367e-16,          3.63611691e+02],       [  2.28057100e-03,   9.99997399e-01,  -2.79289410e-19,         -3.72182261e+02],       [ -1.22464685e-16,   0.00000000e+00,  -1.00000000e+00,          1.65545074e+02],       [  0.00000000e+00,   0.00000000e+00,   0.00000000e+00,          1.00000000e+00]])),{}]
["set_obj_matrix",('Mesh 1', array([[ -9.99048934e-01,  -4.36030638e-02,   1.22348213e-16,          3.80304996e+02],       [ -4.36030638e-02,   9.99048934e-01,   5.33983548e-18,         -3.55107318e+02],       [ -1.22464685e-16,   0.00000000e+00,  -1.00000000e+00,          1.65545074e+02],       [  0.00000000e+00,   0.00000000e+00,   0.00000000e+00,          1.00000000e+00]])),{}]
["set_obj_matrix",('Mesh 1', array([[ -9.46482451e-01,  -3.22755278e-01,   1.15910675e-16,          4.64810387e+02],       [ -3.22755278e-01,   9.46482451e-01,   3.95261235e-17,         -2.33846961e+02],       [ -1.22464685e-16,   0.00000000e+00,  -1.00000000e+00,          1.65545074e+02],       [  0.00000000e+00,   0.00000000e+00,   0.00000000e+00,          1.00000000e+00]])),{}]
["set_obj_matrix",('Mesh 1', array([[ -6.46381982e-01,  -7.63013980e-01,   7.91589660e-17,          5.18926882e+02],       [ -7.63013980e-01,   6.46381982e-01,   9.34422669e-17,          3.80524448e+01],       [ -1.22464685e-16,   0.00000000e+00,  -1.00000000e+00,          1.65545074e+02],       [  0.00000000e+00,   0.00000000e+00,   0.00000000e+00,          1.00000000e+00]])),{}]
["set_obj_matrix",('Mesh 1', array([[ -1.72396228e-01,  -9.85027685e-01,   2.11124498e-17,          4.28623500e+02],       [ -9.85027685e-01,   1.72396228e-01,   1.20631105e-16,          2.94983038e+02],       [ -1.22464685e-16,   0.00000000e+00,  -1.00000000e+00,          1.65545074e+02],       [  0.00000000e+00,   0.00000000e+00,   0.00000000e+00,          1.00000000e+00]])),{}]
["set_obj_matrix",('Mesh 1', array([[  4.13970350e-01,  -9.10290365e-01,  -5.06967486e-17,          1.87162753e+02],       [ -9.10290365e-01,  -4.13970350e-01,   1.11478423e-16,          4.85492741e+02],       [ -1.22464685e-16,   0.00000000e+00,  -1.00000000e+00,          1.65545074e+02],       [  0.00000000e+00,   0.00000000e+00,   0.00000000e+00,          1.00000000e+00]])),{}]
["set_obj_matrix",('Mesh 1', array([[  4.76492184e-01,  -8.79178707e-01,  -5.83534653e-17,          1.52822697e+02],       [ -8.79178707e-01,  -4.76492184e-01,   1.07668344e-16,          4.97371411e+02],       [ -1.22464685e-16,   0.00000000e+00,  -1.00000000e+00,          1.65545074e+02],       [  0.00000000e+00,   0.00000000e+00,   0.00000000e+00,          1.00000000e+00]])),{}]
["set_obj_matrix",('Mesh 1', array([[  5.11467407e-01,  -8.59302677e-01,  -6.26366951e-17,          1.32694639e+02],       [ -8.59302677e-01,  -5.11467407e-01,   1.05234232e-16,          5.03115524e+02],       [ -1.22464685e-16,   0.00000000e+00,  -1.00000000e+00,          1.65545074e+02],       [  0.00000000e+00,   0.00000000e+00,   0.00000000e+00,          1.00000000e+00]])),{}]
["set_obj_matrix",('Mesh 1', array([[  5.59032630e-01,  -8.29145656e-01,  -6.84617550e-17,          1.04160168e+02],       [ -8.29145656e-01,  -5.59032630e-01,   1.01541062e-16,          5.09787953e+02],       [ -1.22464685e-16,   0.00000000e+00,  -1.00000000e+00,          1.65545074e+02],       [  0.00000000e+00,   0.00000000e+00,   0.00000000e+00,          1.00000000e+00]])),{}]
["set_obj_matrix",('Mesh 1', array([[  6.20580321e-01,  -7.84142886e-01,  -7.59991737e-17,          6.50166544e+01],       [ -7.84142886e-01,  -6.20580321e-01,   9.60298117e-17,          5.16242125e+02],       [ -1.22464685e-16,   0.00000000e+00,  -1.00000000e+00,          1.65545074e+02],       [  0.00000000e+00,   0.00000000e+00,   0.00000000e+00,          1.00000000e+00]])),{}]
["set_obj_matrix",('Mesh 1', array([[  6.80897167e-01,  -7.32379033e-01,  -8.33858572e-17,          2.38109920e+01],       [ -7.32379033e-01,  -6.80897167e-01,   8.96905678e-17,          5.19775080e+02],       [ -1.22464685e-16,   0.00000000e+00,  -1.00000000e+00,          1.65545074e+02],       [  0.00000000e+00,   0.00000000e+00,   0.00000000e+00,          1.00000000e+00]])),{}]
["set_obj_matrix",('Mesh 1', array([[  7.60747086e-01,  -6.49048436e-01,  -9.31646524e-17,         -3.62360605e+01],       [ -6.49048436e-01,  -7.60747086e-01,   7.94855124e-17,          5.19056881e+02],       [ -1.22464685e-16,   0.00000000e+00,  -1.00000000e+00,          1.65545074e+02],       [  0.00000000e+00,   0.00000000e+00,   0.00000000e+00,          1.00000000e+00]])),{}]
["set_obj_matrix",('Mesh 1', array([[  7.64592974e-01,  -6.44513447e-01,  -9.36356379e-17,         -3.93218084e+01],       [ -6.44513447e-01,  -7.64592974e-01,   7.89301365e-17,          5.18832239e+02],       [ -1.22464685e-16,   0.00000000e+00,  -1.00000000e+00,          1.65545074e+02],       [  0.00000000e+00,   0.00000000e+00,   0.00000000e+00,          1.00000000e+00]])),{}]
["set_obj_matrix",('Mesh 1', array([[  7.66854545e-01,  -6.41820930e-01,  -9.39126005e-17,         -4.11459312e+01],       [ -6.41820930e-01,  -7.66854545e-01,   7.86003982e-17,          5.18690765e+02],       [ -1.22464685e-16,   0.00000000e+00,  -1.00000000e+00,          1.65545074e+02],       [  0.00000000e+00,   0.00000000e+00,   0.00000000e+00,          1.00000000e+00]])),{}]
["set_obj_matrix",('Mesh 1', array([[  7.89055939e-01,  -6.14321353e-01,  -9.66314872e-17,         -5.94494651e+01],       [ -6.14321353e-01,  -7.89055939e-01,   7.52326712e-17,          5.16912815e+02],       [ -1.22464685e-16,   0.00000000e+00,  -1.00000000e+00,          1.65545074e+02],       [  0.00000000e+00,   0.00000000e+00,   0.00000000e+00,          1.00000000e+00]])),{}]
["set_obj_matrix",('Mesh 1', array([[  8.78847657e-01,  -4.77102500e-01,  -1.07627802e-16,         -1.43131415e+02],       [ -4.77102500e-01,  -8.78847657e-01,   5.84282075e-17,          5.00246435e+02],       [ -1.22464685e-16,   0.00000000e+00,  -1.00000000e+00,          1.65545074e+02],       [  0.00000000e+00,   0.00000000e+00,   0.00000000e+00,          1.00000000e+00]])),{}]
["set_obj_matrix",('Mesh 1', array([[  9.90597196e-01,  -1.36810799e-01,  -1.21313174e-16,         -3.10227621e+02],       [ -1.36810799e-01,  -9.90597196e-01,   1.67544915e-17,          4.17722300e+02],       [ -1.22464685e-16,   0.00000000e+00,  -1.00000000e+00,          1.65545074e+02],       [  0.00000000e+00,   0.00000000e+00,   0.00000000e+00,          1.00000000e+00]])),{}]
["set_obj_matrix",('Mesh 1', array([[  9.93762764e-01,  -1.11514879e-01,  -1.21700844e-16,         -3.20775035e+02],       [ -1.11514879e-01,  -9.93762764e-01,   1.36566346e-17,          4.09678501e+02],       [ -1.22464685e-16,   0.00000000e+00,  -1.00000000e+00,          1.65545074e+02],       [  0.00000000e+00,   0.00000000e+00,   0.00000000e+00,          1.00000000e+00]])),{}]
["set_obj_matrix",('Mesh 1', array([[  9.94170077e-01,  -1.07823273e-01,  -1.21750726e-16,         -3.22294369e+02],       [ -1.07823273e-01,  -9.94170077e-01,   1.32045431e-17,          4.08484317e+02],       [ -1.22464685e-16,   0.00000000e+00,  -1.00000000e+00,          1.65545074e+02],       [  0.00000000e+00,   0.00000000e+00,   0.00000000e+00,          1.00000000e+00]])),{}]
["set_obj_matrix",('Mesh 1', array([[  9.93762764e-01,  -1.11514879e-01,  -1.21700844e-16,         -3.20775035e+02],       [ -1.11514879e-01,  -9.93762764e-01,   1.36566346e-17,          4.09678501e+02],       [ -1.22464685e-16,   0.00000000e+00,  -1.00000000e+00,          1.65545074e+02],       [  0.00000000e+00,   0.00000000e+00,   0.00000000e+00,          1.00000000e+00]])),{}]
["set_obj_matrix",('Mesh 1', array([[  9.91937152e-01,  -1.26730765e-01,  -1.21477271e-16,         -3.14459222e+02],       [ -1.26730765e-01,  -9.91937152e-01,   1.55200433e-17,          4.14546131e+02],       [ -1.22464685e-16,   0.00000000e+00,  -1.00000000e+00,          1.65545074e+02],       [  0.00000000e+00,   0.00000000e+00,   0.00000000e+00,          1.00000000e+00]])),{}]
["set_obj_matrix",('Mesh 1', array([[  9.49117389e-01,  -3.14922500e-01,  -1.16233362e-16,         -2.28967765e+02],       [ -3.14922500e-01,  -9.49117389e-01,   3.85668848e-17,          4.67233197e+02],       [ -1.22464685e-16,   0.00000000e+00,  -1.00000000e+00,          1.65545074e+02],       [  0.00000000e+00,   0.00000000e+00,   0.00000000e+00,          1.00000000e+00]])),{}]
["set_obj_matrix",('Mesh 1', array([[  8.79191564e-01,  -4.76468460e-01,  -1.07669918e-16,         -1.43492208e+02],       [ -4.76468460e-01,  -8.79191564e-01,   5.83505600e-17,          5.00143063e+02],       [ -1.22464685e-16,   0.00000000e+00,  -1.00000000e+00,          1.65545074e+02],       [  0.00000000e+00,   0.00000000e+00,   0.00000000e+00,          1.00000000e+00]])),{}]
["set_obj_matrix",('Mesh 1', array([[  8.52689477e-01,  -5.22418085e-01,  -1.04424348e-16,         -1.16769782e+02],       [ -5.22418085e-01,  -8.52689477e-01,   6.39777664e-17,          5.07048238e+02],       [ -1.22464685e-16,   0.00000000e+00,  -1.00000000e+00,          1.65545074e+02],       [  0.00000000e+00,   0.00000000e+00,   0.00000000e+00,          1.00000000e+00]])),{}]
["set_obj_matrix",('Mesh 1', array([[  8.35544910e-01,  -5.49422154e-01,  -1.02324744e-16,         -1.00493265e+02],       [ -5.49422154e-01,  -8.35544910e-01,   6.72848111e-17,          5.10523458e+02],       [ -1.22464685e-16,   0.00000000e+00,  -1.00000000e+00,          1.65545074e+02],       [  0.00000000e+00,   0.00000000e+00,   0.00000000e+00,          1.00000000e+00]])),{}]
["set_obj_matrix",('Mesh 1', array([[  8.32942480e-01,  -5.53359580e-01,  -1.02006039e-16,         -9.80826128e+01],       [ -5.53359580e-01,  -8.32942480e-01,   6.77670069e-17,          5.10992073e+02],       [ -1.22464685e-16,   0.00000000e+00,  -1.00000000e+00,          1.65545074e+02],       [  0.00000000e+00,   0.00000000e+00,   0.00000000e+00,          1.00000000e+00]])),{}]
["set_obj_matrix",('Mesh 1', array([[  8.30392550e-01,  -5.57178798e-01,  -1.01693762e-16,         -9.57349923e+01],       [ -5.57178798e-01,  -8.30392550e-01,   6.82347261e-17,          5.11437101e+02],       [ -1.22464685e-16,   0.00000000e+00,  -1.00000000e+00,          1.65545074e+02],       [  0.00000000e+00,   0.00000000e+00,   0.00000000e+00,          1.00000000e+00]])),{}]
["set_obj_matrix",('Mesh 1', array([[  8.25123242e-01,  -5.64952772e-01,  -1.01048458e-16,         -9.09276615e+01],       [ -5.64952772e-01,  -8.25123242e-01,   6.91867635e-17,          5.12313632e+02],       [ -1.22464685e-16,   0.00000000e+00,  -1.00000000e+00,          1.65545074e+02],       [  0.00000000e+00,   0.00000000e+00,   0.00000000e+00,          1.00000000e+00]])),{}]
["set_obj_matrix",('Mesh 1', array([[  8.14404843e-01,  -5.80297123e-01,  -9.97358328e-17,         -8.13230827e+01],       [ -5.80297123e-01,  -8.14404843e-01,   7.10659045e-17,          5.13925728e+02],       [ -1.22464685e-16,   0.00000000e+00,  -1.00000000e+00,          1.65545074e+02],       [  0.00000000e+00,   0.00000000e+00,   0.00000000e+00,          1.00000000e+00]])),{}]
["set_obj_matrix",('Mesh 1', array([[  8.14229795e-01,  -5.80542713e-01,  -9.97143956e-17,         -8.11680845e+01],       [ -5.80542713e-01,  -8.14229795e-01,   7.10959806e-17,          5.13950230e+02],       [ -1.22464685e-16,   0.00000000e+00,  -1.00000000e+00,          1.65545074e+02],       [  0.00000000e+00,   0.00000000e+00,   0.00000000e+00,          1.00000000e+00]])),{}]
["transform_mesh",(array([[ 0.,  1.,  0.],       [ 1.,  0.,  0.],       [ 0.,  0.,  1.]], dtype=float32), array([ 0.,  0.,  0.], dtype=float32)),{'reverse': True}]
["set_obj_matrix",('Mesh 1', array([[  8.13198239e-01,  -5.81986668e-01,  -3.77273955e-04,         -8.01934526e+01],       [ -5.81986723e-01,  -8.13198285e-01,  -4.84360938e-05,          5.14101479e+02],       [ -2.78609373e-04,   2.58956579e-04,  -9.99999928e-01,          1.65550440e+02],       [  0.00000000e+00,   0.00000000e+00,   0.00000000e+00,          1.00000000e+00]])),{}]
["set_obj_matrix",('Mesh 1', array([[  7.94086384e-01,  -6.07762108e-01,  -7.21359006e-03,         -6.25244737e+01],       [ -6.07782355e-01,  -7.94103240e-01,  -8.08684878e-04,          5.16537814e+02],       [ -5.23684721e-03,   5.02645841e-03,  -9.99973655e-01,          1.65582746e+02],       [  0.00000000e+00,   0.00000000e+00,   0.00000000e+00,          1.00000000e+00]])),{}]
["set_obj_matrix",('Mesh 1', array([[  7.71303566e-01,  -6.36290249e-01,  -1.50176108e-02,         -4.23351575e+01],       [ -6.36377677e-01,  -7.71376351e-01,  -1.40642018e-03,          5.18618927e+02],       [ -1.06893384e-02,   1.06416492e-02,  -9.99886240e-01,          1.65470275e+02],       [  0.00000000e+00,   0.00000000e+00,   0.00000000e+00,          1.00000000e+00]])),{}]
["set_obj_matrix",('Mesh 1', array([[  7.34686325e-01,  -6.77873836e-01,  -2.68898885e-02,         -1.15821077e+01],       [ -6.78152937e-01,  -7.34918681e-01,  -1.76809702e-03,          5.20365562e+02],       [ -1.85633347e-02,   1.95344536e-02,  -9.99636838e-01,          1.64996380e+02],       [  0.00000000e+00,   0.00000000e+00,   0.00000000e+00,          1.00000000e+00]])),{}]
["set_obj_matrix",('Mesh 1', array([[  7.18851070e-01,  -6.94436348e-01,  -3.18009016e-02,          1.15271887e+00],       [ -6.94826197e-01,  -7.19175625e-01,  -1.72512830e-03,          5.20588962e+02],       [ -2.16724415e-02,   2.33362098e-02,  -9.99492735e-01,          1.64693878e+02],       [  0.00000000e+00,   0.00000000e+00,   0.00000000e+00,          1.00000000e+00]])),{}]
["set_obj_matrix",('Mesh 1', array([[  7.16005442e-01,  -6.97329801e-01,  -3.26704003e-02,          3.40826590e+00],       [ -6.97741177e-01,  -7.16347919e-01,  -1.70577578e-03,          5.20598075e+02],       [ -2.22138849e-02,   2.40168283e-02,  -9.99464724e-01,          1.64633826e+02],       [  0.00000000e+00,   0.00000000e+00,   0.00000000e+00,          1.00000000e+00]])),{}]
["set_obj_matrix",('Mesh 1', array([[  7.17685668e-01,  -6.95624309e-01,  -3.21574642e-02,          2.07763944e+00],       [ -6.96022916e-01,  -7.18017514e-01,  -1.71761986e-03,          5.20593807e+02],       [ -2.18948044e-02,   2.36150431e-02,  -9.99481339e-01,          1.64669488e+02],       [  0.00000000e+00,   0.00000000e+00,   0.00000000e+00,          1.00000000e+00]])),{}]
["set_obj_matrix",('Mesh 1', array([[  7.36853376e-01,  -6.75544407e-01,  -2.62079416e-02,         -1.33498411e+01],       [ -6.75809585e-01,  -7.37074140e-01,  -1.76515515e-03,          5.20311453e+02],       [ -1.81247553e-02,   1.90122387e-02,  -9.99654954e-01,          1.65033460e+02],       [  0.00000000e+00,   0.00000000e+00,   0.00000000e+00,          1.00000000e+00]])),{}]
["set_obj_matrix",('Mesh 1', array([[  7.50783268e-01,  -6.60189965e-01,  -2.17645269e-02,         -2.48642118e+01],       [ -6.60373113e-01,  -7.50935740e-01,  -1.69279823e-03,          5.19821038e+02],       [ -1.52261927e-02,   1.56436330e-02,  -9.99761692e-01,          1.65245660e+02],       [  0.00000000e+00,   0.00000000e+00,   0.00000000e+00,          1.00000000e+00]])),{}]
["set_obj_matrix",('Mesh 1', array([[  7.53509051e-01,  -6.57105798e-01,  -2.08825331e-02,         -2.71489710e+01],       [ -6.57274456e-01,  -7.53649461e-01,  -1.66746258e-03,          5.19695255e+02],       [ -1.46424105e-02,   1.49820037e-02,  -9.99780546e-01,          1.65281713e+02],       [  0.00000000e+00,   0.00000000e+00,   0.00000000e+00,          1.00000000e+00]])),{}]
["set_obj_matrix",('Mesh 1', array([[  7.63040364e-01,  -6.46106661e-01,  -1.77647151e-02,         -3.52234407e+01],       [ -6.46228861e-01,  -7.63142097e-01,  -1.54874169e-03,          5.19175039e+02],       [ -1.25563496e-02,   1.26618240e-02,  -9.99840996e-01,          1.65393039e+02],       [  0.00000000e+00,   0.00000000e+00,   0.00000000e+00,          1.00000000e+00]])),{}]
["set_obj_matrix",('Mesh 1', array([[  7.67076181e-01,  -6.41345651e-01,  -1.64282558e-02,         -3.86835875e+01],       [ -6.41450213e-01,  -7.67163230e-01,  -1.48391993e-03,          5.18915940e+02],       [ -1.16514482e-02,   1.16761878e-02,  -9.99863946e-01,          1.65433056e+02],       [  0.00000000e+00,   0.00000000e+00,   0.00000000e+00,          1.00000000e+00]])),{}]
["set_obj_matrix",('Mesh 1', array([[  7.65743459e-01,  -6.42924828e-01,  -1.68706828e-02,         -3.75381921e+01],       [ -6.43035078e-01,  -7.65835243e-01,  -1.50630520e-03,          5.19004114e+02],       [ -1.19517225e-02,   1.20018842e-02,  -9.99856545e-01,          1.65420321e+02],       [  0.00000000e+00,   0.00000000e+00,   0.00000000e+00,          1.00000000e+00]])),{}]
["set_obj_matrix",('Mesh 1', array([[  7.64395830e-01,  -6.44514653e-01,  -1.73169561e-02,         -3.63827729e+01],       [ -6.44630791e-01,  -7.64492517e-01,  -1.52795610e-03,          5.19090647e+02],       [ -1.22538933e-02,   1.23310064e-02,  -9.99848883e-01,          1.65406961e+02],       [  0.00000000e+00,   0.00000000e+00,   0.00000000e+00,          1.00000000e+00]])),{}]
["set_obj_matrix",('Mesh 1', array([[  7.61677084e-01,  -6.47700759e-01,  -1.82139416e-02,         -3.40602414e+01],       [ -6.47829194e-01,  -7.61784008e-01,  -1.56865209e-03,          5.19257262e+02],       [ -1.28590723e-02,   1.29943295e-02,  -9.99832882e-01,          1.65378549e+02],       [  0.00000000e+00,   0.00000000e+00,   0.00000000e+00,          1.00000000e+00]])),{}]
["save_ply",('%s',),{}]