["add_ply",('%s',),{}]
["add_polygon_ray",(array([ 855.56768799,  824.10516357, -670.43292236], dtype=float32), array([ 855.56768799,  824.10516357,  966.84906006], dtype=float32), array([  2.00509219e-13,   0.00000000e+00,   1.63728198e+03], dtype=float32)),{}]
["add_polygon_ray",(array([ 652.54473877,  797.90863037, -670.43292236], dtype=float32), array([ 652.54473877,  797.90863037,  966.84906006], dtype=float32), array([  2.00509219e-13,   0.00000000e+00,   1.63728198e+03], dtype=float32)),{}]
["add_polygon_ray",(array([ 479.95999146,  844.20654297, -537.06384277], dtype=float32), array([ 503.35137939,  832.97113037,  841.53216553], dtype=float32), array([   23.39139366,   -11.23542213,  1378.59594727], dtype=float32)),{}]
["add_polygon_ray",(array([ 204.15203857,  764.47338867, -533.03387451], dtype=float32), array([ 227.54342651,  753.23797607,  845.56213379], dtype=float32), array([   23.39139366,   -11.23542213,  1378.59594727], dtype=float32)),{}]
["add_polygon_ray",(array([  77.16308594,  610.15740967, -532.13684082], dtype=float32), array([ 100.55450439,  598.92199707,  846.45916748], dtype=float32), array([   23.39139366,   -11.23542213,  1378.59594727], dtype=float32)),{}]
["add_polygon_ray",(array([  74.1116333 ,  315.09786987, -534.48974609], dtype=float32), array([  97.50299072,  303.86245728,  844.10620117], dtype=float32), array([   23.39139366,   -11.23542213,  1378.59594727], dtype=float32)),{}]
["add_polygon_ray",(array([ 173.21154785,  152.31494141, -537.4979248 ], dtype=float32), array([ 196.60293579,  141.07952881,  841.0980835 ], dtype=float32), array([   23.39139366,   -11.23542213,  1378.59594727], dtype=float32)),{}]
["add_polygon_ray",(array([ 350.6947937 ,  101.94714355, -540.91986084], dtype=float32), array([ 374.08621216,   90.71173096,  837.67614746], dtype=float32), array([   23.39139366,   -11.23542213,  1378.59594727], dtype=float32)),{}]
["add_polygon_ray",(array([ 574.13232422,  114.08197021, -544.61212158], dtype=float32), array([ 597.52374268,  102.84649658,  833.98382568], dtype=float32), array([   23.39139366,   -11.23542213,  1378.59594727], dtype=float32)),{}]
["add_polygon_ray",(array([ 851.74414062,  362.97521973, -547.29406738], dtype=float32), array([ 875.13555908,  351.73980713,  831.30187988], dtype=float32), array([   23.39139366,   -11.23542213,  1378.59594727], dtype=float32)),{}]
["add_polygon_ray",(array([ 873.43469238,  679.94641113, -545.07879639], dtype=float32), array([ 896.8260498 ,  668.71099854,  833.51715088], dtype=float32), array([   23.39139366,   -11.23542213,  1378.59594727], dtype=float32)),{}]
["select_region_polygon",(),{}]
["crop_selection",(),{}]
["set_obj_matrix",('Mesh 1', array([[ -9.99991659e-01,   4.08437710e-03,   1.22463664e-16,          6.95217448e+02],       [  4.08437710e-03,   9.99991659e-01,  -5.00191955e-19,         -7.77832713e+02],       [ -1.22464685e-16,   0.00000000e+00,  -1.00000000e+00,          1.48208084e+02],       [  0.00000000e+00,   0.00000000e+00,   0.00000000e+00,          1.00000000e+00]])),{}]
["set_obj_matrix",('Mesh 1', array([[ -9.99102512e-01,   4.23576435e-02,   1.22354775e-16,          6.64935206e+02],       [  4.23576435e-02,   9.99102512e-01,  -5.18731548e-18,         -8.03873249e+02],       [ -1.22464685e-16,   0.00000000e+00,  -1.00000000e+00,          1.48208084e+02],       [  0.00000000e+00,   0.00000000e+00,   0.00000000e+00,          1.00000000e+00]])),{}]
["set_obj_matrix",('Mesh 1', array([[ -9.47528522e-01,   3.19671239e-01,   1.16038782e-16,          4.14002171e+02],       [  3.19671239e-01,   9.47528522e-01,  -3.91484376e-17,         -9.57576749e+02],       [ -1.22464685e-16,   0.00000000e+00,  -1.00000000e+00,          1.48208084e+02],       [  0.00000000e+00,   0.00000000e+00,   0.00000000e+00,          1.00000000e+00]])),{}]
["set_obj_matrix",('Mesh 1', array([[ -8.35042585e-01,   5.50185316e-01,   1.02263227e-16,          1.56797931e+02],       [  5.50185316e-01,   8.35042585e-01,  -6.73782715e-17,         -1.03139005e+03],       [ -1.22464685e-16,   0.00000000e+00,  -1.00000000e+00,          1.48208084e+02],       [  0.00000000e+00,   0.00000000e+00,   0.00000000e+00,          1.00000000e+00]])),{}]
["set_obj_matrix",('Mesh 1', array([[ -5.24422494e-01,   8.51458189e-01,   6.42232357e-17,         -2.93618070e+02],       [  8.51458189e-01,   5.24422494e-01,  -1.04273559e-16,         -1.00106916e+03],       [ -1.22464685e-16,   0.00000000e+00,  -1.00000000e+00,          1.48208084e+02],       [  0.00000000e+00,   0.00000000e+00,   0.00000000e+00,          1.00000000e+00]])),{}]
["set_obj_matrix",('Mesh 1', array([[ -2.48903704e-01,   9.68528237e-01,   3.04819138e-17,         -5.76764985e+02],       [  9.68528237e-01,   2.48903704e-01,  -1.18610506e-16,         -8.69306149e+02],       [ -1.22464685e-16,   0.00000000e+00,  -1.00000000e+00,          1.48208084e+02],       [  0.00000000e+00,   0.00000000e+00,   0.00000000e+00,          1.00000000e+00]])),{}]
["set_obj_matrix",('Mesh 1', array([[  1.75858017e-01,   9.84415541e-01,  -2.15363967e-17,         -8.85726182e+02],       [  9.84415541e-01,  -1.75858017e-01,  -1.20556139e-16,         -5.51216979e+02],       [ -1.22464685e-16,   0.00000000e+00,  -1.00000000e+00,          1.48208084e+02],       [  0.00000000e+00,   0.00000000e+00,   0.00000000e+00,          1.00000000e+00]])),{}]
["set_obj_matrix",('Mesh 1', array([[  3.34526726e-01,   9.42386264e-01,  -4.09677102e-17,         -9.63966470e+02],       [  9.42386264e-01,  -3.34526726e-01,  -1.15409037e-16,         -3.98898072e+02],       [ -1.22464685e-16,   0.00000000e+00,  -1.00000000e+00,          1.48208084e+02],       [  0.00000000e+00,   0.00000000e+00,   0.00000000e+00,          1.00000000e+00]])),{}]
["set_obj_matrix",('Mesh 1', array([[  3.93432592e-01,   9.19353466e-01,  -4.81815986e-17,         -9.87255545e+02],       [  9.19353466e-01,  -3.93432592e-01,  -1.12588333e-16,         -3.37160966e+02],       [ -1.22464685e-16,   0.00000000e+00,  -1.00000000e+00,          1.48208084e+02],       [  0.00000000e+00,   0.00000000e+00,   0.00000000e+00,          1.00000000e+00]])),{}]
["set_obj_matrix",('Mesh 1', array([[  5.21609667e-01,   8.53184245e-01,  -6.38787637e-17,         -1.02549269e+03],       [  8.53184245e-01,  -5.21609667e-01,  -1.04484940e-16,         -1.91613608e+02],       [ -1.22464685e-16,   0.00000000e+00,  -1.00000000e+00,          1.48208084e+02],       [  0.00000000e+00,   0.00000000e+00,   0.00000000e+00,          1.00000000e+00]])),{}]
["set_obj_matrix",('Mesh 1', array([[  5.93468925e-01,   8.04856904e-01,  -7.26789851e-17,         -1.03822533e+03],       [  8.04856904e-01,  -5.93468925e-01,  -9.85665474e-17,         -1.02172375e+02],       [ -1.22464685e-16,   0.00000000e+00,  -1.00000000e+00,          1.48208084e+02],       [  0.00000000e+00,   0.00000000e+00,   0.00000000e+00,          1.00000000e+00]])),{}]
["set_obj_matrix",('Mesh 1', array([[  6.54252811e-01,   7.56275915e-01,  -8.01228646e-17,         -1.04302648e+03],       [  7.56275915e-01,  -6.54252811e-01,  -9.26170919e-17,         -2.11372623e+01],       [ -1.22464685e-16,   0.00000000e+00,  -1.00000000e+00,          1.48208084e+02],       [  0.00000000e+00,   0.00000000e+00,   0.00000000e+00,          1.00000000e+00]])),{}]
["set_obj_matrix",('Mesh 1', array([[  6.64401987e-01,   7.47375408e-01,  -8.13657802e-17,         -1.04321678e+03],       [  7.47375408e-01,  -6.64401987e-01,  -9.15270941e-17,         -7.05577344e+00],       [ -1.22464685e-16,   0.00000000e+00,  -1.00000000e+00,          1.48208084e+02],       [  0.00000000e+00,   0.00000000e+00,   0.00000000e+00,          1.00000000e+00]])),{}]
["set_obj_matrix",('Mesh 1', array([[  6.54356008e-01,   7.56186627e-01,  -8.01355026e-17,         -1.04302936e+03],       [  7.56186627e-01,  -6.54356008e-01,  -9.26061572e-17,         -2.09949277e+01],       [ -1.22464685e-16,   0.00000000e+00,  -1.00000000e+00,          1.48208084e+02],       [  0.00000000e+00,   0.00000000e+00,   0.00000000e+00,          1.00000000e+00]])),{}]
["set_obj_matrix",('Mesh 1', array([[  6.17849624e-01,   7.86296281e-01,  -7.56647598e-17,         -1.04086830e+03],       [  7.86296281e-01,  -6.17849624e-01,  -9.62935266e-17,         -7.03151296e+01],       [ -1.22464685e-16,   0.00000000e+00,  -1.00000000e+00,          1.48208084e+02],       [  0.00000000e+00,   0.00000000e+00,   0.00000000e+00,          1.00000000e+00]])),{}]
["set_obj_matrix",('Mesh 1', array([[  5.43811529e-01,   8.39207377e-01,  -6.65977077e-17,         -1.03016633e+03],       [  8.39207377e-01,  -5.43811529e-01,  -1.02773267e-16,         -1.64646175e+02],       [ -1.22464685e-16,   0.00000000e+00,  -1.00000000e+00,          1.48208084e+02],       [  0.00000000e+00,   0.00000000e+00,   0.00000000e+00,          1.00000000e+00]])),{}]
["set_obj_matrix",('Mesh 1', array([[  4.77193396e-01,   8.78798306e-01,  -5.84393390e-17,         -1.01432343e+03],       [  8.78798306e-01,  -4.77193396e-01,  -1.07621758e-16,         -2.43924196e+02],       [ -1.22464685e-16,   0.00000000e+00,  -1.00000000e+00,          1.48208084e+02],       [  0.00000000e+00,   0.00000000e+00,   0.00000000e+00,          1.00000000e+00]])),{}]
["set_obj_matrix",('Mesh 1', array([[  4.09463953e-01,   9.12326296e-01,  -5.01448742e-17,         -9.93005702e+02],       [  9.12326296e-01,  -4.09463953e-01,  -1.11727753e-16,         -3.19829179e+02],       [ -1.22464685e-16,   0.00000000e+00,  -1.00000000e+00,          1.48208084e+02],       [  0.00000000e+00,   0.00000000e+00,   0.00000000e+00,          1.00000000e+00]])),{}]
["set_obj_matrix",('Mesh 1', array([[  3.85348174e-01,   9.22771253e-01,  -4.71915429e-17,         -9.84258219e+02],       [  9.22771253e-01,  -3.85348174e-01,  -1.13006891e-16,         -3.45813226e+02],       [ -1.22464685e-16,   0.00000000e+00,  -1.00000000e+00,          1.48208084e+02],       [  0.00000000e+00,   0.00000000e+00,   0.00000000e+00,          1.00000000e+00]])),{}]
["set_obj_matrix",('Mesh 1', array([[  3.83043802e-01,   9.23730180e-01,  -4.69093387e-17,         -9.83392028e+02],       [  9.23730180e-01,  -3.83043802e-01,  -1.13124326e-16,         -3.48268787e+02],       [ -1.22464685e-16,   0.00000000e+00,  -1.00000000e+00,          1.48208084e+02],       [  0.00000000e+00,   0.00000000e+00,   0.00000000e+00,          1.00000000e+00]])),{}]
["set_obj_matrix",('Mesh 1', array([[  3.85348174e-01,   9.22771253e-01,  -4.71915429e-17,         -9.84258219e+02],       [  9.22771253e-01,  -3.85348174e-01,  -1.13006891e-16,         -3.45813226e+02],       [ -1.22464685e-16,   0.00000000e+00,  -1.00000000e+00,          1.48208084e+02],       [  0.00000000e+00,   0.00000000e+00,   0.00000000e+00,          1.00000000e+00]])),{}]
["set_obj_matrix",('Mesh 1', array([[  3.94169664e-01,   9.19037690e-01,  -4.82718638e-17,         -9.87525586e+02],       [  9.19037690e-01,  -3.94169664e-01,  -1.12549661e-16,         -3.36369211e+02],       [ -1.22464685e-16,   0.00000000e+00,  -1.00000000e+00,          1.48208084e+02],       [  0.00000000e+00,   0.00000000e+00,   0.00000000e+00,          1.00000000e+00]])),{}]
["set_obj_matrix",('Mesh 1', array([[  4.23038324e-01,   9.06111790e-01,  -5.18072552e-17,         -9.97669729e+02],       [  9.06111790e-01,  -4.23038324e-01,  -1.10966695e-16,         -3.04969082e+02],       [ -1.22464685e-16,   0.00000000e+00,  -1.00000000e+00,          1.48208084e+02],       [  0.00000000e+00,   0.00000000e+00,   0.00000000e+00,          1.00000000e+00]])),{}]
["set_obj_matrix",('Mesh 1', array([[  4.45518270e-01,   8.95272847e-01,  -5.45602547e-17,         -1.00496943e+03],       [  8.95272847e-01,  -4.45518270e-01,  -1.09639307e-16,         -2.79977629e+02],       [ -1.22464685e-16,   0.00000000e+00,  -1.00000000e+00,          1.48208084e+02],       [  0.00000000e+00,   0.00000000e+00,   0.00000000e+00,          1.00000000e+00]])),{}]
["set_obj_matrix",('Mesh 1', array([[  4.70072181e-01,   8.82627977e-01,  -5.75672416e-17,         -1.01231800e+03],       [  8.82627977e-01,  -4.70072181e-01,  -1.08090757e-16,         -2.52117641e+02],       [ -1.22464685e-16,   0.00000000e+00,  -1.00000000e+00,          1.48208084e+02],       [  0.00000000e+00,   0.00000000e+00,   0.00000000e+00,          1.00000000e+00]])),{}]
["set_obj_matrix",('Mesh 1', array([[  4.74608932e-01,   8.80196775e-01,  -5.81228335e-17,         -1.01360226e+03],       [  8.80196775e-01,  -4.74608932e-01,  -1.07793021e-16,         -2.46903795e+02],       [ -1.22464685e-16,   0.00000000e+00,  -1.00000000e+00,          1.48208084e+02],       [  0.00000000e+00,   0.00000000e+00,   0.00000000e+00,          1.00000000e+00]])),{}]
["set_obj_matrix",('Mesh 1', array([[  4.70072181e-01,   8.82627977e-01,  -5.75672416e-17,         -1.01231800e+03],       [  8.82627977e-01,  -4.70072181e-01,  -1.08090757e-16,         -2.52117641e+02],       [ -1.22464685e-16,   0.00000000e+00,  -1.00000000e+00,          1.48208084e+02],       [  0.00000000e+00,   0.00000000e+00,   0.00000000e+00,          1.00000000e+00]])),{}]
["set_obj_matrix",('Mesh 1', array([[  4.68215624e-01,   8.83614242e-01,  -5.73398791e-17,         -1.01178574e+03],       [  8.83614242e-01,  -4.68215624e-01,  -1.08211540e-16,         -2.54245244e+02],       [ -1.22464685e-16,   0.00000000e+00,  -1.00000000e+00,          1.48208084e+02],       [  0.00000000e+00,   0.00000000e+00,   0.00000000e+00,          1.00000000e+00]])),{}]
["save_ply",('%s',),{}]