["add_ply",('%s',),{}]
["add_polygon_ray",(array([ 275.82928467,  212.79428101,  -27.75587463], dtype=float32), array([ 116.34884644,  200.86053467,  238.48666382], dtype=float32), array([-159.48042297,  -11.93375301,  266.24252319], dtype=float32)),{}]
["add_polygon_ray",(array([ 237.50418091,  207.8974762 ,  -50.93225861], dtype=float32), array([  78.02375793,  195.9637146 ,  215.31027222], dtype=float32), array([-159.48042297,  -11.93375301,  266.24252319], dtype=float32)),{}]
["add_polygon_ray",(array([ 206.55683899,  172.24455261,  -71.23400116], dtype=float32), array([  45.08296967,  160.7718811 ,  193.824646  ], dtype=float32), array([-161.47387695,  -11.47265911,  265.05862427], dtype=float32)),{}]
["add_polygon_ray",(array([ 209.76150513,  139.70907593,  -70.78404999], dtype=float32), array([  46.20417023,  128.64912415,  193.01168823], dtype=float32), array([-163.55732727,  -11.05994606,  263.79574585], dtype=float32)),{}]
["add_polygon_ray",(array([ 154.46801758,   56.81838989, -108.54213715], dtype=float32), array([  -9.08930969,   45.75844574,  155.25360107], dtype=float32), array([-163.55732727,  -11.05994606,  263.79574585], dtype=float32)),{}]
["add_polygon_ray",(array([ 218.50576782,   19.62732697,  -70.39704132], dtype=float32), array([  54.94843292,    8.56738281,  193.39868164], dtype=float32), array([-163.55732727,  -11.05994606,  263.79574585], dtype=float32)),{}]
["add_polygon_ray",(array([ 288.14672852,   52.17995834,  -25.85379791], dtype=float32), array([ 124.58940125,   41.12001038,  237.94192505], dtype=float32), array([-163.55732727,  -11.05994606,  263.79574585], dtype=float32)),{}]
["add_polygon_ray",(array([ 320.97412109,  153.21342468,    1.67556   ], dtype=float32), array([ 151.37240601,  145.09016418,  261.73474121], dtype=float32), array([-169.60173035,   -8.12325001,  260.05917358], dtype=float32)),{}]
["add_polygon_ray",(array([ 306.89242554,  200.59030151,   -6.02817535], dtype=float32), array([ 137.29069519,  192.46705627,  254.03100586], dtype=float32), array([-169.60173035,   -8.12325001,  260.05917358], dtype=float32)),{}]
["select_region_polygon",(),{}]
["crop_selection",(),{}]
["set_obj_matrix",('Mesh 1', array([[ -9.99997561e-01,   2.20771032e-03,   7.05513372e-05,          1.34364189e+02],       [  2.20780962e-03,   9.99996526e-01,   1.43974965e-03,         -1.13887379e+02],       [ -6.73725420e-05,   1.43990190e-03,  -9.99998961e-01,          6.42072179e+01],       [  0.00000000e+00,   0.00000000e+00,   0.00000000e+00,          1.00000000e+00]])),{}]
["set_obj_matrix",('Mesh 1', array([[ -9.99671487e-01,   2.56103392e-02,   1.01421359e-03,          1.31603409e+02],       [  2.56237106e-02,   9.99532220e-01,   1.66962987e-02,         -1.17968858e+02],       [ -5.86141290e-04,   1.67168016e-02,  -9.99860093e-01,          6.25342206e+01],       [  0.00000000e+00,   0.00000000e+00,   0.00000000e+00,          1.00000000e+00]])),{}]
["set_obj_matrix",('Mesh 1', array([[ -9.97254684e-01,   7.39343454e-02,   4.09982664e-03,          1.25594791e+02],       [  7.40460869e-02,   9.96090859e-01,   4.81682266e-02,         -1.26122458e+02],       [ -5.22513542e-04,   4.83395657e-02,  -9.98830823e-01,          5.88702925e+01],       [  0.00000000e+00,   0.00000000e+00,   0.00000000e+00,          1.00000000e+00]])),{}]
["set_obj_matrix",('Mesh 1', array([[ -9.45403825e-01,   3.22683241e-01,   4.56851483e-02,          8.77056726e+01],       [  3.24905448e-01,   9.22258812e-01,   2.09463918e-01,         -1.61894525e+02],       [  2.54569656e-02,   2.12871343e-01,  -9.76748552e-01,          3.52776831e+01],       [  0.00000000e+00,   0.00000000e+00,   0.00000000e+00,          1.00000000e+00]])),{}]
["set_obj_matrix",('Mesh 1', array([[ -8.10569935e-01,   5.68342120e-01,   1.41292653e-01,          3.55191630e+01],       [  5.76052417e-01,   7.30264651e-01,   3.67256248e-01,         -1.84068678e+02],       [  1.05546165e-01,   3.79078848e-01,  -9.19325423e-01,          1.93605629e+00],       [  0.00000000e+00,   0.00000000e+00,   0.00000000e+00,          1.00000000e+00]])),{}]
["set_obj_matrix",('Mesh 1', array([[  -0.6556807 ,    0.71354883,    0.24684183,   -8.60594142],       [   0.72756352,    0.50971307,    0.45917744, -185.34910371],       [   0.20182702,    0.48066689,   -0.85336111,  -26.80083665],       [   0.        ,    0.        ,    0.        ,    1.        ]])),{}]
["set_obj_matrix",('Mesh 1', array([[  -0.62492241,    0.73341935,    0.26752202,  -16.33288461],       [   0.74868599,    0.46591538,    0.47158472, -184.02021111],       [   0.22122674,    0.49499385,   -0.84026176,  -31.88159503],       [   0.        ,    0.        ,    0.        ,    1.        ]])),{}]
["set_obj_matrix",('Mesh 1', array([[  -0.61287326,    0.74056012,    0.27560311,  -19.28551126],       [   0.75631718,    0.44875822,    0.4760256 , -183.38604092],       [   0.22884641,    0.50018673,   -0.83513026,  -33.82700649],       [   0.        ,    0.        ,    0.        ,    1.        ]])),{}]
["set_obj_matrix",('Mesh 1', array([[  -0.5538143 ,    0.7707307 ,    0.31506177,  -33.19992861],       [   0.78889162,    0.36466233,    0.4946427 , -179.424719  ],       [   0.26634516,    0.52248979,   -0.8099782 ,  -43.02525152],       [   0.        ,    0.        ,    0.        ,    1.        ]])),{}]
["set_obj_matrix",('Mesh 1', array([[  -0.51892498,    0.7850448 ,    0.33826251,  -41.01457459],       [   0.80462581,    0.31498234,    0.5033522 , -176.46483354],       [   0.28860731,    0.53337677,   -0.79511951,  -48.21415262],       [   0.        ,    0.        ,    0.        ,    1.        ]])),{}]
["set_obj_matrix",('Mesh 1', array([[  -0.53606852,    0.77832203,    0.32687208,  -37.21059036],       [   0.79720525,    0.33939356,    0.49927527, -177.97410555],       [   0.27765866,    0.5282299 ,   -0.80242061,  -45.68617995],       [   0.        ,    0.        ,    0.        ,    1.        ]])),{}]
["set_obj_matrix",('Mesh 1', array([[  -0.54200114,    0.77585666,    0.32292602,  -35.87815302],       [   0.7944984 ,    0.34784121,    0.49777383, -178.47186491],       [   0.27387416,    0.52635819,   -0.8049472 ,  -44.80166166],       [   0.        ,    0.        ,    0.        ,    1.        ]])),{}]
["set_obj_matrix",('Mesh 1', array([[  -0.54791689,    0.77332603,    0.31898893,  -34.54115906],       [   0.79172699,    0.35626482,    0.49622953, -178.95544775],       [   0.27010268,    0.52444468,   -0.8074666 ,  -43.91461451],       [   0.        ,    0.        ,    0.        ,    1.        ]])),{}]
["set_obj_matrix",('Mesh 1', array([[  -0.54780949,    0.77337262,    0.31906042,  -34.56550683],       [   0.79177795,    0.35611189,    0.49625799, -178.94678268],       [   0.27017113,    0.52447984,   -0.80742086,  -43.93076396],       [   0.        ,    0.        ,    0.        ,    1.        ]])),{}]
["save_ply",('%s',),{}]