["add_ply",('%s',),{}]
["add_polygon_ray",(array([ 357.6940918 ,  417.36550903, -234.80963135], dtype=float32), array([ 357.6940918 ,  417.36550903,  388.79962158], dtype=float32), array([  7.63701101e-14,   0.00000000e+00,   6.23609253e+02], dtype=float32)),{}]
["add_polygon_ray",(array([ 275.37768555,  451.04040527, -234.80963135], dtype=float32), array([ 275.37768555,  451.04040527,  388.79962158], dtype=float32), array([  7.63701101e-14,   0.00000000e+00,   6.23609253e+02], dtype=float32)),{}]
["add_polygon_ray",(array([ 148.16137695,  421.10717773, -234.80963135], dtype=float32), array([ 148.16139221,  421.10717773,  388.79962158], dtype=float32), array([  7.63701101e-14,   0.00000000e+00,   6.23609253e+02], dtype=float32)),{}]
["add_polygon_ray",(array([  85.80046082,  350.01571655, -234.80963135], dtype=float32), array([  85.80046082,  350.01571655,  388.79962158], dtype=float32), array([  7.63701101e-14,   0.00000000e+00,   6.23609253e+02], dtype=float32)),{}]
["add_polygon_ray",(array([ 132.10456848,  291.05279541,  -79.84048462], dtype=float32), array([ 132.10456848,  291.05279541,  233.83047485], dtype=float32), array([  3.84136150e-14,   0.00000000e+00,   3.13670959e+02], dtype=float32)),{}]
["add_polygon_ray",(array([  93.20936584,  249.64820862,  -79.84048462], dtype=float32), array([  93.20936584,  249.64820862,  233.83047485], dtype=float32), array([  3.84136150e-14,   0.00000000e+00,   3.13670959e+02], dtype=float32)),{}]
["add_polygon_ray",(array([  66.23365784,  217.02642822,  -79.84048462], dtype=float32), array([  66.23365784,  217.02642822,  233.83047485], dtype=float32), array([  3.84136150e-14,   0.00000000e+00,   3.13670959e+02], dtype=float32)),{}]
["add_polygon_ray",(array([  18.57449341,  173.23797607, -144.14303589], dtype=float32), array([  18.57449341,  173.23797607,  298.13302612], dtype=float32), array([  5.41631999e-14,   0.00000000e+00,   4.42276062e+02], dtype=float32)),{}]
["add_polygon_ray",(array([  80.4931488 ,   66.20715332, -144.14303589], dtype=float32), array([  80.4931488 ,   66.20715332,  298.13302612], dtype=float32), array([  5.41631999e-14,   0.00000000e+00,   4.42276062e+02], dtype=float32)),{}]
["add_polygon_ray",(array([ 189.2930603 ,   34.36328125, -144.14303589], dtype=float32), array([ 189.2930603 ,   34.36328125,  298.13302612], dtype=float32), array([  5.41631999e-14,   0.00000000e+00,   4.42276062e+02], dtype=float32)),{}]
["add_polygon_ray",(array([ 333.47503662,   41.43969727, -144.14303589], dtype=float32), array([ 333.47506714,   41.43969727,  298.13302612], dtype=float32), array([  5.41631999e-14,   0.00000000e+00,   4.42276062e+02], dtype=float32)),{}]
["add_polygon_ray",(array([ 422.81481934,  142.27864075, -144.14303589], dtype=float32), array([ 422.81481934,  142.27864075,  298.13302612], dtype=float32), array([  5.41631999e-14,   0.00000000e+00,   4.42276062e+02], dtype=float32)),{}]
["add_polygon_ray",(array([ 450.00152588,  281.81463623, -185.59185791], dtype=float32), array([ 450.00152588,  281.81463623,  339.58184814], dtype=float32), array([  6.43152320e-14,   0.00000000e+00,   5.25173706e+02], dtype=float32)),{}]
["add_polygon_ray",(array([ 407.98760986,  373.19488525, -185.59185791], dtype=float32), array([ 407.98760986,  373.19488525,  339.58184814], dtype=float32), array([  6.43152320e-14,   0.00000000e+00,   5.25173706e+02], dtype=float32)),{}]
["select_region_polygon",(),{}]
["crop_selection",(),{}]
["set_obj_matrix",('Mesh 1', array([[ -9.99990809e-01,   4.28744561e-03,   1.22463560e-16,          2.09474228e+02],       [  4.28744561e-03,   9.99990809e-01,  -5.25060677e-19,         -2.44902497e+02],       [ -1.22464685e-16,   0.00000000e+00,  -1.00000000e+00,          7.69949951e+01],       [  0.00000000e+00,   0.00000000e+00,   0.00000000e+00,          1.00000000e+00]])),{}]
["set_obj_matrix",('Mesh 1', array([[ -9.99511484e-01,   3.12536985e-02,   1.22404859e-16,          2.02793496e+02],       [  3.12536985e-02,   9.99511484e-01,  -3.82747435e-18,         -2.50462538e+02],       [ -1.22464685e-16,   0.00000000e+00,  -1.00000000e+00,          7.69949951e+01],       [  0.00000000e+00,   0.00000000e+00,   0.00000000e+00,          1.00000000e+00]])),{}]
["set_obj_matrix",('Mesh 1', array([[ -9.90777665e-01,   1.35497673e-01,   1.21335275e-16,          1.75519079e+02],       [  1.35497673e-01,   9.90777665e-01,  -1.65936799e-17,         -2.70277150e+02],       [ -1.22464685e-16,   0.00000000e+00,  -1.00000000e+00,          7.69949951e+01],       [  0.00000000e+00,   0.00000000e+00,   0.00000000e+00,          1.00000000e+00]])),{}]
["set_obj_matrix",('Mesh 1', array([[ -9.30439167e-01,   3.66446390e-01,   1.13945940e-16,          1.06464499e+02],       [  3.66446390e-01,   9.30439167e-01,  -4.48767419e-17,         -3.04174284e+02],       [ -1.22464685e-16,   0.00000000e+00,  -1.00000000e+00,          7.69949951e+01],       [  0.00000000e+00,   0.00000000e+00,   0.00000000e+00,          1.00000000e+00]])),{}]
["set_obj_matrix",('Mesh 1', array([[ -7.90733965e-01,   6.12159944e-01,   9.68369861e-17,          1.70988055e+01],       [  6.12159944e-01,   7.90733965e-01,  -7.49679749e-17,         -3.21814101e+02],       [ -1.22464685e-16,   0.00000000e+00,  -1.00000000e+00,          7.69949951e+01],       [  0.00000000e+00,   0.00000000e+00,   0.00000000e+00,          1.00000000e+00]])),{}]
["set_obj_matrix",('Mesh 1', array([[ -6.55918705e-01,   7.54831539e-01,   8.03268777e-17,         -4.60949883e+01],       [  7.54831539e-01,   6.55918705e-01,  -9.24402069e-17,         -3.18954443e+02],       [ -1.22464685e-16,   0.00000000e+00,  -1.00000000e+00,          7.69949951e+01],       [  0.00000000e+00,   0.00000000e+00,   0.00000000e+00,          1.00000000e+00]])),{}]
["set_obj_matrix",('Mesh 1', array([[ -4.59793570e-01,   8.88025829e-01,   5.63084749e-17,         -1.19883396e+02],       [  8.88025829e-01,   4.59793570e-01,  -1.08751804e-16,         -2.99139861e+02],       [ -1.22464685e-16,   0.00000000e+00,  -1.00000000e+00,          7.69949951e+01],       [  0.00000000e+00,   0.00000000e+00,   0.00000000e+00,          1.00000000e+00]])),{}]
["set_obj_matrix",('Mesh 1', array([[ -1.25436766e-01,   9.92101617e-01,   1.53615740e-17,         -2.15667676e+02],       [  9.92101617e-01,   1.25436766e-01,  -1.21497412e-16,         -2.39466361e+02],       [ -1.22464685e-16,   0.00000000e+00,  -1.00000000e+00,          7.69949951e+01],       [  0.00000000e+00,   0.00000000e+00,   0.00000000e+00,          1.00000000e+00]])),{}]
["set_obj_matrix",('Mesh 1', array([[  1.53505250e-01,   9.88147832e-01,  -1.87989721e-17,         -2.73426462e+02],       [  9.88147832e-01,  -1.53505250e-01,  -1.21013213e-16,         -1.70571554e+02],       [ -1.22464685e-16,   0.00000000e+00,  -1.00000000e+00,          7.69949951e+01],       [  0.00000000e+00,   0.00000000e+00,   0.00000000e+00,          1.00000000e+00]])),{}]
["set_obj_matrix",('Mesh 1', array([[  1.84514212e-01,   9.82829846e-01,  -2.25964749e-17,         -2.78656940e+02],       [  9.82829846e-01,  -1.84514212e-01,  -1.20361948e-16,         -1.61885746e+02],       [ -1.22464685e-16,   0.00000000e+00,  -1.00000000e+00,          7.69949951e+01],       [  0.00000000e+00,   0.00000000e+00,   0.00000000e+00,          1.00000000e+00]])),{}]
["set_obj_matrix",('Mesh 1', array([[  1.91215954e-01,   9.81547991e-01,  -2.34172016e-17,         -2.79755031e+02],       [  9.81547991e-01,  -1.91215954e-01,  -1.20204966e-16,         -1.59980648e+02],       [ -1.22464685e-16,   0.00000000e+00,  -1.00000000e+00,          7.69949951e+01],       [  0.00000000e+00,   0.00000000e+00,   0.00000000e+00,          1.00000000e+00]])),{}]
["set_obj_matrix",('Mesh 1', array([[  1.89263595e-01,   9.81926317e-01,  -2.31781066e-17,         -2.79436328e+02],       [  9.81926317e-01,  -1.89263595e-01,  -1.20251297e-16,         -1.60536673e+02],       [ -1.22464685e-16,   0.00000000e+00,  -1.00000000e+00,          7.69949951e+01],       [  0.00000000e+00,   0.00000000e+00,   0.00000000e+00,          1.00000000e+00]])),{}]
["set_obj_matrix",('Mesh 1', array([[  1.84890233e-01,   9.82759178e-01,  -2.26425242e-17,         -2.78718858e+02],       [  9.82759178e-01,  -1.84890233e-01,  -1.20353293e-16,         -1.61779119e+02],       [ -1.22464685e-16,   0.00000000e+00,  -1.00000000e+00,          7.69949951e+01],       [  0.00000000e+00,   0.00000000e+00,   0.00000000e+00,          1.00000000e+00]])),{}]
["set_obj_matrix",('Mesh 1', array([[  1.87283422e-01,   9.82305920e-01,  -2.29356053e-17,         -2.79112081e+02],       [  9.82305920e-01,  -1.87283422e-01,  -1.20297785e-16,         -1.61099755e+02],       [ -1.22464685e-16,   0.00000000e+00,  -1.00000000e+00,          7.69949951e+01],       [  0.00000000e+00,   0.00000000e+00,   0.00000000e+00,          1.00000000e+00]])),{}]
["set_obj_matrix",('Mesh 1', array([[  1.89697008e-01,   9.81842678e-01,  -2.32311844e-17,         -2.79507163e+02],       [  9.81842678e-01,  -1.89697008e-01,  -1.20241055e-16,         -1.60413312e+02],       [ -1.22464685e-16,   0.00000000e+00,  -1.00000000e+00,          7.69949951e+01],       [  0.00000000e+00,   0.00000000e+00,   0.00000000e+00,          1.00000000e+00]])),{}]
["set_obj_matrix",('Mesh 1', array([[  2.11657866e-01,   9.77343823e-01,  -2.59206140e-17,         -2.83032683e+02],       [  9.77343823e-01,  -2.11657866e-01,  -1.19690104e-16,         -1.54107706e+02],       [ -1.22464685e-16,   0.00000000e+00,  -1.00000000e+00,          7.69949951e+01],       [  0.00000000e+00,   0.00000000e+00,   0.00000000e+00,          1.00000000e+00]])),{}]
["set_obj_matrix",('Mesh 1', array([[  2.74177629e-01,   9.61679067e-01,  -3.35770770e-17,         -2.92372254e+02],       [  9.61679067e-01,  -2.74177629e-01,  -1.17771724e-16,         -1.35554970e+02],       [ -1.22464685e-16,   0.00000000e+00,  -1.00000000e+00,          7.69949951e+01],       [  0.00000000e+00,   0.00000000e+00,   0.00000000e+00,          1.00000000e+00]])),{}]
["set_obj_matrix",('Mesh 1', array([[  2.88588673e-01,   9.57453173e-01,  -3.53419210e-17,         -2.94374973e+02],       [  9.57453173e-01,  -2.88588673e-01,  -1.17254201e-16,         -1.31148999e+02],       [ -1.22464685e-16,   0.00000000e+00,  -1.00000000e+00,          7.69949951e+01],       [  0.00000000e+00,   0.00000000e+00,   0.00000000e+00,          1.00000000e+00]])),{}]
["set_obj_matrix",('Mesh 1', array([[  2.92836908e-01,   9.56162405e-01,  -3.58621797e-17,         -2.94954371e+02],       [  9.56162405e-01,  -2.92836908e-01,  -1.17096128e-16,         -1.29840686e+02],       [ -1.22464685e-16,   0.00000000e+00,  -1.00000000e+00,          7.69949951e+01],       [  0.00000000e+00,   0.00000000e+00,   0.00000000e+00,          1.00000000e+00]])),{}]
["set_obj_matrix",('Mesh 1', array([[  2.95800070e-01,   9.55249872e-01,  -3.62250625e-17,         -2.95355523e+02],       [  9.55249872e-01,  -2.95800070e-01,  -1.16984375e-16,         -1.28925559e+02],       [ -1.22464685e-16,   0.00000000e+00,  -1.00000000e+00,          7.69949951e+01],       [  0.00000000e+00,   0.00000000e+00,   0.00000000e+00,          1.00000000e+00]])),{}]
["set_obj_matrix",('Mesh 1', array([[  3.00021801e-01,   9.53932345e-01,  -3.67420755e-17,         -2.95922812e+02],       [  9.53932345e-01,  -3.00021801e-01,  -1.16823024e-16,         -1.27618079e+02],       [ -1.22464685e-16,   0.00000000e+00,  -1.00000000e+00,          7.69949951e+01],       [  0.00000000e+00,   0.00000000e+00,   0.00000000e+00,          1.00000000e+00]])),{}]
["set_obj_matrix",('Mesh 1', array([[  2.95800070e-01,   9.55249872e-01,  -3.62250625e-17,         -2.95355523e+02],       [  9.55249872e-01,  -2.95800070e-01,  -1.16984375e-16,         -1.28925559e+02],       [ -1.22464685e-16,   0.00000000e+00,  -1.00000000e+00,          7.69949951e+01],       [  0.00000000e+00,   0.00000000e+00,   0.00000000e+00,          1.00000000e+00]])),{}]
["set_obj_matrix",('Mesh 1', array([[  3.04831470e-01,   9.52406308e-01,  -3.73310901e-17,         -2.96562998e+02],       [  9.52406308e-01,  -3.04831470e-01,  -1.16636139e-16,         -1.26123244e+02],       [ -1.22464685e-16,   0.00000000e+00,  -1.00000000e+00,          7.69949951e+01],       [  0.00000000e+00,   0.00000000e+00,   0.00000000e+00,          1.00000000e+00]])),{}]
["set_obj_matrix",('Mesh 1', array([[  3.36227846e-01,   9.41780673e-01,  -4.11760373e-17,         -3.00579958e+02],       [  9.41780673e-01,  -3.36227846e-01,  -1.15334874e-16,         -1.16225529e+02],       [ -1.22464685e-16,   0.00000000e+00,  -1.00000000e+00,          7.69949951e+01],       [  0.00000000e+00,   0.00000000e+00,   0.00000000e+00,          1.00000000e+00]])),{}]
["set_obj_matrix",('Mesh 1', array([[  3.32037037e-01,   9.43266349e-01,  -4.06628112e-17,         -3.00060208e+02],       [  9.43266349e-01,  -3.32037037e-01,  -1.15516817e-16,         -1.17560863e+02],       [ -1.22464685e-16,   0.00000000e+00,  -1.00000000e+00,          7.69949951e+01],       [  0.00000000e+00,   0.00000000e+00,   0.00000000e+00,          1.00000000e+00]])),{}]
["set_obj_matrix",('Mesh 1', array([[  3.23549741e-01,   9.46211163e-01,  -3.96234172e-17,         -2.98991983e+02],       [  9.46211163e-01,  -3.23549741e-01,  -1.15877452e-16,         -1.20251730e+02],       [ -1.22464685e-16,   0.00000000e+00,  -1.00000000e+00,          7.69949951e+01],       [  0.00000000e+00,   0.00000000e+00,   0.00000000e+00,          1.00000000e+00]])),{}]
["set_obj_matrix",('Mesh 1', array([[  3.12922734e-01,   9.49778586e-01,  -3.83219841e-17,         -2.97625220e+02],       [  9.49778586e-01,  -3.12922734e-01,  -1.16314336e-16,         -1.23595765e+02],       [ -1.22464685e-16,   0.00000000e+00,  -1.00000000e+00,          7.69949951e+01],       [  0.00000000e+00,   0.00000000e+00,   0.00000000e+00,          1.00000000e+00]])),{}]
["set_obj_matrix",('Mesh 1', array([[  3.04240406e-01,   9.52595284e-01,  -3.72587055e-17,         -2.96484677e+02],       [  9.52595284e-01,  -3.04240406e-01,  -1.16659282e-16,         -1.26307249e+02],       [ -1.22464685e-16,   0.00000000e+00,  -1.00000000e+00,          7.69949951e+01],       [  0.00000000e+00,   0.00000000e+00,   0.00000000e+00,          1.00000000e+00]])),{}]
["set_obj_matrix",('Mesh 1', array([[  3.01122871e-01,   9.53585348e-01,  -3.68769177e-17,         -2.96069944e+02],       [  9.53585348e-01,  -3.01122871e-01,  -1.16780530e-16,         -1.27276365e+02],       [ -1.22464685e-16,   0.00000000e+00,  -1.00000000e+00,          7.69949951e+01],       [  0.00000000e+00,   0.00000000e+00,   0.00000000e+00,          1.00000000e+00]])),{}]
["save_ply",('%s',),{}]