["add_plane",(),{}]
["set_obj_matrix",('Mesh 2', array([[ 8.68546644e-01, -2.26661408e-01, -4.40739530e-01,         1.04915390e+01],       [ 4.25767565e-01, -1.13926710e-01,  8.97631709e-01,        -2.20591316e+01],       [-2.53670472e-01, -9.67287605e-01, -2.44558549e-03,         0.00000000e+00],       [ 0.00000000e+00,  0.00000000e+00,  0.00000000e+00,         1.00000000e+00]])),{}]
["select_obj_name",('Mesh 1',),{}]
["set_obj_matrix",('Mesh 1', array([[ 9.92546208e-01, -1.20832357e-01,  1.58608325e-02,        -4.86840313e+01],       [-1.20023965e-01, -9.91766510e-01, -4.46479329e-02,         6.42253960e+01],       [ 2.11251575e-02,  4.24114565e-02, -9.98876867e-01,         3.31840038e+01],       [ 0.00000000e+00,  0.00000000e+00,  0.00000000e+00,         1.00000000e+00]])),{}]
["select_plane_mesh",(),{}]
["crop_selection",(),{}]
["set_obj_matrix",('Mesh 1', array([[ 2.47255779e-02,  8.24158792e-03,  9.99660303e-01,        -3.86068525e+01],       [-6.16075780e-01, -7.87387110e-01,  2.17295313e-02,         7.77011689e+01],       [ 7.87298723e-01, -6.16403776e-01, -1.43911586e-02,        -8.26158471e+00],       [ 0.00000000e+00,  0.00000000e+00,  0.00000000e+00,         1.00000000e+00]])),{}]
