["set_obj_matrix",('Mesh 1', array([[   0.72305896,   -0.45525633,    0.51954538,  -58.55655378],       [   0.29401773,    0.88340297,    0.36490103, -107.04253165],       [  -0.62509144,   -0.1110894 ,    0.77260587,    1.91564536],       [   0.        ,    0.        ,    0.        ,    1.        ]])),{}]
["select_obj_name",('Mesh 1',),{}]
["add_plane",(),{}]
["set_obj_matrix",('Mesh 2', array([[  0.92330314,   0.35240588,   0.15271345,  16.73334312],       [ -0.11823389,  -0.1175094 ,   0.98600826, -34.18131828],       [  0.36542038,  -0.92844043,  -0.06683048,   2.2068634 ],       [  0.        ,   0.        ,   0.        ,   1.        ]])),{}]
["select_obj_name",('Mesh 1',),{}]
["select_plane_mesh",(),{}]
["crop_selection",(),{}]
["set_obj_matrix",('Mesh 1', array([[ 6.57978989e-01, -5.74816681e-01,  4.86466271e-01,        -4.32814531e+01],       [ 4.78874204e-01,  8.17953428e-01,  3.18797251e-01,        -1.13315201e+02],       [-5.81156732e-01,  2.31942556e-02,  8.13461050e-01,        -1.33050453e+01],       [ 0.00000000e+00,  0.00000000e+00,  0.00000000e+00,         1.00000000e+00]])),{}]
["select_obj_name",('Mesh 1',),{}]
