["set_obj_matrix",('Mesh 1', array([[ 6.97124711e-02, -8.12278084e-01,  5.79089360e-01,         3.54587271e+01],       [-9.92728492e-01,  6.17288212e-04,  1.20373419e-01,         1.34284086e+02],       [-9.81341550e-02, -5.83270035e-01, -8.06328564e-01,         1.95053753e+02],       [ 0.00000000e+00,  0.00000000e+00,  0.00000000e+00,         1.00000000e+00]])),{}]
["select_obj_name",('Mesh 1',),{}]
["add_plane",(),{}]
["set_obj_matrix",('Mesh 2', array([[ 0.9966031 , -0.0782658 ,  0.02562659,  0.        ],       [-0.02906665, -0.04313531,  0.99864632,  0.        ],       [-0.07705444, -0.9959989 , -0.04526371,  0.        ],       [ 0.        ,  0.        ,  0.        ,  1.        ]])),{}]
["select_obj_name",('Mesh 1',),{}]
["set_obj_matrix",('Mesh 1', array([[ 6.97124711e-02, -8.12278084e-01,  5.79089360e-01,         5.17068540e+01],       [-9.92728492e-01,  6.17288212e-04,  1.20373419e-01,         2.12104062e+02],       [-9.81341550e-02, -5.83270035e-01, -8.06328564e-01,         1.95053753e+02],       [ 0.00000000e+00,  0.00000000e+00,  0.00000000e+00,         1.00000000e+00]])),{}]
["select_obj_name",('Mesh 1',),{}]
["select_plane_mesh",(),{}]
["crop_selection",(),{}]
