["set_obj_matrix",('Mesh 1', array([[-6.59957856e-01,  6.72680137e-01,  3.34599852e-01,        -7.24979564e+00],       [-6.37307824e-01, -7.37084383e-01,  2.24822930e-01,         8.34286624e+01],       [ 3.97862245e-01, -6.48694447e-02,  9.15148944e-01,        -6.14573109e+01],       [ 0.00000000e+00,  0.00000000e+00,  0.00000000e+00,         1.00000000e+00]])),{}]
["select_obj_name",('Mesh 1',),{}]
["add_plane",(),{}]
["set_obj_matrix",('Mesh 2', array([[ 0.99821599, -0.05682773, -0.01831535,  0.        ],       [ 0.05960912,  0.9660388 ,  0.2514275 ,  0.        ],       [ 0.00340528, -0.25207071,  0.96770283,  0.        ],       [ 0.        ,  0.        ,  0.        ,  1.        ]])),{}]
["set_obj_matrix",('Mesh 2', array([[ 9.63801564e-01, -2.66619316e-01,  8.27900656e-04,         2.15652847e+00],       [-3.84317722e-03, -1.07877175e-02,  9.99934425e-01,        -2.30029755e+01],       [-2.66592901e-01, -9.63741545e-01, -1.14218842e-02,         0.00000000e+00],       [ 0.00000000e+00,  0.00000000e+00,  0.00000000e+00,         1.00000000e+00]])),{}]
["select_obj_name",('Mesh 1',),{}]
["select_plane_mesh",(),{}]
["crop_selection",(),{}]
